0.00073
0.00925
0.00903
-0.00833
-0.03168
-0.0363
-0.02124
0.00877
0.03534
0.01958
-0.00332
-0.0338
-0.04399
-0.01217
0.02234
0.02402
0.00381
0.00721
-0.02535
-0.02235
0.02569
-0.01422
-0.02938
0.01806
-0.02269
-0.02393
0.04842
0.04475
0.0134
-0.05428
-0.09516
-0.03129
0.0274
0.01095
-0.01033
0.02144
-0.00868
-0.0064
0.02291
-0.05768
-0.04805
-0.00427
-0.00292
0.02159
0.00519
0.05304
0.06709
0.01193
-0.07412
-0.074
-0.0337
0.0094
0.0912
0.0388
-0.00307
-0.0545
-0.06106
0.02788
0.04536
0.00078
0.00133
-0.02339
-0.0402
0.03629
0.07289
0.06046
0.02571
-0.04322
-0.04884
0.02988
0.03686
-0.03034
0.03433
0.04602
-0.04529
-0.02194
0.0209
0.01796
0.02981
-0.02291
-0.08435
-0.03194
0.01565
0.19501
0.13592
-0.15031
-0.24873
-0.181
0.0574
0.21532
0.19662
-0.0897
-0.23556
-0.06751
0.09315
0.10318
0.10131
0.07077
-0.10637
-0.14456
-0.18152
-0.04325
0.12928
0.22163
0.06589
-0.1844
-0.00375
0.03838
-0.05548
-0.03742
-0.0295
0.11402
0.08441
-0.0244
0.09472
0.20373
0.12096
-0.13925
-0.17783
0.02631
0.14997
0.23919
0.17206
-0.14713
-0.22411
0.09853
0.19532
-0.11531
-0.18749
-0.07706
0.0248
0.12532
-0.00935
-0.00218
-0.03891
0.1285
0.33752
0.09404
0.01289
0.13909
0.15144
0.06135
-0.15979
-0.22214
-0.13614
0.09959
-0.01421
-0.08893
0.05219
-0.00343
0.03764
0.02759
-0.14118
-0.13386
-0.00178
0.05156
0.09302
0.00701
-0.04842
-0.03636
0.09945
0.0707
-0.10801
-0.03418
-0.02809
0.01682
0.03742
0.02119
0.03849
-0.04878
0.02155
-0.07485
-0.16051
0.04481
0.14605
0.05985
-0.05328
0.00463
-0.06467
-0.0916
0.07733
0.109
0.00176
-0.15293
-0.16371
0.00964
0.10481
0.17667
0.11766
-0.16385
-0.20114
0.03421
0.14118
-0.01182
-0.11327
-0.0017
0.10115
0.02627
-0.08063
-0.10087
-0.07097
-0.03309
-0.13233
-0.01157
0.04305
-0.02449
0.1282
0.08661
-0.13674
-0.17963
-0.04621
0.08212
0.01337
-0.02323
0.01
-0.01731
-0.00567
-0.02944
0.01398
0.07472
-0.00652
-0.06798
0.00566
0.06212
0.03076
-0.04491
-0.02727
0.07154
0.08981
0.08633
0.00714
-0.04348
0.06218
0.14659
0.11035
0.04161
0.11392
0.05525
-0.10733
-0.03977
0.01591
-0.00445
0.06883
-0.01507
-0.11527
-0.01491
0.02655
0.04591
0.08299
0.0617
0.02935
0.08291
0.0773
-0.00229
0.06497
0.03555
-0.06913
-0.07897
-0.11449
0.00057
-0.00088
-0.07824
0.00832
-0.03513
-0.14344
-0.10203
-0.0242
-0.16184
-0.26453
-0.1707
-0.04673
0.066
0.0709
-0.06952
-0.24102
-0.26322
-0.18646
-0.16824
-0.06139
-0.07158
-0.10468
-0.09329
0.02898
0.43468
0.60821
0.29815
-0.21666
-0.41995
-0.29006
0.04832
0.20924
0.44608
0.33581
0.13078
0.20301
-0.31253
-0.52428
-0.5863
-0.55403
-0.05034
0.31553
0.50342
0.41563
0.03999
-0.20256
-0.56844
-0.52489
0.20627
0.32759
-0.32074
-0.53995
0.03158
0.33992
0.49196
0.39473
-0.21902
-0.33003
0.2534
0.34367
0.0429
-0.22129
-0.45599
-0.42129
-0.22895
0.02655
0.09058
0.15033
0.46109
-0.03865
-0.56676
-0.33581
-0.09016
0.14127
0.41081
0.24054
0.05895
0.25416
0.0364
-0.00113
-0.09752
-0.27272
-0.14865
-0.08166
-0.07787
-0.2336
-0.27078
-0.19561
-0.14359
0.28503
0.50725
-0.13355
-0.30485
0.32722
0.44203
-0.06821
-0.34227
-0.06422
0.04941
-0.07409
-0.05716
0.09187
0.2015
0.22696
0.22257
0.28947
0.12828
-0.47478
-0.25682
0.60244
0.7205
0.51666
0.25861
-0.0889
-0.10684
0.19423
0.26439
-0.01395
-0.11458
-0.00302
-0.00165
-0.15504
-0.1913
-0.11172
0.11583
0.26371
0.12652
0.06477
-0.27279
-0.34083
0.02809
0.20681
0.16912
-0.10436
-0.26937
-0.23197
-0.00828
0.14653
0.02465
-0.17431
-0.22506
-0.01549
0.13931
0.1729
-0.0371
-0.18052
-0.13935
-0.17368
-0.13521
-0.12907
-0.06228
-0.29692
-0.48186
-0.09473
0.09437
-0.11953
-0.00155
0.39497
0.40488
0.41342
0.37688
0.10246
-0.0824
-0.15886
-0.10855
0.12235
0.15523
0.07108
0.12567
0.15049
0.35225
0.24572
-0.29987
-0.31248
0.12685
0.27529
-0.0285
-0.11601
0.10186
-0.0553
-0.2444
-0.41902
-0.30693
0.26483
0.42205
0.57421
0.63259
0.18165
-0.14853
-0.1086
0.19504
0.53613
0.6437
0.46612
0.25519
0.08234
-0.09889
0.15713
0.46491
-0.19942
-0.60571
-0.3648
-0.45836
-0.56927
-0.52813
-0.57558
-0.36688
0.07101
0.46158
0.49525
0.46091
0.69379
0.63218
0.41431
0.15719
-0.20857
-0.16047
0.11315
-0.32666
-0.58094
-0.21867
0.0119
0.2324
0.22668
-0.17115
-0.55807
-0.53089
-0.25944
-0.00959
0.22344
0.34202
0.23433
-0.15212
-0.48831
-0.62763
-0.80764
-0.82459
-0.74388
-0.4589
0.3298
0.31746
-0.38252
-0.32565
0.49905
0.48225
-0.51017
-0.37049
0.33078
0.05207
-0.24384
-0.55826
-0.58332
0.08099
0.2703
-0.25863
-0.44473
0.24397
0.32025
-0.49067
-0.26629
0.66012
0.88763
0.73808
0.64229
0.73278
0.71361
0.32563
-0.38339
-0.20524
0.3312
0.27724
0.59219
0.45897
-0.1614
-0.39087
0.06962
0.52068
0.67908
0.36212
-0.40547
-0.67024
-0.55264
-0.52596
0.00559
0.41322
-0.10953
-0.32281
-0.13208
0.33716
0.6724
0.75564
0.62578
0.20535
-0.20482
-0.33481
-0.40459
-0.23495
0.51129
0.03702
-0.41421
-0.1723
0.01428
0.22322
0.02627
0.02728
-0.2569
-0.15253
0.10553
0.1851
0.09922
-0.54615
-0.67192
-0.06189
-0.12654
-0.88967
-0.50159
0.29631
0.20992
0.20255
0.27224
0.4055
0.30239
-0.31887
-0.53888
-0.53947
-0.50219
-0.55057
-0.62552
-0.14143
0.29891
0.23898
-0.21118
-0.42508
-0.08772
-0.21243
-0.39784
-0.43898
-0.06104
0.36569
0.31719
0.43151
0.54391
0.22645
-0.01994
-0.11373
0.15468
0.34354
0.05469
-0.31695
-0.79693
-0.50786
-0.10157
-0.2211
-0.08251
-0.12831
-0.26411
0.21574
0.13443
-0.64784
-0.80734
-0.12907
0.18254
-0.28834
-0.0754
0.12915
0.05564
0.22517
0.34826
0.36294
0.14199
-0.09774
-0.14192
0.04031
0.16231
0.21872
0.22113
0.07097
-0.28307
-0.32856
0.28436
0.59534
0.53285
0.07805
-0.07702
0.27048
0.03421
0.20391
0.24597
-0.50338
-0.23976
0.21263
0.45616
0.70971
0.69011
0.50957
-0.14805
-0.45826
0.22528
0.26268
-0.23273
0.08451
0.35245
0.29062
-0.05823
-0.10211
0.36901
0.51258
0.35583
-0.18696
-0.29994
0.25893
0.34104
0.12799
-0.16187
-0.07572
0.2272
-0.16597
-0.33889
-0.2066
0.05002
0.25774
-0.04648
-0.34775
-0.42233
-0.23014
-0.06509
0.00768
0.14005
0.21098
0.29545
0.31927
0.12818
-0.07986
-0.2381
-0.23979
-0.08769
0.06619
0.09852
0.05662
0.20599
0.32046
0.29703
-0.07936
-0.39353
-0.03022
0.15588
-0.04659
-0.10445
-0.0445
-0.03114
-0.03269
-0.24048
-0.30963
0.00198
0.11384
-0.06014
-0.07647
-0.15241
-0.24435
-0.03043
0.01299
0.18308
0.24997
-0.18565
-0.58473
-0.59696
-0.37274
-0.31331
-0.20907
0.14169
0.3452
0.24448
-0.19484
-0.44171
-0.17997
0.14075
0.33476
0.15512
-0.13202
-0.29353
-0.49368
-0.34451
-0.19767
-0.35886
-0.32765
-0.03774
0.11028
0.29146
0.28445
-0.06708
0.08465
0.01587
-0.49151
-0.51661
0.1004
0.25048
-0.19917
0.17222
0.37228
0.06461
-0.19134
-0.21509
0.31679
0.41214
0.29558
0.26197
-0.5301
-0.47128
0.36379
0.03021
-0.22364
0.1344
-0.06067
-0.1947
-0.03801
0.0774
0.16571
0.11535
0.17771
0.22011
0.12571
0.06605
0.04605
0.13046
0.17131
0.02339
0.01093
0.20012
0.22527
-0.01849
0.00354
0.22605
-0.01811
-0.15002
0.00301
0.16792
0.25672
0.30326
0.35193
0.38405
0.25089
-0.09441
-0.12162
0.06022
0.10898
0.05037
0.04481
0.14
0.1495
0.05875
-0.02752
-0.12184
-0.11449
-0.01214
0.02933
-0.03719
-0.20325
-0.31639
-0.31213
-0.06777
0.17665
0.31523
0.2118
-0.22071
-0.47948
-0.34679
0.02357
0.14299
0.09039
-0.15241
-0.30917
-0.04208
0.18476
0.36202
0.49126
0.29375
-0.17674
-0.52932
-0.51123
-0.20657
-0.00406
0.08061
0.12632
0.13852
0.2409
0.1574
-0.15275
-0.07862
0.21897
0.23518
0.1276
0.02461
-0.0389
-0.01317
0.15304
0.21542
0.09458
-0.02552
-0.13073
-0.09758
0.04059
0.11596
0.13943
0.08857
-0.02794
-0.06693
-0.05394
-0.07604
0.01867
0.13794
0.22156
0.16307
-0.08246
-0.27805
-0.21642
0.03202
0.15979
0.2164
0.20687
0.02096
-0.1947
-0.35457
-0.28766
-0.01493
0.14178
0.12762
-0.00616
-0.15195
-0.33661
-0.23964
0.02439
0.07969
0.05893
0.00357
-0.02154
-0.12458
-0.08769
0.11282
0.11698
0.10359
0.10828
-0.02295
-0.19898
-0.27498
-0.17215
-0.02123
0.03814
0.04348
-0.00486
-0.1737
-0.16237
-0.02204
0.04773
0.12527
0.09491
-0.08428
-0.06471
0.13474
0.06329
-0.02575
0.04081
0.00218
-0.02756
-0.02057
-0.05053
-0.00629
0.07747
0.08918
0.08693
0.05874
-0.03015
-0.07694
0.00128
0.09109
0.06397
0.01247
-0.05729
-0.06584
-0.04258
0.04402
0.13967
0.13269
-0.00656
-0.16982
-0.16212
-0.02754
0.10748
0.20758
0.20218
0.13101
-0.03104
-0.10151
-0.03153
-0.03287
-0.0574
0.01191
0.02204
-0.1137
-0.09155
-0.06104
-0.01454
0.13168
0.07109
-0.00276
-0.14136
-0.15136
0.08582
0.13694
0.19693
0.27741
0.06163
-0.18365
-0.24657
-0.28997
-0.18735
0.192
0.21791
-0.02331
-0.15436
-0.11764
0.00489
0.00762
-0.00542
0.03687
0.08133
0.04283
-0.00214
-0.20104
-0.11451
0.11304
0.10884
0.09154
-0.109
-0.11433
-0.04147
-0.07845
-0.00139
0.01524
0.09033
0.08953
-0.03176
-0.08418
-0.06525
-0.01969
-0.05424
-0.01135
0.02685
0.02533
0.05084
0.00888
-0.04684
-0.12977
-0.13314
-0.04166
-0.03096
-0.07381
-0.13753
-0.11104
-0.10298
-0.15074
-0.04567
0.04585
-0.00351
-0.16683
-0.16371
-0.01579
-0.02952
-0.06664
-0.0089
0.00882
0.02153
0.09975
0.08802
-0.05112
-0.09967
0.0004
0.07651
0.07343
0.01163
-0.04807
-0.02818
0.00465
-0.00951
-0.03627
-0.10436
-0.19447
-0.11463
0.05552
-0.05987
-0.12078
-0.0271
0.02772
0.09396
0.11839
0.11331
0.1267
0.15628
0.15098
0.07433
-0.00686
0.00733
0.10201
0.09974
0.01472
-0.12358
-0.13921
0.06093
0.12423
0.07943
0.0066
-0.028
-0.05476
-0.12663
-0.08394
-0.00607
0.00384
0.00777
0.09873
0.11954
0.00067
-0.0919
-0.09321
0.02776
0.10258
0.10308
0.04345
0.01331
0.08674
0.05434
-0.07049
-0.0464
0.06765
0.11052
0.07103
0.02112
0.02119
0.02451
0.0616
0.06919
0.00471
0.00013
-0.00574
-0.11123
-0.12433
-0.01226
0.08754
0.17914
0.11906
-0.07953
-0.12961
-0.13805
-0.11301
-0.00392
0.04701
0.01073
-0.03652
0.00529
0.08965
0.10479
0.00044
-0.0845
-0.06365
0.04524
0.06411
0.02226
0.03724
0.00667
-0.04285
-0.0164
0.08195
0.14925
0.10711
0.03291
0.02134
0.01234
0.07105
0.10226
0.05366
0.01785
-0.00054
0.01377
-0.01753
-0.09007
-0.11436
-0.05048
0.02364
0.09659
0.11078
0.05519
-0.06218
-0.15191
-0.07916
-0.01009
0.04917
0.10312
0.07731
0.00233
-0.07686
-0.072
0.02555
0.02493
-0.03257
0.03888
0.18275
0.19247
0.07729
-0.03141
-0.13329
-0.10668
0.03072
0.07721
0.09398
0.0713
-0.05612
-0.21602
-0.23838
-0.14515
-0.16693
-0.10326
0.07747
0.17087
0.16032
-0.05885
-0.21782
-0.18763
-0.16139
-0.02061
0.12871
0.21221
0.15211
-0.03729
-0.11948
-0.05379
0.06391
0.01403
-0.01814
-0.01653
-0.02832
0.0698
0.15098
0.12231
0.06015
0.07847
0.06151
0.04794
0.0571
0.06626
0.0619
-0.0192
-0.09162
-0.09836
0.00351
0.02227
-0.04036
-0.08761
-0.08791
0.00006
0.08751
0.14729
0.05717
-0.12204
-0.23737
-0.22743
-0.05415
0.08579
0.18878
0.20427
0.06679
-0.04329
-0.13746
-0.11723
0.07219
0.18777
0.27238
0.18552
-0.0376
-0.21025
-0.21637
-0.07996
-0.10195
-0.05185
0.08022
0.02102
-0.08961
0.0234
0.13813
0.11344
0.09137
0.01819
-0.09005
-0.05771
-0.06247
-0.06266
0.05938
0.16802
0.19251
0.1652
0.09884
-0.07817
-0.07636
0.06394
0.02684
0.01465
0.02855
-0.01102
0.00016
-0.02387
-0.01638
0.02974
0.02198
0.00851
0.00583
0.03774
-0.0121
-0.11313
-0.09882
0.00714
0.01097
0.00137
-0.0292
-0.077
0.02101
0.10219
0.22655
0.12112
-0.26519
-0.44607
-0.33134
-0.0599
0.12352
0.26685
0.21767
0.01352
-0.10527
-0.08785
0.00838
0.00271
0.02107
0.0285
0.01301
0.08276
0.15154
0.13798
0.0426
0.02606
-0.01773
-0.19866
-0.15345
0.05232
0.17501
0.03025
-0.32294
-0.28455
-0.01692
0.11773
0.22447
0.20346
0.00677
-0.15465
-0.29055
-0.34877
-0.17502
-0.03975
0.122
0.14949
-0.13479
-0.28061
-0.32955
-0.19022
0.14988
0.31423
0.28503
0.12896
-0.0348
-0.06859
0.03698
0.03765
-0.01793
-0.04571
-0.03845
-0.10392
0.01471
0.21106
0.03781
0.05184
-0.03215
-0.09981
0.08621
0.11451
0.09442
0.09737
0.04922
-0.03351
-0.0838
-0.02958
-0.01014
-0.02177
-0.00816
-0.00228
-0.01039
-0.02905
-0.06131
-0.11225
-0.11241
-0.02194
0.13978
0.10138
-0.06615
-0.04738
0.05777
0.01334
0.01168
0.04588
0.01153
0.01565
-0.03146
-0.02896
0.07553
0.04275
-0.0031
-0.04555
-0.00664
0.26883
0.09254
-0.36088
-0.29835
0.00257
0.0466
0.01105
0.04702
-0.02163
-0.07816
0.05312
0.08564
-0.00469
-0.00173
0.09
0.06835
-0.07288
-0.05139
-0.0336
0.00096
0.02044
-0.01127
-0.07827
-0.03547
0.0873
0.14736
0.10298
-0.03571
-0.12545
0.00238
0.19047
0.23172
-0.02222
-0.38343
-0.30952
-0.1594
-0.13331
-0.09136
0.03636
0.05425
-0.09476
-0.2286
-0.23781
-0.06193
-0.0274
0.04577
0.25132
0.28918
0.16784
-0.00178
0.00128
0.06705
0.05309
-0.02611
-0.09799
-0.05634
0.0477
0.05294
-0.05292
-0.07862
0.05768
0.06685
-0.05386
-0.10518
-0.16365
-0.20115
-0.09157
0.18298
0.15652
-0.00941
0.0424
0.04709
0.07108
0.09462
0.14169
0.15202
0.1081
0.09235
0.04831
-0.01822
-0.04846
-0.00627
0.04102
0.08315
0.1371
0.083
-0.10713
-0.23851
-0.17527
-0.00103
0.01533
-0.00704
0.0737
0.10799
0.07415
-0.01181
-0.11398
-0.15646
-0.08096
-0.03475
0.0538
0.21639
0.2867
0.21081
0.0108
-0.11781
-0.21848
-0.13685
0.06808
0.01801
-0.12717
-0.09813
0.02543
0.03894
-0.03632
-0.0279
-0.05971
-0.10922
-0.07374
-0.1319
-0.09033
0.03013
-0.0073
-0.11278
-0.02811
0.1373
0.19446
0.05463
-0.33221
-0.43235
-0.26529
-0.1364
0.01401
0.12728
0.16972
0.24565
0.20742
0.01354
-0.16612
-0.16812
-0.02892
0.01156
0.07516
0.02746
0.03458
0.11486
0.08525
0.09109
0.1167
0.00511
-0.1213
0.0168
0.09937
0.06995
0.05571
0.01932
-0.09123
-0.07863
0.02551
-0.01679
-0.01888
0.06113
0.07442
0.02309
0.00036
-0.02935
-0.03586
0.0473
0.14745
0.13317
-0.01879
-0.12772
-0.07259
0.06912
0.14162
0.0949
-0.01336
-0.08433
-0.03351
0.09723
0.09531
0.00679
-0.06945
-0.13871
-0.09349
0.05681
0.17916
0.16479
0.04641
-0.03554
0.01864
0.12748
0.14625
0.11599
0.03344
-0.00568
-0.00479
-0.05818
-0.02437
0.1064
0.12916
0.02055
-0.07949
-0.07409
0.00264
-0.00194
-0.13174
-0.12383
0.03287
0.06822
0.04576
-0.02914
-0.05807
-0.02132
-0.05511
-0.09574
-0.14836
-0.11925
-0.01855
0.06532
0.1992
0.27026
0.09648
-0.21236
-0.18511
0.09072
0.24206
0.20404
0.02398
-0.09104
-0.15104
-0.07885
0.16406
0.09064
-0.24108
-0.38647
-0.24455
-0.0204
-0.00531
-0.06182
-0.06313
0.09937
0.2406
0.19143
0.08127
0.00696
0.00208
0.09935
0.18544
0.25017
0.21395
0.08959
-0.00936
-0.06939
0.01747
0.12348
0.19898
0.09663
-0.19487
-0.43123
-0.42548
-0.20393
-0.0535
0.01861
0.05309
-0.04006
-0.26559
-0.29629
-0.05708
0.0871
0.26278
0.44208
0.30806
0.15626
0.1038
0.12664
0.22416
0.24055
0.228
0.00047
-0.43426
-0.11951
0.0746
-0.47994
-0.44889
-0.15338
0.12062
0.38544
0.08819
-0.03347
0.07252
0.05162
0.11223
-0.05737
0.14585
0.33657
0.15935
-0.17999
-0.2664
-0.05095
0.10158
0.19473
0.10294
-0.21035
-0.23665
0.03326
0.16285
0.173
0.04636
-0.05876
-0.08094
-0.05513
-0.08577
-0.13833
-0.17209
-0.28018
-0.29166
-0.23133
-0.10693
0.06251
0.1811
0.32298
0.38192
0.35893
0.24563
-0.00301
-0.15942
-0.20812
-0.12
-0.1089
-0.11966
0.03822
0.16969
0.27186
0.22642
-0.0721
-0.28943
-0.34798
-0.31294
-0.22497
-0.19803
-0.12672
-0.06189
-0.00008
0.06682
0.06903
0.09686
0.08905
-0.07472
-0.16633
-0.22056
-0.24222
-0.24091
-0.17865
0.08447
0.23554
0.06486
-0.27662
-0.31359
-0.09498
0.07437
0.18455
0.13559
-0.09748
-0.10568
0.09432
0.0499
0.05336
0.11712
0.0548
-0.03456
-0.13182
-0.23256
-0.22113
-0.06995
0.053
0.1499
0.11987
-0.06415
-0.12953
-0.01428
0.02782
0.03921
0.05282
-0.05434
-0.08027
0.00597
0.05201
0.07231
0.11214
0.09793
0.02065
-0.02349
-0.04994
-0.02741
0.0453
0.02445
-0.06783
-0.02845
0.09472
0.12814
0.10033
0.00432
-0.08642
-0.03166
0.10704
0.12894
0.08995
0.08083
0.01234
-0.07263
-0.05316
0.05572
0.02862
-0.04209
-0.05466
-0.15646
-0.12009
-0.00479
0.0368
0.11102
0.0284
-0.0368
0.01188
-0.03569
-0.13576
-0.12585
-0.01782
0.06808
0.09763
0.13657
0.13704
0.06342
0.02903
0.03379
0.08747
0.10152
0.06903
0.09389
0.10406
0.10463
0.12797
0.1668
0.04653
-0.18784
-0.31787
-0.33108
-0.16827
-0.05112
0.00801
0.07651
0.0973
0.02849
-0.01662
0.09243
0.22634
0.18597
0.01673
-0.00282
0.04754
-0.01656
-0.08794
-0.05906
-0.02821
-0.06124
-0.05435
-0.09175
-0.01055
0.22368
0.32613
0.20375
-0.03417
-0.14602
-0.13885
-0.03279
0.06171
0.12689
0.13226
0.05304
0.00993
0.11763
0.18607
0.05083
-0.05021
-0.07689
-0.00861
0.0237
0.00325
0.07614
0.15966
0.17998
0.07615
-0.04902
-0.13795
-0.17941
-0.20081
-0.19309
-0.03517
0.10737
0.19895
0.13362
-0.08096
-0.21
-0.1673
0.01923
0.03706
-0.05791
-0.07817
-0.05929
0.07778
0.19434
0.14562
-0.01139
-0.15335
-0.17264
-0.02425
0.0711
0.08031
0.03014
-0.06844
-0.1139
-0.06511
0.01462
0.03525
0.0393
0.11258
0.03657
-0.19126
-0.19939
0.0001
0.07807
-0.02073
-0.13292
-0.10414
0.01889
0.09859
0.08368
-0.0714
-0.09795
0.05634
0.15573
0.13132
0.03971
-0.03624
-0.13236
-0.15428
-0.14651
-0.16496
-0.1743
-0.12069
0.07061
0.18114
0.10816
-0.05305
-0.1547
-0.16554
-0.11189
-0.0638
-0.05082
-0.05331
-0.01771
0.03615
0.09802
0.14995
0.12693
0.01472
-0.06545
-0.08754
-0.08865
0.02874
0.10512
0.10239
0.07621
0.0956
0.11321
0.05052
0.04149
0.07073
-0.01456
-0.06486
0.01554
0.01065
-0.04775
-0.0048
0.05122
0.07005
0.06289
0.11293
0.13467
0.03709
-0.04771
-0.06362
0.01874
0.02492
-0.06483
-0.10158
-0.07514
0.03614
0.08301
-0.03323
-0.10453
-0.03486
0.00197
-0.05518
-0.05008
0.07113
0.17332
0.13191
-0.02407
-0.0884
0.01169
0.10713
0.07309
-0.00911
-0.09346
-0.11741
-0.08136
-0.07874
-0.04324
-0.04184
-0.03455
0.0187
0.06609
0.04612
-0.06422
-0.0591
0.04235
0.07555
0.04083
0.0546
0.07138
0.02528
0.06077
0.08369
0.00703
-0.0226
0.05766
0.08151
-0.00688
-0.12743
-0.13554
-0.06904
-0.00281
0.10461
0.20249
0.20396
0.05518
-0.02819
-0.08106
-0.10264
-0.03374
-0.10034
-0.12522
0.02514
0.14869
0.11761
-0.07516
-0.26538
-0.22364
0.01576
0.14268
0.15917
0.06068
-0.14374
-0.12622
0.04719
0.14853
0.14857
0.00272
-0.17931
-0.22366
-0.05363
0.03797
0.09212
0.07032
-0.06885
-0.15193
-0.12803
-0.02918
-0.02077
0.03608
0.12062
0.10246
-0.00017
-0.08454
-0.04379
0.04204
0.04529
0.05066
0.07802
0.09802
0.00525
-0.0169
0.13024
0.15891
-0.00339
-0.18845
-0.21326
-0.08319
0.00304
0.04933
0.0754
0.02803
-0.12329
-0.13285
0.09359
0.13019
-0.00896
-0.05578
0.00803
0.04415
0.03888
-0.0034
-0.04878
-0.04077
-0.06939
-0.08889
-0.03994
-0.02855
-0.0439
-0.06814
-0.08106
-0.01016
0.03392
0.01734
-0.06839
-0.05735
0.0726
0.06637
-0.04169
-0.04969
0.03583
0.07458
0.05138
0.02417
0.03327
0.03525
-0.01177
-0.00128
0.0359
0.0258
0.00199
0.04299
0.05378
0.04668
0.01994
-0.10974
-0.13607
-0.04661
0.00473
0.0484
0.03303
-0.02511
0.01537
0.06614
0.08199
0.11922
0.10723
-0.01844
-0.10262
-0.0729
0.02936
0.10573
0.13358
0.11123
-0.0147
-0.06774
-0.0086
-0.01946
-0.0164
0.07973
0.0835
-0.04817
-0.08496
-0.03702
-0.04184
-0.03137
0.00012
-0.0202
-0.07674
-0.09715
-0.07949
-0.02689
0.01778
0.05012
0.03193
-0.09282
-0.10117
0.05916
0.11786
0.07142
0.03429
-0.04012
-0.05712
0.02552
0.06359
0.06759
0.04479
0.01344
-0.00578
-0.02727
-0.02593
-0.00714
0.01338
0.04709
0.05881
0.021
-0.04426
-0.06002
-0.01439
0.00125
0.00939
0.00932
-0.00603
-0.01228
-0.00374
-0.01663
-0.02428
-0.00364
0.01028
0.02977
0.03516
0.01847
-0.00595
-0.02577
-0.00028
0.04596
0.05833
0.02748
-0.02387
-0.04022
-0.00514
0.02739
0.03541
0.01323
-0.02155
-0.03778
-0.02405
-0.00915
0.00122
0.00179
-0.02016
-0.02571
-0.00764
0.00426
0.00458
-0.01346
-0.01999
0.00256
0.00454
-0.01083
-0.00736
0.00134
-0.01213
-0.01814
-0.00503
0.00435
-0.00042
-0.02113
-0.03544
-0.02585
0.00133
0.01286
0.00759
-0.00832
-0.02668
-0.0226
-0.00306
0.00388
0.00136
0.00228
-0.00548
-0.01108
-0.00492
0.0004
0.00111
-0.00407
-0.00632
-0.00012
0.00467
0.0045
0.00105
-0.00185
-0.00429
-0.00452
-0.00046
0.00264
0.00248
-0.00065
-0.00378
-0.00313
0.00029
0.0022
0.00078
-0.00219
-0.00413
-0.00358
-0.00239
-0.00236
-0.00164
-0.0014
-0.0025
-0.00341
-0.00348
-0.00262
-0.00226
-0.00272
-0.0028
-0.0022
-0.00176
-0.00187
-0.00224
-0.00223
-0.0021
-0.00197
-0.00186
-0.00179
-0.00171
-0.00292
0
0
0
0
0
0
0
0
0
0
0
0
0
0
0
0
0
0
0
0
0
0
0
0
0
0
0
0
0
0
0
0
0
0
0
0
0
0
0
0
0
0
0
0
0
0
0
0
0
0
0
0
0
0
0
0
0
0
0
0
0
0
0
0
0
0
0
0
0
0
0
0
0
0
0
0
0
0
0
0
0
0
0
0
0
0
0
0
0
0
0
0
0
0
0
0
0
0
0
0
0
0
0
0
0
0
0
0
0
0
0
0
0
0
0
0
0
0
0
0
0
0
0
0
0
0
0
0
0
0
0
0
0
0
0
0
0
0
0
0
0
0
0
0
0
0
0
0
0
0
0
0
0
0
0
0
0
0
0
0
0
0
0
0
0
0
0
0
0
0
0
0
0
0
0
0
0
0
0
0
0
0
0
0
0
0
0
0
0
0
0
0
0
0
0
0
0
0
0
0
0
0
0
0
0
0
0
0
0
0
0
0
0
0
0
0
0
0
0
0
0
0
0
0
0
0
0
0
0
0
0
0
0
0
0
0
0
0
0
0
0
0
0
0
0
0
0
0
0
0
0
0
0
0
0
0
0
0
0
0
0
0
0
0
0
0
0
0
0
0
0
0
0
0
0
0
0
0
0
0
0
0
0
0
0
0
0
0
0
0
0
0
0
0
0
0
0
0
0
0
0
0
0
0
0
0
0
0
0
0
0
0
0
0
0
0
0
0
0
0
0
0
0
0
0
0
0
0
0
0
0
0
0
0
0
0
0
0
0
0
0
0
0
0
0
0
0
0
0
0
0
0
0
0
0
0
0
0
0
0
0
0
0
0
0
0
0
0
0
0
0
0
0
0
0
0
