0.00294
0.0096
0.01247
0.00523
0.00014
0.00366
0.01679
0.01599
-0.00787
-0.01371
0.00481
0.01327
0.00715
-0.0085
-0.00403
0.0066
-0.00834
-0.00582
-0.01572
-0.00833
0.00372
0.00539
0.00789
-0.00817
0.02218
0.02521
-0.01849
-0.01299
0.00357
-0.00934
-0.00715
-0.00444
0.01346
0.01024
-0.00347
-0.01186
-0.03538
0.00676
0.02484
-0.00153
0.00087
0.00388
0.00899
-0.0016
-0.0063
-0.0127
-0.01107
-0.02018
-0.01806
-0.00818
0.02635
0.01907
-0.01788
-0.00671
-0.01988
-0.014
0.01933
0.02715
-0.00521
-0.00243
0.01923
0.00152
0.01279
0.01557
0.004
-0.02294
-0.01943
-0.04937
-0.03402
0.01345
0.00228
0.03986
-0.01187
-0.04863
0.02859
0.00959
-0.02274
-0.01691
-0.0219
0.02504
0.0399
0.03678
-0.0407
-0.05239
0.00229
-0.00353
0.01898
-0.00575
0.00068
-0.01486
-0.00589
0.00492
-0.00475
0.04448
0.02638
0.02151
-0.03773
-0.09464
0.02569
0.10175
0.05808
0.01007
-0.01737
-0.06228
-0.0801
-0.01427
0.07183
0.0211
-0.07314
0.01819
0.05618
-0.0132
-0.0378
-0.03619
-0.04261
0.00098
0.03154
0.01945
0.01094
-0.07149
-0.08372
0.00429
0.07278
0.06125
-0.06225
-0.05657
0.02001
-0.00025
0.00826
-0.00736
0.04864
0.06779
0.04109
0.01549
-0.03961
0.03321
0.043
0.03572
-0.0374
-0.10361
0.00225
0.01362
-0.06924
-0.03612
0.01359
0.01303
0.02056
0.05334
-0.0257
-0.07267
0.01328
0.07045
0.0402
-0.0486
-0.07565
0.03068
0.09609
0.00952
0.01164
-0.03572
-0.08645
0.02296
0.02573
-0.00346
-0.00762
0.01718
0.08874
0.04407
0.03915
-0.06963
-0.04536
0.04618
-0.01594
-0.02166
-0.0399
-0.05153
-0.0221
0.08629
0.01472
-0.07289
-0.04666
-0.01599
0.03185
0.03953
0.0436
0.04966
0.02933
0.03105
-0.00048
-0.03154
0.00031
0.03685
0.04139
0.0105
-0.02475
-0.00592
-0.01083
-0.00251
0.03853
0.05419
-0.00059
-0.0059
0.00923
0.02888
-0.02159
-0.03397
0.06028
0.07136
-0.02444
-0.08604
-0.04142
0.03086
0.02889
0.00746
0.00097
-0.06076
-0.00302
0.0808
0.06508
0.03229
0.0618
0.02255
-0.02267
-0.05076
-0.04744
0.01653
0.0096
0.06098
0.0606
-0.02697
-0.03905
-0.0086
0.02477
0.00493
-0.01688
-0.03253
-0.02261
-0.00758
-0.02032
0.02719
0.05516
0.06354
0.03911
0.02351
0.0046
-0.0323
-0.05165
0.00337
0.03977
0.05982
0.07724
0.0484
0.00272
-0.03946
-0.09033
-0.04434
0.0436
0.04242
-0.01274
0.02474
0.04502
-0.04987
-0.07798
-0.03328
-0.04472
-0.06161
-0.03703
0.01567
0.04524
0.05415
0.03913
-0.01458
-0.1073
-0.17783
-0.15566
-0.05527
0.07714
0.03603
0.00743
0.01962
0.03874
0.01285
-0.20581
-0.28078
-0.07717
0.09483
0.16659
0.15656
-0.14936
-0.44069
-0.49035
-0.32963
-0.22838
-0.19878
-0.07112
0.02183
0.0995
0.36659
0.39796
0.19361
0.08486
-0.008
0.10843
0.26985
0.45599
0.54599
0.33476
0.03468
-0.1161
-0.2219
-0.62786
-0.77944
-0.70262
-0.58521
-0.15836
0.01648
0.0508
0.19101
0.37396
0.57485
0.61393
0.58918
0.55473
0.33113
-0.08981
-0.47358
-0.72734
-0.63857
-0.07107
0.41517
0.39037
0.30809
0.08614
-0.14038
0.12628
0.23537
0.1441
0.1581
0.24754
0.18472
0.28445
0.31193
0.24875
0.09643
-0.22199
-0.5164
-0.70903
-0.51
-0.14137
0.15678
0.06925
0.07939
0.18762
-0.03457
0.06089
0.13824
-0.00388
-0.13008
0.20356
0.25395
-0.03063
-0.01952
-0.20803
-0.2988
-0.21692
-0.16608
0.05283
0.10389
0.06725
0.06073
-0.04152
0.06763
-0.03356
-0.10542
0.01637
0.01113
0.03144
0.05083
0.05997
0.02394
0.04889
0.23064
0.24689
0.08454
0.05036
-0.09924
-0.26417
-0.18884
0.06698
0.10677
0.01253
0.14652
0.08664
-0.12161
-0.04663
-0.08218
-0.28367
-0.24951
-0.06912
0.0155
0.07306
0.10858
-0.07336
-0.25669
-0.13717
-0.09207
-0.06572
0.00821
-0.06718
0.05552
0.17553
0.14338
-0.09629
-0.26366
-0.21001
-0.17746
-0.15863
-0.12158
0.07361
0.101
-0.08346
-0.13645
0.12666
0.27447
-0.01603
-0.08846
0.01208
0.02051
0.04504
-0.08207
-0.13067
-0.02937
-0.07583
-0.21084
-0.21696
-0.14565
0.38124
0.50999
0.06103
-0.12129
-0.16088
-0.08455
0.15966
0.16939
0.14885
0.43628
0.42299
0.10059
-0.23039
-0.26474
-0.02708
0.32825
0.04875
-0.5151
-0.20921
-0.11031
-0.06409
0.001
0.29351
0.56347
0.47273
0.48386
0.31373
0.14483
-0.05481
-0.10707
-0.0976
-0.16003
-0.26944
-0.51976
-0.58596
-0.46861
0.16193
0.38941
0.29418
0.56045
0.56164
0.07609
-0.48139
-0.47562
0.03057
-0.17143
-0.36912
0.23464
0.07774
0.19888
-0.045
-0.55042
-0.04199
-0.39566
-0.47861
0.23883
0.38572
0.33355
0.199
-0.40588
-0.63343
-0.22769
0.07655
0.55722
0.19799
-0.78687
-0.55425
-0.0952
-0.25769
-0.316
0.0214
0.04525
0.13531
0.32567
0.30574
0.27999
0.07663
-0.36492
-0.3382
0.49014
0.24101
-0.33301
-0.08662
-0.20367
0.13952
-0.03039
-0.23264
0.24442
0.27365
-0.0158
-0.28708
-0.39849
-0.54881
-0.42972
-0.01469
0.24331
0.25238
-0.0641
-0.25969
0.0272
0.03198
-0.14046
0.24636
0.37966
0.1185
-0.15643
-0.197
0.24789
0.65239
0.99996
0.91604
0.21178
-0.21016
-0.3634
-0.56651
-0.28316
0.52784
0.68766
0.51603
0.77027
0.49864
-0.31211
-0.52053
-0.55862
-0.51131
0.16814
0.32359
-0.04527
0.12497
-0.11408
-0.56722
-0.71337
-0.57776
-0.45343
-0.40585
0.25129
0.56665
0.10128
0.29535
0.57186
0.17694
0.0031
0.36708
0.3381
0.06055
0.41017
0.41122
0.19338
0.25898
0.21783
0.29069
0.17077
0.10532
0.1384
0.10676
0.13396
0.11814
0.0657
0.06562
0.18157
0.06373
0.00231
-0.09145
-0.2561
-0.27442
-0.20946
-0.19791
-0.29126
-0.43819
-0.43663
-0.46224
-0.2239
0.30924
0.4158
0.3655
0.04738
-0.38387
-0.54479
-0.20384
0.14571
0.29442
0.2779
0.28343
0.22919
0.09431
0.05603
0.06313
0.22955
0.05726
-0.18055
-0.33676
-0.35281
-0.07375
-0.00198
-0.18536
-0.22517
-0.17957
-0.10792
0.21895
0.15801
-0.33274
-0.45004
-0.39
-0.49141
-0.42118
-0.11481
0.1788
0.23727
0.13661
0.29649
0.3426
0.26246
0.29302
-0.00013
-0.2262
-0.08209
-0.25238
-0.31019
-0.06726
-0.10973
-0.01914
0.03827
-0.06041
-0.05936
-0.22677
-0.28687
-0.16913
-0.13366
0.11777
0.26735
0.17298
0.1731
-0.0034
-0.28522
-0.26176
-0.1516
-0.21032
0.13282
0.56077
0.52691
0.40559
0.63644
0.22616
-0.58051
-0.15491
0.06945
-0.11577
0.07297
-0.15314
-0.2953
0.00653
0.09378
0.17094
0.30831
-0.05819
-0.23667
-0.02112
0.0063
-0.08894
-0.15894
-0.24923
-0.10658
-0.05006
-0.08811
0.12865
0.18557
0.19976
0.20743
-0.0162
-0.0806
0.04024
0.02169
0.1561
0.39161
0.1106
-0.08734
-0.08369
-0.19682
-0.2058
-0.08835
0.02086
0.04099
0.03097
0.02889
0.01713
0.12128
0.16356
0.10777
0.10548
0.0197
-0.06366
-0.09758
-0.14957
-0.19697
-0.15571
-0.01635
0.05858
0.01291
-0.16486
-0.34755
-0.46734
-0.47985
-0.30109
0.04607
0.46115
0.50946
0.36237
0.45468
0.33199
-0.14866
-0.23873
-0.07111
-0.18618
-0.12368
0.03164
0.04459
-0.00608
-0.10974
-0.04866
0.08397
0.16616
0.02471
-0.34753
-0.01825
0.12415
-0.38244
-0.16601
0.0546
-0.1663
-0.16121
-0.0092
-0.2157
-0.27803
-0.22487
-0.20779
0.19335
0.27797
0.07219
-0.04428
-0.04478
0.05584
0.17286
0.23191
0.14774
-0.02046
-0.11856
-0.0357
0.1441
0.15207
0.12214
-0.0039
-0.09534
-0.01008
-0.03106
-0.09421
-0.10595
-0.03227
0.0217
-0.03124
-0.04435
0.03686
0.07119
0.0455
0.046
0.04526
0.08741
0.08779
0.02825
0.01438
0.0067
-0.01955
0.00653
0.00252
-0.03357
0.02662
0.01141
-0.06432
-0.02675
-0.00262
-0.01958
0.02313
0.04386
0.03248
0.03627
-0.00705
-0.05932
-0.04172
-0.00468
-0.01147
0.06152
0.08393
0.08786
0.11878
0.04474
0.08014
0.10326
0.04499
-0.01322
-0.02236
0.08137
0.18123
0.19112
0.17106
0.13302
-0.02965
-0.11281
-0.10274
-0.0673
-0.03781
-0.09139
-0.08629
-0.09179
-0.09662
-0.03535
0.03962
0.05745
0.07671
0.05324
0.02568
0.00488
-0.02476
0.03914
0.03824
-0.01331
-0.00836
-0.03982
-0.01854
0.01323
0.01721
0.0778
0.07119
0.01272
0.06046
0.07437
0.04344
0.10629
0.12418
0.04206
-0.05067
-0.08444
-0.04576
-0.03083
-0.05207
-0.02687
0.04486
0.08742
0.02402
-0.07347
-0.08923
-0.03269
0.0162
-0.00393
-0.064
-0.0594
-0.00882
0.0308
-0.01682
-0.04975
0.00036
0.01103
-0.01205
-0.00446
0.03159
0.02751
0.0107
0.06983
0.11696
0.12257
0.10395
0.10548
0.06094
0.00155
0.02663
0.06131
0.06233
0.00135
-0.03166
0.00267
0.03828
0.04824
0.01268
-0.00821
0.02526
-0.00517
-0.03962
-0.0013
0.02832
-0.00313
-0.08187
-0.10528
-0.10573
-0.1317
-0.11914
-0.08511
-0.04259
0.03351
0.05144
0.04945
0.02659
-0.00204
-0.03465
-0.06417
-0.10724
-0.12209
-0.08182
-0.09822
-0.05159
-0.02854
-0.07751
-0.11741
-0.10655
-0.02018
0.06942
0.05568
-0.01377
-0.00462
-0.01956
0.0101
0.05488
0.03017
0.02211
-0.01745
-0.06349
-0.05742
-0.03695
0.01261
0.03552
0.03677
0.07825
0.12372
0.10778
0.06004
0.01996
-0.0306
-0.04483
-0.03266
-0.03595
-0.00683
-0.02075
-0.0165
0.01583
0.02203
0.02333
-0.02604
0.01797
0.10669
0.04052
-0.08151
-0.05999
0.05346
0.06559
0.00081
-0.04016
-0.03737
-0.03152
0.05858
0.07071
0.01219
0.0482
0.00994
-0.02721
0.00068
-0.02538
-0.03986
0.00279
0.03342
0.068
0.04407
-0.04045
-0.07507
-0.11336
-0.11334
-0.04135
0.02187
0.01052
-0.085
-0.12621
-0.09314
-0.10012
-0.05428
0.02254
-0.00388
-0.03301
0.0097
-0.00408
-0.05901
-0.00419
0.02306
-0.03751
-0.05553
-0.0192
0.01841
-0.00605
-0.04001
0.02636
0.04503
0.01298
0.03789
0.02347
0.02392
0.05249
0.08509
0.05766
0.01733
0.08658
0.12204
0.09724
0.04006
0.0383
0.05371
-0.00029
0.00516
0.06943
0.04751
-0.00118
0.00923
0.00127
-0.01723
-0.02415
-0.01608
0.04101
0.09892
0.08177
0.01464
-0.00429
0.03686
0.01873
-0.05073
-0.04195
0.02171
0.01552
-0.05325
-0.05294
-0.01255
-0.03085
-0.00541
0.03545
0.00832
-0.00997
0.014
0.00384
-0.01926
0.0171
0.00842
-0.05743
-0.06752
-0.03382
-0.01809
-0.02881
-0.06045
-0.07219
-0.01913
0.07679
0.09158
-0.01055
-0.0439
-0.04177
-0.0057
0.09894
0.07092
0.0062
-0.03987
-0.07666
-0.08689
-0.10835
-0.0079
0.08008
0.0444
-0.02095
-0.10009
-0.06951
-0.06695
-0.08866
-0.02366
-0.02085
-0.02136
-0.01602
0.00698
-0.00712
-0.02057
0.02633
-0.00709
-0.01849
0.01495
0.01215
-0.00237
-0.01754
-0.00646
0.01176
-0.02238
-0.02481
0.06392
0.09622
0.03053
-0.0602
-0.0612
0.02327
0.04462
0.06321
0.05108
-0.00937
-0.0239
-0.03109
-0.02034
0.00167
0.04128
0.07388
0.04604
0.02135
-0.01075
-0.02384
-0.00949
-0.01663
-0.01892
-0.00403
0.06835
0.10764
0.05803
-0.02108
-0.06195
-0.03512
-0.00695
0.02014
0.01959
-0.02564
-0.023
-0.00486
0.00574
-0.00183
-0.04303
-0.01042
0.03714
0.0578
0.03375
-0.00753
-0.04143
-0.03377
0.00541
-0.01529
-0.0103
0.04608
0.03901
-0.00867
-0.00937
-0.02753
-0.02983
0.03182
0.08678
0.05737
-0.03221
-0.13232
-0.15549
-0.05346
0.01453
-0.00554
0.01085
0.06787
0.04891
-0.01443
-0.01465
-0.02391
-0.05977
-0.11366
-0.12629
-0.0471
0.04446
0.10463
0.08862
0.00371
-0.01674
0.05798
0.06922
-0.01866
-0.02561
0.05885
0.05454
-0.00749
-0.02248
-0.00571
0.01843
0.03908
0.0629
0.0471
0.00714
-0.01272
-0.06558
-0.0839
-0.02389
0.0474
0.08975
0.05717
-0.02664
0.00611
0.08225
0.05172
0.05898
0.07393
0.0245
0.00973
0.01944
0.04476
0.02605
-0.04642
-0.0227
0.01648
-0.04431
-0.02643
0.05562
0.04602
0.0246
0.0776
0.04394
-0.10953
-0.10937
0.00809
0.07512
0.03337
-0.04776
0.01094
-0.03111
-0.15438
-0.12346
-0.05043
-0.0204
-0.02826
-0.06539
-0.03708
0.04804
0.04513
0.05231
0.03722
-0.04018
-0.01915
-0.01062
-0.06386
-0.10432
-0.08181
0.02341
0.0827
0.06388
0.06847
0.05059
0.02926
0.04349
-0.02293
-0.02685
0.07562
0.04768
-0.03318
0.02451
-0.02003
-0.11074
-0.09857
0.00472
0.11927
-0.01683
-0.12415
-0.0829
0.04591
0.15743
0.10901
0.0127
0.01855
0.0282
-0.0328
-0.03148
-0.01308
-0.04592
-0.05419
0.00971
-0.01447
-0.0672
0.0034
0.09957
0.12699
-0.02093
-0.11089
-0.02583
0.06366
0.09139
-0.00524
-0.08028
-0.05177
-0.02639
0.04038
0.08182
0.11895
0.10081
-0.03829
-0.06474
0.01201
-0.00231
-0.02297
0.04236
0.07368
0.00411
-0.05621
-0.07697
-0.06996
-0.01243
-0.01458
-0.08008
-0.06315
-0.01747
-0.01028
0.04515
0.03128
-0.05707
-0.01803
0.06535
0.02171
0.0036
0.07656
0.08313
-0.01445
-0.04879
0.0263
0.0452
-0.03687
-0.12405
-0.06569
0.03182
0.00482
0.01563
0.04302
0.05584
0.03653
-0.05075
-0.04138
0.04412
0.00591
-0.12816
-0.1288
-0.01001
0.00458
-0.01546
-0.00889
0.0036
0.08654
0.107
0.02983
-0.06326
-0.04101
0.02587
0.01334
0.01451
0.03134
0.00016
-0.03427
-0.02361
-0.0399
0.01254
0.10689
0.15205
0.05507
-0.05513
-0.08111
-0.03423
0.00934
-0.04432
-0.04828
-0.07458
-0.10481
0.01224
0.07763
0.01857
0.00964
0.00414
-0.10398
-0.11739
-0.04432
-0.01338
0.03157
0.03623
-0.0124
-0.06198
-0.03345
0.10009
0.14591
0.08457
0.05402
0.02097
-0.05111
-0.02094
0.07223
0.02354
-0.02579
0.00177
0.02374
0.08509
0.04586
-0.01454
0.02336
0.05555
0.04245
-0.00054
-0.03773
0.02728
0.02196
-0.0485
-0.10913
-0.07625
0.02177
0.0445
0.02238
-0.09532
-0.11446
-0.09488
-0.11293
-0.09756
-0.07407
-0.06654
-0.12037
-0.07283
0.02161
0.03837
0.01211
-0.02451
-0.00138
0.01327
0.00201
0.01084
0.0191
0.016
-0.01422
-0.0099
0.01011
0.0354
0.07723
0.11512
0.10284
0.02278
-0.06231
-0.08545
-0.07197
-0.02197
0.09402
0.15972
0.09635
0.04873
0.10905
0.07715
-0.00649
-0.04297
-0.0357
0.04396
0.07505
0.07203
0.12095
0.09655
-0.03908
-0.06704
0.04669
0.07645
0.02974
0.00882
-0.03375
-0.11973
-0.07162
0.03778
0.01015
-0.09564
-0.07746
0.06324
0.03924
-0.04237
-0.04174
-0.02623
0.00575
-0.02812
-0.06755
-0.03134
0.03796
0.05738
0.02646
-0.0309
-0.01726
0.04848
0.11354
0.07091
-0.13259
-0.17539
-0.05165
-0.01833
0.01148
0.11346
0.09302
-0.04046
-0.08614
-0.06313
-0.05121
0.04144
0.12374
0.1466
0.10152
-0.02934
-0.0427
0.01474
-0.03539
-0.02647
0.0667
0.05156
-0.01984
-0.03145
0.00347
-0.02193
-0.07704
-0.0532
-0.04785
-0.09534
-0.06478
-0.00543
0.01042
0.02983
0.00359
-0.03774
-0.04611
-0.01538
0.02905
0.06126
0.06723
0.07053
0.12021
0.1397
0.12705
0.13794
0.12744
0.1078
0.10928
0.09449
0.07994
0.09367
0.05732
-0.05147
-0.06242
0.02227
0.05297
0.0703
0.06388
0.0212
-0.01542
-0.07556
-0.12518
-0.17212
-0.12418
0.04106
0.08661
-0.03778
-0.11837
-0.03816
-0.02794
-0.06451
-0.05163
-0.15196
-0.20225
-0.15829
-0.12957
-0.14118
-0.21731
-0.255
-0.21315
-0.16814
-0.18378
-0.20126
-0.18759
-0.11538
0.09511
0.28984
0.28281
0.13393
0.03978
0.00838
0.01011
0.0982
0.07624
0.05069
0.13627
0.14606
0.20442
0.21716
0.14485
0.08455
-0.00231
-0.0707
-0.08909
-0.1032
-0.062
-0.00553
0.02544
0.1147
0.05181
-0.1212
-0.12223
-0.05014
0.02541
0.15602
0.21041
0.10925
-0.05586
-0.07719
0.03049
0.06026
-0.01293
-0.02817
0.03995
0.03399
0.00829
-0.02662
-0.13186
-0.23538
-0.23009
-0.13988
0.01551
0.21372
0.11807
-0.04618
0.01301
-0.00458
-0.11919
-0.09822
-0.08224
-0.1317
-0.10611
-0.04325
0.03994
0.0373
-0.02567
-0.05391
0.01368
0.0624
0.05954
-0.04026
-0.14452
0.01248
0.14839
0.21832
0.20897
0.03517
-0.12732
-0.14608
-0.15129
-0.13871
-0.07065
0.00637
0.18878
0.18371
-0.02664
-0.10319
0.00237
0.03409
-0.04328
-0.09204
-0.11524
-0.06969
-0.05327
-0.046
0.01852
0.01893
-0.03053
-0.03496
-0.02008
-0.0186
0.01613
0.05638
0.065
0.07298
0.12513
0.18669
0.25804
0.2098
0.04723
0.0322
0.01676
-0.11133
-0.20058
-0.26705
-0.34492
-0.40609
-0.38203
-0.2382
-0.06757
0.085
0.29262
0.31438
0.18314
0.22228
0.23231
0.28081
0.18539
-0.0875
-0.21367
-0.2402
-0.21581
-0.18639
-0.09741
0.02633
0.09765
0.09373
0.08734
0.19291
0.20559
0.04717
-0.02329
-0.03465
-0.09367
-0.05565
-0.06611
-0.15535
-0.15295
-0.09275
-0.10008
-0.07308
0.0695
0.08309
0.04362
0.10595
0.11481
0.05891
0.03275
0.03901
0.06511
0.06158
0.05585
0.06501
0.02336
-0.00215
0.00988
0.01403
0.00248
-0.07598
-0.14266
-0.11675
0.0062
0.05218
0.09534
0.19732
0.1459
0.04897
0.0546
0.07491
0.01531
0.01981
0.06943
0.0633
-0.01512
-0.07169
-0.03139
0.0315
0.01091
-0.00153
0.1018
0.08806
-0.03569
-0.04735
-0.02931
-0.03904
-0.01559
-0.02924
-0.02619
0.01208
0.06907
0.11267
0.0753
0.02003
0.01362
0.06199
0.05052
-0.04161
-0.00266
0.08597
0.04447
-0.02139
-0.01407
0.06893
0.1237
0.10675
0.05131
0.00911
-0.01843
-0.02746
0.02937
0.0853
0.04333
-0.03768
-0.09715
-0.12488
-0.03339
-0.02916
-0.07174
0.00746
0.02642
0.02409
0.03382
0.02506
0.00524
0.0198
0.11114
0.11947
0.04269
-0.00873
-0.05702
-0.02019
0.02831
-0.01604
-0.06644
-0.03806
0.02031
-0.01806
-0.04277
-0.0088
0.03242
0.02571
-0.00966
0.03914
0.05322
-0.0223
-0.03739
0.0132
0.03945
0.05257
0.08648
0.10914
0.04725
-0.06099
-0.10448
-0.05257
-0.03288
-0.06465
0.0074
0.09081
0.08572
0.04719
0.00104
-0.03628
-0.08992
-0.11382
-0.06996
-0.0629
-0.08842
-0.08789
-0.04923
-0.03636
-0.06245
-0.05002
0.00732
0.01558
0.00524
0.09818
0.11672
0.05632
0.0466
0.07361
0.05215
-0.00195
-0.00164
0.02092
0.03321
-0.02871
-0.1117
-0.13567
-0.05398
-0.00546
0.02354
0.12174
0.13
0.04554
-0.0071
-0.01986
-0.09507
-0.08405
-0.02026
-0.03268
0.04096
0.05217
-0.05195
-0.09995
-0.03867
0.0148
-0.03916
-0.1108
-0.07915
0.0527
0.05198
-0.0151
-0.04139
-0.03761
0.01492
-0.03644
-0.11135
-0.11177
-0.06603
-0.06043
-0.08955
-0.03376
-0.0159
-0.05943
-0.10026
-0.1091
-0.09201
-0.10362
-0.12733
-0.10408
-0.03435
0.01132
0.07189
0.07774
-0.01263
-0.10543
-0.10192
-0.01696
0.03803
0.1119
0.17514
0.12733
0.01949
-0.04998
-0.02714
0.00075
-0.05673
-0.06291
-0.00637
-0.05699
-0.09557
-0.0378
0.04441
0.08027
0.03582
0.01997
0.06618
0.04447
-0.08014
-0.085
-0.00694
0.00962
0.05529
0.06024
-0.02427
-0.06846
-0.01756
0.04429
0.07746
0.09056
0.07436
0.01856
-0.01301
0.02231
0.03964
0.00063
-0.01615
-0.01907
-0.09246
-0.15593
-0.14384
-0.11053
-0.10964
-0.10553
-0.11478
-0.09616
-0.03969
-0.02505
-0.0412
-0.02619
0.06758
0.10129
0.07631
0.07459
0.09165
0.13135
0.09194
0.03063
0.01466
-0.01483
-0.00251
0.0056
-0.04658
-0.06748
-0.04914
0.00395
0.05847
0.06506
0.0326
-0.01631
-0.03946
-0.00718
0.0405
0.06901
0.07768
0.09915
0.08444
-0.01061
-0.01859
0.0516
0.06953
0.02692
0.00584
0.03034
0.05501
0.0461
-0.02051
-0.05579
0.00832
0.09201
0.04993
-0.00837
-0.04029
-0.03114
-0.00823
-0.06861
-0.03992
0.04146
0.02859
-0.05155
-0.08789
-0.06894
-0.01182
-0.00796
0.01338
0.08943
0.03154
-0.02505
0.00602
-0.01217
-0.03534
0.00399
0.02122
0.0071
-0.00786
-0.02004
-0.08984
-0.07418
0.02098
0.02485
-0.01149
-0.04708
-0.07518
-0.04023
0.00635
0.06863
0.08215
0.05019
0.06998
0.00687
-0.09631
-0.06446
0.07473
0.14795
0.12039
0.09198
0.08174
0.04519
-0.01354
-0.04744
0.04955
0.08533
0.03909
0.05289
0.06007
0.05481
0.01635
0.03129
0.03738
-0.04725
-0.06744
0.02993
0.0788
0.02513
-0.03521
-0.02333
0.013
-0.02383
-0.02411
0.04012
0.0499
0.01028
0.01793
0.05354
0.03926
-0.00165
0.02942
0.0051
-0.07908
-0.05115
-0.01071
-0.02434
-0.02832
0.04344
0.04735
-0.02148
-0.01365
-0.03601
-0.05132
-0.04439
-0.04795
0.03181
0.11321
0.1522
0.15795
0.11571
0.05005
-0.00475
-0.01204
0.04985
0.07697
0.01237
-0.03854
-0.02622
-0.00754
-0.01644
-0.00497
-0.03324
-0.06435
-0.02297
0.01048
0.01012
-0.04242
-0.09816
-0.05069
-0.03297
-0.04957
0.0008
0.00764
0.00432
0.03631
0.06445
0.08045
0.04637
-0.07768
-0.10469
0.00105
0.06252
0.09528
0.15627
0.11829
-0.07803
-0.16111
-0.09085
-0.0291
-0.03894
-0.10419
-0.08249
-0.02652
-0.01873
-0.08177
-0.08984
0.00636
0.00507
-0.05334
-0.03413
-0.00098
-0.02581
-0.01465
0.0577
0.03968
-0.01486
0.00483
0.03047
0.01513
0.01104
0.05403
-0.02461
-0.11176
-0.04466
0.03945
0
-0.06372
-0.02019
0.03313
0.05828
0.07851
0.10121
0.09113
0.00253
-0.04571
0.00841
0.02716
-0.01602
-0.01987
-0.01764
-0.0437
0.00338
0.09292
0.07938
-0.03533
-0.08627
-0.02617
-0.01567
-0.05209
0.00063
0.08044
0.09154
0.05463
0.05902
0.05009
-0.04613
-0.1046
-0.09543
-0.05842
0.01099
0.01779
0.00856
-0.02687
-0.04817
-0.02568
-0.02656
0.01837
0.05138
0.01976
-0.02878
-0.04479
-0.03875
-0.04864
-0.03522
0.01649
0.0057
-0.0796
-0.04854
0.02833
0.02685
0.01659
0.0089
0.03438
0.0605
0.06489
0.05874
0.08731
0.07443
-0.03857
-0.08303
0.01345
0.06375
0.02923
0.03949
0.00752
-0.09324
-0.09182
-0.02531
-0.04529
-0.05343
0.00967
0.01933
-0.01495
0.00085
0.04264
0.05905
0.04712
-0.02339
-0.08063
-0.00746
0.06406
0.06382
0.00202
-0.09521
-0.07068
0.01453
-0.00229
0.01472
0.04692
-0.03627
-0.07132
0.00948
0.00538
-0.04024
-0.0523
-0.04839
-0.06114
-0.05155
0.01041
-0.02368
-0.05932
-0.01131
0.00685
-0.04634
-0.05715
0.00994
0.02807
-0.01137
-0.0468
-0.06231
-0.06006
-0.03173
0.02295
0.02421
-0.05118
-0.03887
0.05671
0.05241
-0.02278
-0.04255
0.00107
0.00728
-0.02223
-0.04052
-0.06549
-0.07742
-0.046
0.00595
0.02699
0.0011
-0.01707
0.00778
0.00286
-0.05311
-0.04995
-0.03036
-0.03811
-0.02155
0.00896
0.02886
0.03945
0.02781
-0.00336
-0.00044
0.04342
0.08297
0.0518
0.02561
0.03108
-0.01461
-0.03913
-0.02166
-0.01276
-0.05117
-0.06224
0.02232
0.0726
0.10116
0.1257
0.07387
0.02019
-0.02433
-0.05896
-0.02045
0.00136
0.02577
0.0779
0.0677
0.02837
0.04076
0.07995
0.05338
-0.0329
-0.01724
0.01928
0.00905
0.01883
0.06958
0.105
0.03105
-0.01641
-0.00347
-0.03025
-0.06933
-0.05195
0.01831
0.04892
-0.00305
-0.05837
-0.04241
-0.02739
-0.05552
-0.0629
-0.00244
0.04348
0.01081
-0.02919
-0.04848
-0.02116
0.00689
0.01874
0.01712
-0.02981
-0.03145
0.0131
0.01139
-0.019
-0.03356
0.0016
0.03274
0.00959
-0.01835
-0.01854
0.02736
0.06817
0.0616
0.03983
0.0399
0.01082
-0.03693
-0.03819
0.02428
0.03815
0.01191
0.04009
0.03923
0.05154
0.08798
0.06239
-0.0089
-0.00041
0.04768
0.06349
0.06938
0.04307
0.01336
0.03623
0.06785
0.05456
0.05178
0.07415
0.0438
-0.01958
-0.05527
-0.0475
-0.01032
0.00193
0.01799
0.0059
-0.03869
-0.06351
-0.04204
-0.00096
-0.00237
0.01402
0.00824
-0.03257
0.01895
0.05582
0.00128
-0.05404
-0.09516
-0.06185
-0.01718
-0.01206
0.00653
-0.00572
-0.01533
-0.00896
-0.02674
-0.04613
-0.05782
-0.05501
-0.01547
0.03883
0.02092
-0.02621
-0.03641
-0.04408
-0.03595
-0.02111
-0.00964
-0.02209
-0.03949
-0.05065
-0.01975
0.01426
0.02191
0.03122
0.00367
-0.01722
-0.0042
0.00059
-0.00875
0.00821
0.02549
0.00221
-0.016
0.02877
0.04941
0.02433
-0.02461
-0.03675
0.00867
-0.03244
-0.05742
-0.00773
0.02881
0.03197
-0.00749
-0.00621
0.03007
-0.01731
-0.04274
0.01118
0.02384
-0.00723
-0.02862
-0.03048
-0.01596
-0.00074
0.00626
-0.01052
-0.03027
-0.02339
-0.00999
-0.00205
-0.00123
0.00452
0.00361
0.00046
0.00638
-0.01268
-0.03094
-0.01489
0.01231
0.04323
0.03735
-0.01466
-0.01634
0.02723
0.0152
-0.00261
-0.00354
-0.01511
0.01273
0.05093
0.04223
-0.01019
0.00727
0.05369
0.01602
-0.01115
0.01181
0.02295
0.01259
0.02367
0.03677
0.02193
0.01061
0.00993
-0.00292
-0.0059
0.0124
0.02263
0.01549
0.00239
0.00352
0.00561
-0.00499
-0.00245
0.00627
0.00189
-0.00101
0.00096
-0.00447
-0.00688
-0.01177
-0.01512
-0.00648
-0.00042
0.01331
0.01401
-0.00314
-0.00608
-0.0096
-0.01478
-0.0086
0.00018
0.00092
-0.00531
-0.00115
0.00295
-0.00721
-0.01219
-0.00805
-0.00802
-0.00124
0.00147
-0.0058
-0.00306
0.00184
-0.00086
0.00011
0.00165
-0.00273
-0.00098
0.00104
-0.00613
-0.00935
-0.00493
-0.00126
0.00027
0.0027
0.00111
0.00108
0.00064
-0.00139
-0.00146
-0.00396
-0.00402
-0.00005
0.00096
-0.00141
-0.00192
-0.00329
-0.00193
0.00147
0.00162
0.00167
0.0008
0.00013
-0.00064
-0.00246
-0.00198
-0.00125
-0.00192
-0.00154
-0.00161
-0.00282
-0.00378
-0.0034
-0.00302
-0.00349
-0.00369
-0.00381
-0.00358
-0.00303
-0.00292
-0.00343
-0.00394
-0.00371
-0.00361
-0.00361
-0.00355
-0.00323
-0.00305
-0.00297
-0.00286
-0.00259
-0.00225
-0.00206
-0.00188
-0.00166
-0.00158
-0.00143
-0.00127
-0.00112
-0.001
-0.00083
-0.00071
-0.00047
