0
-0.00003
-0.0001
-0.0002
-0.00032
-0.00041
-0.00045
-0.00045
-0.00042
-0.0004
-0.00038
-0.00038
-0.00038
-0.00039
-0.0004
-0.00041
-0.00041
-0.0004
-0.00039
-0.00038
-0.00037
-0.00037
-0.00037
-0.00038
-0.00038
-0.00038
-0.00036
-0.00034
-0.00033
-0.00033
-0.00034
-0.00035
-0.00035
-0.00034
-0.00033
-0.00032
-0.00033
-0.00034
-0.00035
-0.00034
-0.00031
-0.00029
-0.00028
-0.0003
-0.00032
-0.00035
-0.00037
-0.00037
-0.00034
-0.00028
-0.00019
-0.0001
-0.00003
0
-0.00002
-0.00006
-0.00011
-0.00018
-0.00026
-0.00035
-0.00043
-0.00047
-0.00047
-0.00046
-0.00044
-0.00042
-0.0004
-0.00036
-0.00034
-0.00035
-0.0004
-0.00044
-0.00045
-0.00042
-0.00035
-0.00025
-0.00014
-0.00003
0.00006
0.00015
0.00025
0.00035
0.00042
0.00041
0.00033
0.00022
0.00008
-0.00007
-0.00023
-0.00034
-0.00038
-0.00032
-0.0002
-0.00005
0.00009
0.00019
0.00022
0.00012
-0.00011
-0.00041
-0.00065
-0.00072
-0.00059
-0.00037
-0.0002
-0.0001
-0.00002
0.00004
0.00002
-0.00018
-0.00058
-0.00108
-0.00145
-0.0015
-0.0012
-0.00067
-0.00012
0.00029
0.00047
0.00044
0.00028
0.00012
0.00008
0.00023
0.00052
0.00074
0.0007
0.00039
-0.00001
-0.00026
-0.00021
0.00012
0.00057
0.00091
0.00097
0.00074
0.0003
-0.00017
-0.00053
-0.00066
-0.00054
-0.00023
0.0001
0.00029
0.00026
0.00007
-0.00015
-0.00026
-0.00022
-0.00003
0.00022
0.00048
0.00068
0.00081
0.00079
0.00055
0.00008
-0.00052
-0.00105
-0.00124
-0.00094
-0.00021
0.00066
0.00128
0.00146
0.00125
0.0008
0.00028
-0.00012
-0.00026
-0.00013
0.00015
0.00044
0.00057
0.00044
0.00011
-0.00017
-0.00014
0.00023
0.0007
0.00091
0.00069
0.00011
-0.00055
-0.00105
-0.00123
-0.00117
-0.00098
-0.00082
-0.00075
-0.00078
-0.00091
-0.00111
-0.00139
-0.00172
-0.00204
-0.00219
-0.00199
-0.00141
-0.00068
-0.00013
-0.00002
-0.00034
-0.00089
-0.00139
-0.00163
-0.00155
-0.00123
-0.00081
-0.00037
0.00005
0.00045
0.00074
0.00079
0.00047
-0.00023
-0.00112
-0.00184
-0.00198
-0.00138
-0.00026
0.00084
0.00138
0.00114
0.00032
-0.00061
-0.00126
-0.00143
-0.00117
-0.00067
-0.00017
0.00013
0.00013
-0.00019
-0.00066
-0.00097
-0.00081
-0.00008
0.001
0.00196
0.00232
0.0019
0.00087
-0.00034
-0.00126
-0.00163
-0.00145
-0.0009
-0.00026
0.00023
0.00046
0.00047
0.00039
0.00036
0.00043
0.00057
0.00076
0.00098
0.00114
0.00106
0.00055
-0.0003
-0.00105
-0.00111
-0.00028
0.00108
0.00229
0.00283
0.00266
0.00211
0.00148
0.00093
0.00046
0.00011
-0.0001
-0.00019
-0.00024
-0.00034
-0.00053
-0.00075
-0.0009
-0.00084
-0.00047
0.00023
0.00114
0.00204
0.00271
0.00302
0.00294
0.00259
0.00217
0.00197
0.00219
0.00277
0.00332
0.00333
0.00252
0.00103
-0.00062
-0.00188
-0.00241
-0.00221
-0.00154
-0.00078
-0.00022
0.00001
-0.00007
-0.00036
-0.00073
-0.00103
-0.00114
-0.00095
-0.00041
0.00042
0.00134
0.00207
0.0024
0.00226
0.00169
0.0007
-0.00067
-0.0022
-0.00346
-0.00394
-0.00334
-0.00184
0.00005
0.00182
0.00329
0.00446
0.00522
0.00531
0.00447
0.00275
0.00058
-0.00144
-0.00286
-0.0035
-0.00347
-0.00301
-0.0023
-0.00143
-0.00048
0.00058
0.00181
0.0032
0.00451
0.00536
0.00544
0.00478
0.00371
0.00267
0.00189
0.00124
0.00034
-0.00116
-0.00326
-0.00556
-0.00733
-0.0078
-0.00652
-0.00364
0.00017
0.00404
0.00709
0.00861
0.0082
0.0059
0.00224
-0.00198
-0.00589
-0.0087
-0.00979
-0.0088
-0.00576
-0.00123
0.00372
0.00777
0.00985
0.00958
0.00736
0.00414
0.00103
-0.00111
-0.00193
-0.00156
-0.00047
0.00075
0.00161
0.00177
0.00111
-0.00028
-0.00215
-0.00405
-0.00543
-0.00577
-0.00479
-0.00259
0.00041
0.00354
0.00599
0.00704
0.00639
0.00441
0.00202
0.00023
-0.00046
-0.00039
-0.00045
-0.0013
-0.00292
-0.00463
-0.00558
-0.0053
-0.00382
-0.00152
0.00117
0.00397
0.00678
0.0096
0.01236
0.01479
0.01633
0.01636
0.01444
0.0106
0.00528
-0.00093
-0.00743
-0.01351
-0.01821
-0.02047
-0.01963
-0.01587
-0.0103
-0.00455
-0.00001
0.00256
0.00296
0.00122
-0.00265
-0.00845
-0.01551
-0.02257
-0.02813
-0.03094
-0.03023
-0.0258
-0.0179
-0.0073
0.00459
0.01579
0.02434
0.02896
0.02954
0.02699
0.02255
0.01736
0.01233
0.00821
0.00578
0.0056
0.00772
0.01153
0.01586
0.01954
0.02183
0.02269
0.02254
0.02176
0.02031
0.01783
0.01394
0.00858
0.00196
-0.00561
-0.01377
-0.02197
-0.02933
-0.03467
-0.03685
-0.03535
-0.03059
-0.02363
-0.01569
-0.00766
-0.00019
0.006
0.00997
0.01078
0.00798
0.00223
-0.00475
-0.0107
-0.01375
-0.01293
-0.00839
-0.00125
0.00675
0.01364
0.01773
0.01802
0.01444
0.00795
0.00029
-0.0064
-0.01016
-0.00981
-0.00536
0.00204
0.01049
0.01796
0.02271
0.02364
0.02046
0.01383
0.00515
-0.00386
-0.01166
-0.01728
-0.02037
-0.0211
-0.01985
-0.01705
-0.0132
-0.00896
-0.00515
-0.00262
-0.00194
-0.00311
-0.0057
-0.0091
-0.01292
-0.01714
-0.02185
-0.02683
-0.03127
-0.03406
-0.0344
-0.03218
-0.02782
-0.02184
-0.01462
-0.0065
0.00207
0.01051
0.01831
0.0252
0.03108
0.03568
0.03819
0.03748
0.03275
0.02446
0.01459
0.00616
0.00198
0.0035
0.01021
0.01992
0.02964
0.03663
0.03906
0.0363
0.02873
0.01755
0.00459
-0.00787
-0.01754
-0.02284
-0.02346
-0.0203
-0.01482
-0.00831
-0.00168
0.00423
0.00838
0.00989
0.00868
0.00585
0.00328
0.00259
0.00411
0.00682
0.00905
0.00959
0.00812
0.00502
0.00073
-0.00448
-0.01026
-0.01585
-0.02021
-0.02257
-0.02296
-0.02218
-0.02132
-0.021
-0.02103
-0.02064
-0.01907
-0.0161
-0.01211
-0.0077
-0.00334
0.00078
0.00459
0.00794
0.01051
0.01183
0.01146
0.00913
0.00484
-0.0011
-0.00801
-0.01474
-0.01979
-0.02156
-0.01882
-0.01115
0.00071
0.01474
0.02802
0.03759
0.04133
0.03832
0.02876
0.01377
-0.00484
-0.02458
-0.04235
-0.05484
-0.05944
-0.05526
-0.04365
-0.02758
-0.0103
0.00599
0.02046
0.03305
0.04357
0.05136
0.05574
0.05654
0.05436
0.05035
0.04567
0.04109
0.03667
0.03187
0.02582
0.01769
0.00693
-0.00653
-0.02208
-0.03817
-0.05228
-0.06157
-0.06393
-0.0589
-0.04781
-0.03331
-0.01845
-0.00594
0.00232
0.00544
0.00352
-0.00214
-0.00907
-0.01403
-0.01406
-0.00769
0.00435
0.01927
0.03322
0.04265
0.04562
0.04226
0.03434
0.02425
0.01426
0.00605
0.00064
-0.00162
-0.00111
0.00111
0.00368
0.00538
0.00561
0.0046
0.00331
0.00286
0.00374
0.00522
0.00578
0.0041
-0.00009
-0.00586
-0.0117
-0.01655
-0.02033
-0.02375
-0.02747
-0.03142
-0.03491
-0.03726
-0.03848
-0.03908
-0.03929
-0.03821
-0.03392
-0.02461
-0.01028
0.0065
0.02122
0.02923
0.02765
0.01638
-0.00212
-0.02386
-0.04447
-0.06009
-0.06807
-0.06763
-0.06013
-0.04884
-0.03794
-0.0311
-0.03002
-0.03387
-0.0399
-0.04468
-0.04542
-0.0407
-0.0306
-0.01639
-0.00021
0.01505
0.02612
0.03014
0.02571
0.01364
-0.00299
-0.01976
-0.03226
-0.03734
-0.03374
-0.02216
-0.00499
0.01418
0.03135
0.04286
0.04635
0.04163
0.03103
0.01887
0.01008
0.00835
0.01475
0.02766
0.0441
0.06152
0.07862
0.09502
0.11016
0.12285
0.13179
0.13656
0.13826
0.13916
0.14138
0.14544
0.14969
0.15118
0.14706
0.13579
0.11748
0.09329
0.06466
0.03295
-0.00047
-0.03387
-0.06514
-0.09217
-0.11341
-0.12845
-0.13796
-0.14306
-0.14443
-0.14182
-0.13426
-0.12089
-0.10185
-0.07896
-0.05566
-0.03627
-0.0248
-0.02392
-0.03433
-0.05466
-0.08183
-0.11153
-0.1387
-0.15826
-0.16608
-0.16005
-0.14095
-0.11273
-0.08167
-0.05466
-0.03725
-0.0322
-0.03907
-0.05487
-0.07516
-0.09532
-0.11125
-0.11978
-0.11885
-0.10764
-0.08687
-0.05863
-0.026
0.00762
0.03917
0.06653
0.08906
0.10746
0.12287
0.13581
0.14576
0.15189
0.15432
0.15473
0.15564
0.15863
0.16279
0.16477
0.16055
0.14792
0.1279
0.10433
0.08201
0.06471
0.05406
0.04939
0.04848
0.04849
0.0467
0.04057
0.02773
0.00636
-0.02396
-0.06132
-0.1014
-0.1386
-0.16764
-0.18496
-0.1893
-0.18132
-0.16284
-0.1362
-0.10435
-0.07104
-0.04046
-0.01624
-0.00036
0.0073
0.00876
0.00708
0.00537
0.00565
0.00821
0.01149
0.01291
0.01013
0.00236
-0.00908
-0.02135
-0.03138
-0.03674
-0.03578
-0.02748
-0.01153
0.01114
0.03795
0.065
0.08798
0.10327
0.10874
0.10425
0.09182
0.0752
0.05882
0.04658
0.0409
0.04247
0.0501
0.06068
0.06968
0.07241
0.06569
0.04907
0.02476
-0.00359
-0.03247
-0.05953
-0.08346
-0.10325
-0.11776
-0.12615
-0.12868
-0.12687
-0.12291
-0.11865
-0.11479
-0.11089
-0.10608
-0.09974
-0.09177
-0.08253
-0.07297
-0.06456
-0.05909
-0.05814
-0.06249
-0.07151
-0.08286
-0.09323
-0.09961
-0.10042
-0.09567
-0.08662
-0.07511
-0.06296
-0.05143
-0.04096
-0.0313
-0.02184
-0.01192
-0.00069
0.013
0.03023
0.05102
0.07344
0.09402
0.10944
0.11861
0.12336
0.12723
0.13312
0.14175
0.15179
0.16109
0.16771
0.17024
0.16787
0.16067
0.14946
0.13527
0.11868
0.09958
0.07766
0.0532
0.02774
0.00387
-0.01571
-0.02881
-0.03364
-0.02875
-0.01378
0.00955
0.03768
0.06684
0.09468
0.12048
0.14423
0.16536
0.18243
0.19377
0.19848
0.19695
0.19087
0.18265
0.1746
0.16778
0.16123
0.1521
0.13709
0.11459
0.08605
0.05532
0.02653
0.00227
-0.01687
-0.03121
-0.04053
-0.04367
-0.03941
-0.02784
-0.01083
0.00853
0.02709
0.04221
0.0519
0.05515
0.05219
0.04442
0.03382
0.02224
0.01095
0.0009
-0.0068
-0.01056
-0.00853
0.00069
0.01737
0.04044
0.06803
0.09817
0.12922
0.16015
0.19047
0.21908
0.24293
0.25729
0.25795
0.24353
0.21593
0.17958
0.14008
0.10311
0.07386
0.05701
0.05627
0.07319
0.10604
0.14988
0.198
0.24389
0.28288
0.31262
0.33261
0.3435
0.34677
0.34468
0.34035
0.33738
0.33916
0.348
0.36425
0.38582
0.40851
0.42658
0.43314
0.42108
0.38513
0.32425
0.24273
0.14886
0.05192
-0.04087
-0.12552
-0.20043
-0.26512
-0.31942
-0.36347
-0.39806
-0.42518
-0.44768
-0.46802
-0.48691
-0.50334
-0.51561
-0.52269
-0.52488
-0.5236
-0.52011
-0.51422
-0.50415
-0.48771
-0.46352
-0.43134
-0.39215
-0.34823
-0.30297
-0.26003
-0.22273
-0.1935
-0.17328
-0.161
-0.1535
-0.14636
-0.13555
-0.11919
-0.09863
-0.07787
-0.06145
-0.05213
-0.05007
-0.05368
-0.06116
-0.07157
-0.08502
-0.1019
-0.12196
-0.1439
-0.16551
-0.18435
-0.19867
-0.20787
-0.21247
-0.2134
-0.2111
-0.20543
-0.19659
-0.18588
-0.17516
-0.16522
-0.15459
-0.14026
-0.11987
-0.09386
-0.06575
-0.04024
-0.0206
-0.00738
0.00093
0.00642
0.01054
0.01418
0.01825
0.024
0.03262
0.04474
0.06016
0.07788
0.09637
0.11392
0.12923
0.14206
0.1534
0.16489
0.17784
0.19264
0.20885
0.22595
0.24392
0.26323
0.28413
0.30616
0.32797
0.34733
0.36109
0.36504
0.35448
0.32572
0.27776
0.2127
0.13447
0.04733
-0.04459
-0.13642
-0.22177
-0.29381
-0.3479
-0.38418
-0.40806
-0.42783
-0.45064
-0.47906
-0.51031
-0.53855
-0.55844
-0.56749
-0.56634
-0.55695
-0.54057
-0.51665
-0.48362
-0.44093
-0.39055
-0.33665
-0.28369
-0.23421
-0.18771
-0.1412
-0.09154
-0.03772
0.01843
0.07352
0.12482
0.17185
0.21606
0.25912
0.30131
0.34143
0.37803
0.41043
0.43885
0.46359
0.4842
0.49933
0.50746
0.50769
0.50009
0.48572
0.46654
0.44535
0.42509
0.40778
0.39373
0.3818
0.37044
0.35878
0.3471
0.33631
0.32708
0.31946
0.31303
0.30711
0.30084
0.29279
0.28049
0.26041
0.22913
0.18484
0.1281
0.06148
-0.01154
-0.08747
-0.1634
-0.23716
-0.30706
-0.37124
-0.42705
-0.47119
-0.50079
-0.51479
-0.51443
-0.50253
-0.48205
-0.45506
-0.42281
-0.38674
-0.34963
-0.31561
-0.28916
-0.2737
-0.27065
-0.27888
-0.29505
-0.31506
-0.33586
-0.35647
-0.37724
-0.39827
-0.41844
-0.43556
-0.44749
-0.45328
-0.45348
-0.44915
-0.44047
-0.42633
-0.40532
-0.37721
-0.34354
-0.30672
-0.2685
-0.2297
-0.19095
-0.15324
-0.11724
-0.08227
-0.04641
-0.00774
0.03476
0.08151
0.13291
0.1892
0.24962
0.31201
0.3732
0.43005
0.48064
0.52449
0.56136
0.58993
0.60802
0.61405
0.60801
0.59112
0.56487
0.53033
0.48825
0.4396
0.38626
0.33077
0.27545
0.2215
0.16897
0.11753
0.06759
0.02056
-0.02172
-0.05804
-0.08825
-0.11289
-0.13246
-0.14706
-0.15624
-0.15904
-0.15449
-0.14302
-0.12749
-0.11288
-0.10508
-0.10933
-0.12859
-0.16245
-0.20743
-0.2582
-0.30852
-0.35115
-0.3784
-0.38403
-0.36557
-0.32494
-0.26735
-0.19945
-0.1277
-0.05751
0.007
0.06306
0.10932
0.14577
0.17323
0.19253
0.20404
0.20782
0.20415
0.19385
0.17783
0.15638
0.12875
0.09352
0.04979
-0.00127
-0.05627
-0.11104
-0.16271
-0.21062
-0.25595
-0.3004
-0.34465
-0.38745
-0.42632
-0.45899
-0.48427
-0.50185
-0.51184
-0.51485
-0.51203
-0.50478
-0.49436
-0.48162
-0.46668
-0.44866
-0.42648
-0.40033
-0.37234
-0.34526
-0.32038
-0.29662
-0.27154
-0.24308
-0.21071
-0.17523
-0.13786
-0.09969
-0.06204
-0.02652
0.00564
0.03443
0.06067
0.08481
0.10648
0.12539
0.14272
0.161
0.18221
0.20586
0.2288
0.24685
0.25709
0.25943
0.25637
0.25141
0.24696
0.24352
0.24034
0.23651
0.23161
0.22598
0.22033
0.21521
0.21061
0.20596
0.20052
0.19402
0.18739
0.18287
0.18339
0.19153
0.20839
0.23291
0.26199
0.29133
0.31672
0.33532
0.34638
0.35098
0.35091
0.34781
0.34299
0.33784
0.33438
0.33528
0.34317
0.35952
0.38424
0.41602
0.45294
0.49261
0.53212
0.56815
0.59726
0.6161
0.62105
0.60769
0.57176
0.51198
0.43247
0.34217
0.25111
0.16644
0.09038
0.02126
-0.04299
-0.10179
-0.1515
-0.18738
-0.20607
-0.2068
-0.19143
-0.16351
-0.12723
-0.08657
-0.04439
-0.00158
0.04263
0.08879
0.13562
0.1799
0.21785
0.24693
0.26699
0.27978
0.28704
0.28912
0.28524
0.27456
0.25661
0.2313
0.19906
0.16088
0.11814
0.07278
0.02733
-0.01543
-0.05297
-0.08296
-0.10323
-0.11238
-0.11044
-0.09876
-0.07939
-0.05446
-0.02587
0.00444
0.03405
0.05992
0.07927
0.09073
0.09468
0.09267
0.08613
0.07563
0.06119
0.0434
0.02401
0.00562
-0.00934
-0.01929
-0.0238
-0.02352
-0.01979
-0.01422
-0.00813
-0.00218
0.00362
0.00949
0.01507
0.01873
0.0177
0.00905
-0.00922
-0.03756
-0.07465
-0.11757
-0.16226
-0.20429
-0.23972
-0.26558
-0.28005
-0.28232
-0.27217
-0.24979
-0.21603
-0.17297
-0.12379
-0.07214
-0.02132
0.02654
0.0711
0.11357
0.15548
0.19754
0.23961
0.28125
0.32182
0.3604
0.39586
0.42723
0.45408
0.47656
0.49492
0.50855
0.51493
0.50892
0.48355
0.43253
0.3538
0.25168
0.1354
0.01471
-0.1046
-0.22164
-0.33721
-0.44926
-0.55095
-0.63265
-0.68609
-0.70758
-0.69885
-0.66571
-0.61555
-0.55499
-0.48846
-0.41808
-0.34486
-0.27015
-0.19677
-0.12884
-0.07082
-0.02612
0.00394
0.02012
0.02451
0.01997
0.01015
-0.00072
-0.00888
-0.01222
-0.01087
-0.00681
-0.00265
-0.00059
-0.00216
-0.00856
-0.02089
-0.03983
-0.0654
-0.09675
-0.13239
-0.17058
-0.20966
-0.24805
-0.28391
-0.31494
-0.33908
-0.35538
-0.36425
-0.36702
-0.36536
-0.36098
-0.35563
-0.35078
-0.34707
-0.34406
-0.34044
-0.3348
-0.32645
-0.31575
-0.3039
-0.2926
-0.28407
-0.2807
-0.28352
-0.2905
-0.29708
-0.299
-0.29567
-0.29109
-0.2914
-0.30078
-0.3187
-0.34047
-0.36007
-0.37299
-0.37774
-0.37553
-0.3688
-0.35964
-0.34899
-0.33662
-0.32159
-0.30297
-0.28079
-0.25658
-0.23307
-0.21288
-0.19711
-0.18492
-0.17464
-0.16533
-0.15732
-0.15137
-0.14759
-0.14511
-0.14221
-0.13652
-0.12523
-0.10539
-0.07441
-0.03089
0.02453
0.08927
0.15955
0.23113
0.2999
0.36257
0.4173
0.46379
0.50292
0.536
0.56385
0.58645
0.60314
0.61324
0.61654
0.61313
0.60326
0.58754
0.56718
0.54336
0.51635
0.48532
0.44916
0.40739
0.36036
0.3088
0.25305
0.19282
0.12771
0.05803
-0.01475
-0.08805
-0.15831
-0.2214
-0.27366
-0.31293
-0.3387
-0.35155
-0.3523
-0.3415
-0.31944
-0.28647
-0.24361
-0.19262
-0.13564
-0.07477
-0.01224
0.0492
0.10628
0.15564
0.19448
0.22087
0.23372
0.23267
0.21833
0.19274
0.15948
0.12305
0.08755
0.0556
0.02792
0.00394
-0.01726
-0.03603
-0.05191
-0.06377
-0.07047
-0.07133
-0.0664
-0.05612
-0.04091
-0.02103
0.00307
0.03046
0.05987
0.09025
0.12137
0.15412
0.19025
0.23164
0.27933
0.33277
0.38969
0.44673
0.50054
0.54859
0.5894
0.62205
0.64541
0.65789
0.65796
0.64483
0.61882
0.58085
0.53177
0.47219
0.4029
0.3254
0.24188
0.15458
0.06541
-0.02389
-0.11116
-0.19371
-0.26878
-0.33436
-0.3896
-0.435
-0.47205
-0.50256
-0.52798
-0.54907
-0.56619
-0.57968
-0.58997
-0.59741
-0.60218
-0.6044
-0.60463
-0.60407
-0.60416
-0.60588
-0.60924
-0.61332
-0.61688
-0.61901
-0.61934
-0.61736
-0.61177
-0.60036
-0.58079
-0.55177
-0.51385
-0.46936
-0.42172
-0.37479
-0.33219
-0.29697
-0.27132
-0.25617
-0.25067
-0.2519
-0.25488
-0.25345
-0.24179
-0.21615
-0.17607
-0.1241
-0.06447
-0.00125
0.06265
0.12565
0.18683
0.24547
0.30085
0.35239
0.39985
0.44315
0.48206
0.51606
0.5448
0.56885
0.59003
0.6109
0.63366
0.65925
0.68707
0.71552
0.74279
0.7676
0.78935
0.80779
0.8226
0.83321
0.83885
0.83882
0.83263
0.81974
0.7991
0.76879
0.72632
0.66958
0.598
0.51293
0.41711
0.31389
0.20693
0.10053
-0.00032
-0.0903
-0.165
-0.22219
-0.26249
-0.28886
-0.30505
-0.31391
-0.31647
-0.31248
-0.30172
-0.28486
-0.26314
-0.2373
-0.20725
-0.17274
-0.13461
-0.09562
-0.0603
-0.03383
-0.02025
-0.0214
-0.03693
-0.06504
-0.10293
-0.14715
-0.19418
-0.2413
-0.28705
-0.33085
-0.37214
-0.40986
-0.44236
-0.46774
-0.48419
-0.49012
-0.48439
-0.46648
-0.43689
-0.39745
-0.35126
-0.30198
-0.25304
-0.20722
-0.16685
-0.13403
-0.11034
-0.09658
-0.09281
-0.09835
-0.11163
-0.13041
-0.15241
-0.17601
-0.20023
-0.22414
-0.24619
-0.26385
-0.27367
-0.27173
-0.25455
-0.2199
-0.16754
-0.09997
-0.02256
0.05741
0.1329
0.19924
0.25472
0.29984
0.33604
0.36488
0.38764
0.40528
0.41862
0.42861
0.43658
0.44434
0.45381
0.46639
0.48242
0.50102
0.52068
0.54009
0.55846
0.57518
0.58933
0.59955
0.60411
0.60115
0.5891
0.56734
0.53683
0.50005
0.46023
0.42015
0.38146
0.3448
0.31058
0.2794
0.25178
0.22764
0.20613
0.1862
0.1674
0.15006
0.13455
0.12037
0.10589
0.089
0.06814
0.04304
0.01467
-0.01556
-0.04662
-0.07833
-0.11106
-0.14519
-0.18066
-0.21693
-0.25293
-0.28713
-0.3179
-0.34386
-0.36408
-0.37774
-0.3833
-0.37804
-0.35883
-0.32406
-0.27507
-0.21573
-0.15075
-0.08417
-0.01896
0.04253
0.09805
0.14551
0.18357
0.2121
0.2321
0.24511
0.25273
0.25651
0.25793
0.25842
0.25906
0.26036
0.26204
0.26301
0.26143
0.25514
0.24222
0.22152
0.19291
0.15696
0.11451
0.06627
0.01297
-0.04441
-0.10428
-0.16436
-0.22181
-0.27356
-0.31673
-0.34891
-0.36826
-0.37356
-0.36469
-0.3432
-0.31238
-0.27651
-0.24015
-0.20731
-0.18085
-0.16194
-0.15003
-0.14314
-0.13822
-0.13181
-0.12089
-0.10369
-0.08002
-0.05111
-0.01907
0.01357
0.04406
0.06954
0.08721
0.09481
0.09129
0.07737
0.05557
0.0293
0.00154
-0.02612
-0.05331
-0.07998
-0.10525
-0.12709
-0.14262
-0.14895
-0.14397
-0.12712
-0.09963
-0.06402
-0.02286
0.02212
0.07011
0.12048
0.17163
0.22065
0.26406
0.29919
0.32493
0.34141
0.3494
0.34971
0.34318
0.33093
0.31445
0.29514
0.27349
0.24876
0.21953
0.18458
0.14348
0.09688
0.04642
-0.00576
-0.05736
-0.10596
-0.14894
-0.18401
-0.20998
-0.22702
-0.23638
-0.2399
-0.23969
-0.23796
-0.23673
-0.23748
-0.24078
-0.24614
-0.25206
-0.2564
-0.25697
-0.25183
-0.23968
-0.22024
-0.19456
-0.16473
-0.13307
-0.10155
-0.072
-0.04649
-0.02736
-0.01647
-0.01423
-0.01914
-0.02829
-0.03826
-0.04602
-0.04971
-0.04904
-0.04497
-0.03885
-0.0315
-0.02297
-0.0129
-0.00115
0.0119
0.02562
0.03959
0.05391
0.06914
0.08572
0.10338
0.12105
0.13727
0.15078
0.16075
0.16674
0.16851
0.16599
0.15945
0.1495
0.13691
0.12221
0.10564
0.0874
0.06791
0.04765
0.02679
0.0051
-0.01786
-0.04231
-0.06789
-0.09347
-0.11741
-0.13819
-0.15497
-0.16779
-0.17724
-0.18374
-0.18705
-0.18645
-0.18132
-0.17159
-0.15783
-0.14114
-0.12287
-0.10435
-0.0866
-0.07034
-0.05594
-0.04318
-0.03121
-0.01882
-0.00493
0.01106
0.0295
0.05057
0.07433
0.10042
0.12804
0.15616
0.1836
0.20938
0.2329
0.25389
0.27193
0.2861
0.29506
0.29744
0.29229
0.27955
0.26027
0.23642
0.21004
0.18246
0.15398
0.12435
0.09318
0.06007
0.02445
-0.01442
-0.05711
-0.10348
-0.15237
-0.20201
-0.25057
-0.29668
-0.33945
-0.37815
-0.41204
-0.44052
-0.46342
-0.48112
-0.49437
-0.50392
-0.51047
-0.5149
-0.51834
-0.52191
-0.52649
-0.53245
-0.53951
-0.54693
-0.55378
-0.55906
-0.56115
-0.55717
-0.54294
-0.51429
-0.46891
-0.40771
-0.33438
-0.2537
-0.1698
-0.08567
-0.00371
0.07373
0.14442
0.2064
0.25846
0.30049
0.33365
0.35999
0.38177
0.4007
0.41726
0.43046
0.43804
0.4371
0.42467
0.39841
0.35766
0.30418
0.24206
0.17637
0.11147
0.05004
-0.00672
-0.0582
-0.10343
-0.14097
-0.16957
-0.18914
-0.20104
-0.20742
-0.21011
-0.21001
-0.20698
-0.20033
-0.18967
-0.17568
-0.16018
-0.14546
-0.13329
-0.12428
-0.11787
-0.11295
-0.10868
-0.10494
-0.10201
-0.10003
-0.09866
-0.09717
-0.09461
-0.09023
-0.08376
-0.07564
-0.06669
-0.05771
-0.04911
-0.04089
-0.0329
-0.02531
-0.0188
-0.01451
-0.01355
-0.01653
-0.02329
-0.03315
-0.04535
-0.05925
-0.07404
-0.08838
-0.10062
-0.10944
-0.11457
-0.11706
-0.11891
-0.12231
-0.12865
-0.13802
-0.14929
-0.1607
-0.17071
-0.17855
-0.18433
-0.18878
-0.19276
-0.197
-0.20195
-0.20777
-0.21443
-0.22189
-0.2301
-0.2388
-0.24747
-0.25518
-0.26072
-0.26289
-0.2611
-0.25563
-0.24732
-0.23691
-0.22449
-0.20967
-0.192
-0.1714
-0.14842
-0.1242
-0.10004
-0.07692
-0.05529
-0.03501
-0.01547
0.00429
0.0252
0.04789
0.0726
0.0992
0.12692
0.15412
0.17838
0.19714
0.20843
0.21152
0.20717
0.19725
0.18389
0.16862
0.15196
0.13377
0.11391
0.09276
0.07112
0.04984
0.02931
0.00941
-0.01037
-0.03077
-0.05243
-0.07552
-0.0995
-0.12327
-0.14568
-0.16598
-0.18394
-0.19952
-0.21258
-0.22277
-0.22939
-0.23144
-0.22775
-0.21744
-0.20022
-0.1766
-0.14783
-0.11552
-0.0813
-0.04669
-0.0129
0.01928
0.04943
0.07731
0.1026
0.12476
0.1429
0.15595
0.16309
0.16421
0.16008
0.15217
0.14224
0.13194
0.12261
0.11516
0.11014
0.10784
0.10833
0.11146
0.11693
0.12423
0.13274
0.14168
0.14997
0.15643
0.16007
0.16048
0.15791
0.1531
0.14697
0.1404
0.13414
0.12879
0.12482
0.12266
0.12291
0.12632
0.13344
0.14404
0.15707
0.17115
0.18517
0.19856
0.21123
0.2233
0.23495
0.24642
0.25811
0.27076
0.28521
0.30204
0.32131
0.34252
0.36478
0.38715
0.40894
0.42986
0.4499
0.46911
0.48731
0.50401
0.51868
0.53101
0.54091
0.54815
0.55187
0.55037
0.54125
0.52201
0.49106
0.44841
0.39553
0.33462
0.26789
0.19746
0.12578
0.0557
-0.00996
-0.06924
-0.12146
-0.1671
-0.20721
-0.24281
-0.27474
-0.3037
-0.33028
-0.35501
-0.37814
-0.3995
-0.41836
-0.43349
-0.44339
-0.44654
-0.44142
-0.42665
-0.40138
-0.36582
-0.32151
-0.27121
-0.21827
-0.16585
-0.11644
-0.0716
-0.03203
0.00228
0.03168
0.05649
0.07692
0.09341
0.10678
0.11808
0.1281
0.13708
0.1447
0.15031
0.15349
0.15442
0.15396
0.15328
0.15341
0.15492
0.15789
0.16222
0.16791
0.1753
0.18495
0.19728
0.21204
0.2281
0.2435
0.25596
0.26348
0.26484
0.25983
0.24912
0.23379
0.21478
0.19254
0.16688
0.13729
0.1035
0.06616
0.02706
-0.01116
-0.04587
-0.07531
-0.09906
-0.11783
-0.13286
-0.1454
-0.1564
-0.16647
-0.17614
-0.18595
-0.19654
-0.20842
-0.22187
-0.23685
-0.25305
-0.26991
-0.28664
-0.30234
-0.31613
-0.32735
-0.33567
-0.34102
-0.3435
-0.34339
-0.34101
-0.33673
-0.33091
-0.324
-0.31655
-0.30896
-0.30124
-0.29284
-0.28288
-0.27033
-0.25422
-0.23377
-0.2085
-0.17845
-0.14415
-0.10664
-0.0673
-0.02766
0.01091
0.04741
0.08134
0.11247
0.14065
0.16558
0.18695
0.20486
0.22005
0.23358
0.24627
0.25815
0.26827
0.27488
0.27589
0.26969
0.25585
0.23539
0.21024
0.18243
0.15351
0.12453
0.09642
0.07029
0.04732
0.02835
0.0136
0.00278
-0.00467
-0.0093
-0.01154
-0.0117
-0.00999
-0.00634
-0.00038
0.00847
0.02062
0.036
0.05396
0.07344
0.09319
0.11205
0.12904
0.14345
0.15484
0.16305
0.16827
0.17079
0.1708
0.16819
0.16286
0.15492
0.1449
0.13347
0.12113
0.10811
0.0947
0.08154
0.06966
0.05996
0.05284
0.04809
0.04533
0.04436
0.04523
0.04792
0.05209
0.05698
0.06171
0.06574
0.06904
0.07204
0.07511
0.07819
0.08067
0.08175
0.08089
0.07787
0.07266
0.06519
0.05543
0.04345
0.02956
0.01442
-0.00085
-0.01474
-0.02544
-0.03113
-0.03032
-0.02228
-0.00735
0.01314
0.03721
0.06284
0.08832
0.11233
0.13378
0.15171
0.16541
0.17455
0.17918
0.17944
0.17508
0.16527
0.14885
0.12515
0.09462
0.05903
0.02083
-0.01773
-0.05518
-0.09072
-0.12391
-0.15424
-0.18124
-0.20469
-0.22483
-0.24236
-0.2582
-0.2732
-0.28788
-0.30235
-0.31634
-0.3294
-0.34101
-0.35073
-0.35826
-0.36341
-0.36602
-0.3659
-0.36288
-0.35678
-0.34734
-0.3341
-0.31651
-0.29401
-0.26645
-0.23434
-0.19894
-0.16184
-0.12443
-0.08752
-0.05145
-0.01643
0.01714
0.04861
0.07722
0.10256
0.12471
0.14417
0.16145
0.17678
0.19016
0.20151
0.21077
0.21782
0.22232
0.22362
0.22074
0.21269
0.19887
0.17946
0.15547
0.12836
0.0996
0.07057
0.04268
0.01751
-0.00329
-0.01834
-0.02674
-0.02827
-0.02346
-0.01351
-0.00009
0.01512
0.03079
0.04602
0.06005
0.07204
0.08105
0.08633
0.08749
0.08454
0.07769
0.06715
0.05321
0.03639
0.0175
-0.00248
-0.02257
-0.04192
-0.05976
-0.07537
-0.08803
-0.09706
-0.10192
-0.10238
-0.09863
-0.09132
-0.08144
-0.07001
-0.05789
-0.04573
-0.03408
-0.02352
-0.01466
-0.00815
-0.0044
-0.00355
-0.00536
-0.00943
-0.01531
-0.02264
-0.03118
-0.04084
-0.05162
-0.06363
-0.07697
-0.09162
-0.10725
-0.12332
-0.13915
-0.15402
-0.16718
-0.17787
-0.18556
-0.19013
-0.19195
-0.19142
-0.18863
-0.18328
-0.17489
-0.16321
-0.14842
-0.13117
-0.1124
-0.09325
-0.07477
-0.05773
-0.04255
-0.02936
-0.01822
-0.0092
-0.0024
0.00224
0.00501
0.00636
0.00682
0.00691
0.0071
0.00771
0.00876
0.00995
0.01083
0.01107
0.0107
0.01002
0.00921
0.00806
0.00608
0.00283
-0.00179
-0.00747
-0.0136
-0.01937
-0.02393
-0.02655
-0.02671
-0.02423
-0.01915
-0.01169
-0.00211
0.00932
0.0222
0.03595
0.04976
0.06274
0.07405
0.08318
0.09002
0.09479
0.09785
0.09953
0.10008
0.0996
0.0983
0.09652
0.09483
0.09374
0.09351
0.09401
0.09487
0.0956
0.09578
0.095
0.09294
0.08943
0.08462
0.07882
0.07216
0.06442
0.05532
0.04477
0.03311
0.02101
0.00924
-0.00164
-0.01148
-0.02049
-0.02892
-0.03672
-0.04341
-0.04811
-0.04992
-0.04823
-0.04287
-0.03398
-0.02184
-0.00684
0.01042
0.02899
0.04754
0.06469
0.07942
0.09143
0.10114
0.10939
0.11692
0.12414
0.131
0.13725
0.14266
0.14714
0.15076
0.15372
0.15627
0.15858
0.16069
0.16254
0.16405
0.16525
0.16622
0.1671
0.16797
0.16875
0.16919
0.16895
0.16763
0.16483
0.16014
0.15316
0.14359
0.13132
0.11647
0.09949
0.08092
0.06126
0.0409
0.02017
-0.00054
-0.02082
-0.04038
-0.05914
-0.0771
-0.0942
-0.11018
-0.12467
-0.13731
-0.14789
-0.15642
-0.16321
-0.16857
-0.17255
-0.17456
-0.17341
-0.16766
-0.15618
-0.13858
-0.11537
-0.08782
-0.05768
-0.0268
0.00321
0.03134
0.05716
0.08065
0.10182
0.12053
0.13637
0.14875
0.15718
0.16147
0.1619
0.15917
0.15412
0.14752
0.13988
0.13153
0.12272
0.11371
0.10492
0.09678
0.08964
0.08356
0.07833
0.07362
0.0692
0.06506
0.0613
0.05806
0.05526
0.0526
0.04958
0.04565
0.04038
0.03351
0.0249
0.01454
0.00254
-0.01084
-0.02517
-0.04005
-0.05524
-0.07086
-0.08724
-0.10469
-0.12312
-0.14193
-0.16016
-0.1768
-0.19117
-0.203
-0.21247
-0.21991
-0.22566
-0.22988
-0.23244
-0.23295
-0.23083
-0.22558
-0.217
-0.20529
-0.19111
-0.17549
-0.1597
-0.14489
-0.13187
-0.12083
-0.11152
-0.10355
-0.09674
-0.09124
-0.08731
-0.08493
-0.08362
-0.08261
-0.08125
-0.07928
-0.07676
-0.07382
-0.07051
-0.06665
-0.06189
-0.05577
-0.04788
-0.03806
-0.02643
-0.01349
0.00003
0.01348
0.02647
0.03891
0.05092
0.06252
0.07357
0.08381
0.09295
0.10093
0.10781
0.11366
0.1184
0.12179
0.12344
0.12284
0.11938
0.11257
0.10232
0.08916
0.07412
0.05831
0.04263
0.02757
0.01343
0.00043
-0.01127
-0.02159
-0.0305
-0.03805
-0.04435
-0.04973
-0.05478
-0.06038
-0.06741
-0.07638
-0.08712
-0.0989
-0.11077
-0.12193
-0.13197
-0.14085
-0.14877
-0.15593
-0.16247
-0.16863
-0.17474
-0.18118
-0.1882
-0.19573
-0.20345
-0.21088
-0.21757
-0.22316
-0.22746
-0.2304
-0.23202
-0.23237
-0.23145
-0.22927
-0.22594
-0.22161
-0.21634
-0.20986
-0.20154
-0.1907
-0.1771
-0.16113
-0.14368
-0.12562
-0.10748
-0.08943
-0.07166
-0.05461
-0.03904
-0.02574
-0.01515
-0.0073
-0.00182
0.00186
0.00427
0.00573
0.00632
0.00614
0.00542
0.00459
0.00426
0.00505
0.00748
0.01176
0.01773
0.02486
0.0324
0.03968
0.04623
0.05179
0.0562
0.05929
0.06102
0.06154
0.06104
0.05974
0.05774
0.05512
0.05202
0.04879
0.04591
0.04388
0.0431
0.04384
0.04612
0.04955
0.05336
0.05655
0.05825
0.05813
0.05649
0.05411
0.05176
0.04987
0.04845
0.04728
0.0462
0.0453
0.04476
0.04481
0.04566
0.04742
0.04999
0.05295
0.0556
0.05722
0.05732
0.05572
0.05246
0.04752
0.04084
0.03233
0.02199
0.01003
-0.00309
-0.01679
-0.03055
-0.044
-0.05676
-0.06822
-0.0776
-0.08424
-0.08797
-0.08921
-0.08874
-0.08727
-0.08515
-0.08236
-0.07863
-0.07361
-0.06707
-0.05896
-0.04929
-0.03792
-0.02458
-0.00909
0.0083
0.02691
0.04577
0.06397
0.08083
0.09597
0.10897
0.11934
0.12657
0.13047
0.13129
0.1295
0.12546
0.11942
0.11158
0.1023
0.09205
0.08134
0.07057
0.05997
0.04959
0.03942
0.02962
0.02063
0.01309
0.00752
0.00414
0.00279
0.00314
0.00479
0.00724
0.00995
0.01232
0.01383
0.0142
0.01346
0.01201
0.01047
0.00948
0.00953
0.01076
0.01285
0.01526
0.01752
0.01949
0.02124
0.02273
0.02356
0.02301
0.0205
0.01605
0.01048
0.00499
0.00062
-0.00213
-0.00326
-0.00306
-0.00171
0.00087
0.00481
0.01
0.01583
0.02134
0.02568
0.02857
0.03033
0.03151
0.03239
0.03271
0.0318
0.02896
0.02399
0.01733
0.00993
0.00272
-0.0038
-0.00963
-0.01503
-0.02015
-0.02481
-0.02864
-0.03141
-0.03337
-0.03521
-0.0376
-0.04086
-0.04484
-0.04918
-0.05364
-0.05812
-0.06258
-0.06673
-0.06999
-0.07143
-0.07011
-0.06538
-0.05714
-0.04595
-0.03276
-0.01857
-0.00411
0.01023
0.02415
0.03715
0.04849
0.05751
0.06402
0.06849
0.07191
0.0753
0.07927
0.08393
0.08915
0.09497
0.10163
0.10939
0.11835
0.12836
0.13912
0.15017
0.1609
0.17056
0.17862
0.18501
0.19004
0.19398
0.19674
0.19787
0.19703
0.19428
0.19002
0.1847
0.17856
0.17161
0.16386
0.1554
0.14638
0.13674
0.12616
0.1141
0.10001
0.08368
0.06525
0.04525
0.02435
0.00331
-0.01718
-0.03646
-0.05404
-0.06961
-0.08311
-0.09468
-0.10449
-0.11262
-0.1189
-0.12285
-0.12374
-0.12084
-0.11373
-0.10249
-0.08764
-0.07003
-0.05063
-0.03045
-0.01048
0.00842
0.0256
0.04066
0.05339
0.06368
0.07152
0.07696
0.08008
0.08098
0.07981
0.07686
0.07258
0.06752
0.06212
0.05673
0.05163
0.04716
0.04367
0.04148
0.04067
0.04107
0.04236
0.04422
0.04642
0.04873
0.05077
0.05195
0.05167
0.04961
0.04578
0.04045
0.03388
0.02621
0.01747
0.00783
-0.00221
-0.01172
-0.01963
-0.02503
-0.02753
-0.02739
-0.02535
-0.02234
-0.01929
-0.01702
-0.01609
-0.01662
-0.01825
-0.02038
-0.02248
-0.02429
-0.02576
-0.02681
-0.02717
-0.02641
-0.02406
-0.01995
-0.01439
-0.00808
-0.00185
0.00377
0.00862
0.01272
0.01595
0.01799
0.01852
0.01752
0.01527
0.01216
0.00855
0.00482
0.00136
-0.00158
-0.00398
-0.00585
-0.00701
-0.00714
-0.00601
-0.00378
-0.00087
0.00233
0.00575
0.00946
0.01337
0.01705
0.0199
0.02132
0.02099
0.01887
0.01523
0.01045
0.00494
-0.00096
-0.00698
-0.01289
-0.01844
-0.02342
-0.02771
-0.03125
-0.03396
-0.03568
-0.03631
-0.03608
-0.03554
-0.03531
-0.03576
-0.03672
-0.03755
-0.03762
-0.03667
-0.0349
-0.03262
-0.02994
-0.0266
-0.02215
-0.01616
-0.0084
0.00086
0.01082
0.02038
0.02868
0.03543
0.04099
0.04604
0.05105
0.05609
0.06089
0.06531
0.06946
0.07368
0.07816
0.08282
0.08742
0.09182
0.09595
0.09972
0.10287
0.10501
0.10585
0.10533
0.1036
0.10089
0.09723
0.0924
0.08606
0.07801
0.06834
0.05744
0.04592
0.03447
0.02373
0.01405
0.00546
-0.00224
-0.00923
-0.01556
-0.02121
-0.02628
-0.0311
-0.03617
-0.04188
-0.04828
-0.05513
-0.06213
-0.06912
-0.07606
-0.08274
-0.08884
-0.09396
-0.09784
-0.10045
-0.1021
-0.1033
-0.10452
-0.10588
-0.10706
-0.10741
-0.10626
-0.1034
-0.09912
-0.09405
-0.08868
-0.08316
-0.07738
-0.07117
-0.06453
-0.05764
-0.05087
-0.04465
-0.03931
-0.03492
-0.03132
-0.02837
-0.02607
-0.02451
-0.02373
-0.02362
-0.02395
-0.02446
-0.02489
-0.02501
-0.0245
-0.02302
-0.02031
-0.01627
-0.01098
-0.00471
0.00221
0.00947
0.01684
0.02422
0.03161
0.039
0.04618
0.05278
0.05847
0.06303
0.06651
0.06926
0.07175
0.07432
0.07698
0.07943
0.08122
0.08192
0.08117
0.07867
0.07413
0.06729
0.05801
0.04631
0.03241
0.0167
-0.00026
-0.01775
-0.03503
-0.05144
-0.06643
-0.07956
-0.09049
-0.09904
-0.10525
-0.10933
-0.11159
-0.11241
-0.11223
-0.11139
-0.10995
-0.10754
-0.10365
-0.09789
-0.09024
-0.08099
-0.07053
-0.05916
-0.04699
-0.03413
-0.02086
-0.0076
0.00514
0.01695
0.02756
0.03678
0.04452
0.05076
0.05547
0.05857
0.05993
0.05948
0.05724
0.05331
0.0478
0.0408
0.03252
0.02345
0.0143
0.00576
-0.00184
-0.00867
-0.01515
-0.02151
-0.02761
-0.03311
-0.03788
-0.04228
-0.0469
-0.05204
-0.05738
-0.06215
-0.0657
-0.06783
-0.06877
-0.06883
-0.06802
-0.06609
-0.06269
-0.05771
-0.05147
-0.04467
-0.03808
-0.03214
-0.02671
-0.0212
-0.01499
-0.00791
-0.00027
0.00726
0.01405
0.01967
0.02403
0.02721
0.0294
0.03075
0.03132
0.03105
0.02978
0.02732
0.02358
0.01871
0.01305
0.00703
0.00101
-0.00485
-0.01037
-0.01535
-0.01949
-0.02262
-0.02474
-0.02594
-0.02617
-0.02523
-0.02274
-0.01837
-0.01199
-0.00375
0.00591
0.01642
0.02714
0.03743
0.04672
0.05469
0.06127
0.06667
0.0711
0.07457
0.07672
0.07716
0.07571
0.07267
0.06868
0.06437
0.06002
0.05558
0.05093
0.04605
0.04099
0.03571
0.03008
0.02392
0.01714
0.00979
0.00208
-0.00567
-0.01295
-0.01929
-0.02435
-0.02814
-0.03081
-0.0324
-0.03274
-0.03158
-0.02895
-0.02536
-0.02163
-0.01856
-0.01657
-0.01566
-0.01572
-0.01682
-0.01924
-0.0232
-0.02856
-0.03474
-0.041
-0.04681
-0.05196
-0.05637
-0.05989
-0.06219
-0.06299
-0.06217
-0.05981
-0.05614
-0.05149
-0.04626
-0.04081
-0.03542
-0.03022
-0.02533
-0.02091
-0.01721
-0.01447
-0.0128
-0.01195
-0.01144
-0.01075
-0.00952
-0.00763
-0.00512
-0.00221
0.00085
0.00384
0.00657
0.00878
0.01008
0.01014
0.00882
0.0063
0.00297
-0.00064
-0.00398
-0.00651
-0.00784
-0.00775
-0.00622
-0.00334
0.00073
0.00578
0.01151
0.01764
0.02394
0.0303
0.03658
0.04262
0.04826
0.05335
0.05781
0.06157
0.0646
0.06682
0.06816
0.06848
0.06771
0.06583
0.06292
0.05911
0.05463
0.04972
0.04444
0.03863
0.03202
0.02459
0.01679
0.00939
0.0031
-0.00173
-0.00521
-0.0077
-0.00957
-0.01101
-0.01201
-0.01238
-0.0119
-0.01054
-0.00854
-0.00642
-0.00471
-0.00364
-0.00306
-0.00268
-0.00241
-0.0026
-0.00383
-0.00654
-0.0107
-0.01582
-0.02121
-0.02639
-0.0312
-0.0357
-0.03985
-0.0435
-0.04653
-0.04894
-0.0507
-0.05168
-0.05173
-0.05082
-0.0492
-0.04733
-0.04573
-0.04469
-0.04429
-0.0444
-0.04492
-0.04588
-0.04736
-0.04935
-0.05166
-0.05407
-0.05643
-0.05872
-0.06103
-0.06338
-0.0657
-0.06776
-0.06932
-0.07013
-0.07002
-0.06892
-0.06687
-0.06405
-0.06062
-0.05671
-0.0523
-0.04731
-0.04172
-0.03552
-0.02865
-0.02096
-0.01242
-0.00337
0.00547
0.01332
0.01969
0.02457
0.02821
0.03089
0.03273
0.03379
0.03415
0.034
0.03358
0.03317
0.03294
0.03287
0.03281
0.03255
0.03192
0.03082
0.02939
0.02792
0.02675
0.0261
0.02599
0.02639
0.02736
0.02909
0.03168
0.03499
0.03865
0.04229
0.04577
0.04915
0.05244
0.05538
0.05756
0.05875
0.05915
0.05927
0.05951
0.05983
0.05977
0.0589
0.05712
0.05482
0.05254
0.05067
0.04916
0.04766
0.04577
0.04334
0.0404
0.03699
0.03301
0.02833
0.02285
0.01657
0.00951
0.00175
-0.00659
-0.01519
-0.02343
-0.03056
-0.03604
-0.03977
-0.04197
-0.04285
-0.04232
-0.04009
-0.03601
-0.03033
-0.02362
-0.01653
-0.00964
-0.00344
0.0017
0.00562
0.00847
0.01071
0.01283
0.01499
0.01699
0.01848
0.0193
0.01951
0.01931
0.01897
0.01865
0.01835
0.01789
0.01697
0.01537
0.01298
0.00981
0.006
0.00178
-0.00258
-0.00685
-0.01091
-0.01483
-0.01868
-0.02235
-0.02537
-0.02719
-0.02739
-0.02587
-0.02287
-0.01873
-0.01375
-0.00814
-0.00203
0.00441
0.01094
0.01733
0.02348
0.0294
0.03528
0.04138
0.04802
0.05548
0.06387
0.07304
0.08256
0.09182
0.1003
0.10767
0.11386
0.11888
0.12273
0.12531
0.1264
0.12575
0.12307
0.11803
0.11039
0.10004
0.08724
0.0726
0.05693
0.04104
0.02564
0.01128
-0.00161
-0.01297
-0.02316
-0.03275
-0.04219
-0.05153
-0.06042
-0.06849
-0.07561
-0.08195
-0.0878
-0.09328
-0.0982
-0.10221
-0.10502
-0.1065
-0.10673
-0.10597
-0.10464
-0.1032
-0.10211
-0.10166
-0.10191
-0.10276
-0.10399
-0.10538
-0.10674
-0.10789
-0.10854
-0.10829
-0.10661
-0.10307
-0.09752
-0.09013
-0.08121
-0.07114
-0.0602
-0.04861
-0.03653
-0.02416
-0.01185
-0.00012
0.01047
0.01956
0.02715
0.03355
0.03908
0.04394
0.04814
0.05157
0.054
0.05509
0.05444
0.05179
0.04716
0.04092
0.03355
0.02543
0.01666
0.00717
-0.0031
-0.01399
-0.025
-0.03541
-0.04464
-0.05246
-0.059
-0.06446
-0.06878
-0.07164
-0.07256
-0.07124
-0.06784
-0.06291
-0.05712
-0.05097
-0.04463
-0.03812
-0.03149
-0.0249
-0.01858
-0.01262
-0.00689
-0.00118
0.00454
0.01006
0.01499
0.0191
0.02249
0.02546
0.0283
0.03098
0.03315
0.03433
0.03427
0.03306
0.03101
0.02849
0.02576
0.02291
0.01998
0.017
0.01402
0.01117
0.0085
0.00605
0.00373
0.00142
-0.00099
-0.00345
-0.00576
-0.00758
-0.00864
-0.0089
-0.00853
-0.00788
-0.00728
-0.00692
-0.00675
-0.00663
-0.00644
-0.00619
-0.00588
-0.00547
-0.00491
-0.00427
-0.00378
-0.00366
-0.004
-0.00465
-0.00534
-0.00583
-0.00603
-0.00599
-0.00576
-0.00537
-0.00482
-0.00414
-0.00336
-0.00248
-0.00149
-0.00045
0.00056
0.00143
0.00214
0.00269
0.00309
0.00336
0.00354
0.00364
0.00362
0.00337
0.00279
0.00192
0.00095
0.00015
-0.00022
-0.00003
0.00078
0.00213
0.00382
0.0056
0.00733
0.00897
0.01053
0.01197
0.01318
0.01406
0.01468
0.01521
0.01581
0.01652
0.01724
0.01775
0.01784
0.0174
0.0164
0.01495
0.01308
0.01075
0.00794
0.00473
0.00132
-0.00208
-0.00541
-0.00868
-0.01187
-0.0149
-0.01759
-0.0198
-0.02151
-0.02284
-0.02397
-0.02501
-0.02596
-0.02673
-0.02724
-0.02744
-0.02739
-0.02719
-0.0269
-0.02653
-0.026
-0.02518
-0.02399
-0.02241
-0.02046
-0.01817
-0.01557
-0.01275
-0.0098
-0.00692
-0.00426
-0.00195
-0.00004
0.00143
0.00252
0.00329
0.00384
0.00422
0.00448
0.0046
0.00463
0.0046
0.00457
0.00455
0.00449
0.00434
0.00412
0.00386
0.00366
0.00356
0.00358
0.00365
0.0037
0.00368
0.00358
0.00345
0.00329
0.0031
0.00282
0.00245
0.00202
0.00163
0.00134
0.00121
0.00119
0.00122
0.00126
0.00129
0.00138
0.00158
0.0019
0.0023
0.00273
0.00312
0.00346
0.00375
0.00403
0.00429
0.00453
0.00474
0.00491
0.00504
0.00516
0.00528
0.00542
0.0056
0.0058
0.00599
0.00615
0.00623
0.00625
0.00622
0.00617
0.00612
0.00606
0.006
0.00594
0.00588
0.00581
0.00574
0.00564
0.00551
0.00536
0.0052
0.00506
0.00494
0.00487
0.00482
0.00479
0.00477
0.00476
0.00475
0.00475
0.00474
0.00472
0.00471
0.00471
0.00473
0.00475
0.0048
0.00484
0.00489
0.00492
0.00495
0.00496
0.00497
0.00498
0.00498
0.00496
0.00493
0.00489
0.00484
0.00479
0.00473
0.00467
0.00461
0.00455
0.0045
0.00446
0.00442
0.0044
0.00438
0.00436
0.00434
0.00432
0.00428
0.00425
0.0042
0.00415
0.0041
0.00405
0.004
0.00396
0.00391
0.00386
0.00381
0.00376
0.00371
0.00367
0.00362
0.00357
0.00352
0.00347
0.00342
0.00336
0.00331
0.00326
0.0032
0.00315
0.0031
0.00305
0.003
0.00295
0.0029
0.00285
0.0028
0.00276
0.00271
0.00267
0.00262
0.00258
0.00254
0.0025
0.00245
0.00241
0.00237
0.00233
0.00229
0.00225
0.00221
0.00217
0.00213
0.00084
