0.00011
0.00078
0.00258
0.00548
0.00864
0.01103
0.0121
0.01199
0.01124
0.01043
0.00989
0.0097
0.00975
0.00985
0.00988
0.0098
0.00964
0.00946
0.00929
0.00915
0.00903
0.00892
0.00881
0.00871
0.0086
0.00849
0.0084
0.00831
0.00822
0.00812
0.008
0.00786
0.00771
0.00755
0.0074
0.00728
0.00719
0.0071
0.00699
0.00687
0.00678
0.00672
0.00668
0.00662
0.00652
0.00639
0.00625
0.0061
0.00597
0.00587
0.0058
0.00572
0.00561
0.00545
0.00527
0.00512
0.00502
0.00497
0.00495
0.00494
0.0049
0.00481
0.00472
0.00471
0.0048
0.00489
0.00486
0.00465
0.00434
0.00407
0.00391
0.00385
0.00381
0.00372
0.00361
0.00351
0.00347
0.00353
0.00366
0.00376
0.00375
0.0036
0.00336
0.00308
0.00282
0.0026
0.00247
0.00244
0.0025
0.00259
0.00264
0.00258
0.0024
0.00217
0.00196
0.00185
0.00188
0.00204
0.0023
0.00251
0.0025
0.00224
0.00184
0.00151
0.00135
0.0013
0.00124
0.00113
0.00104
0.00109
0.00132
0.00159
0.00169
0.00147
0.00093
0.00029
-0.00014
-0.00021
0.00003
0.00043
0.00082
0.0011
0.00118
0.00108
0.00094
0.00088
0.00087
0.00076
0.00045
0.00007
-0.00012
0.00004
0.00046
0.00083
0.00094
0.00069
0.00017
-0.00047
-0.00105
-0.0014
-0.0014
-0.00115
-0.00089
-0.00084
-0.00094
-0.00095
-0.00075
-0.00052
-0.0005
-0.0007
-0.00091
-0.00092
-0.00082
-0.0009
-0.00123
-0.00157
-0.00161
-0.00128
-0.00082
-0.00062
-0.00088
-0.00144
-0.0019
-0.00199
-0.00183
-0.00178
-0.00199
-0.00225
-0.00228
-0.00203
-0.00164
-0.00132
-0.00126
-0.00155
-0.0021
-0.00266
-0.00295
-0.00283
-0.00234
-0.00169
-0.00116
-0.00092
-0.00097
-0.00119
-0.00145
-0.00166
-0.0018
-0.00188
-0.00187
-0.00183
-0.00183
-0.00195
-0.00208
-0.00203
-0.00166
-0.0011
-0.00068
-0.00074
-0.00136
-0.00228
-0.0031
-0.0035
-0.0034
-0.00301
-0.00263
-0.00246
-0.00246
-0.00246
-0.00238
-0.00237
-0.00268
-0.00341
-0.00433
-0.00505
-0.00523
-0.00479
-0.00398
-0.00329
-0.00312
-0.0035
-0.00408
-0.00448
-0.00457
-0.00438
-0.00398
-0.0035
-0.0032
-0.00328
-0.00375
-0.00439
-0.00487
-0.00493
-0.00444
-0.00357
-0.00278
-0.00246
-0.00264
-0.00303
-0.00328
-0.00327
-0.00307
-0.00284
-0.00267
-0.00257
-0.00256
-0.00266
-0.00297
-0.00359
-0.00451
-0.00542
-0.00598
-0.00604
-0.00565
-0.0049
-0.00386
-0.00275
-0.00193
-0.00163
-0.0019
-0.00264
-0.00362
-0.00448
-0.0049
-0.00484
-0.00463
-0.0046
-0.00485
-0.00517
-0.0054
-0.0055
-0.00546
-0.00523
-0.00484
-0.00455
-0.00461
-0.00502
-0.00547
-0.0056
-0.00531
-0.00484
-0.00451
-0.00457
-0.00505
-0.00572
-0.00612
-0.0059
-0.00516
-0.00441
-0.00411
-0.00428
-0.00465
-0.00506
-0.00555
-0.00609
-0.00638
-0.00603
-0.00496
-0.00354
-0.00235
-0.00173
-0.00162
-0.00175
-0.00195
-0.00222
-0.00253
-0.0027
-0.00251
-0.00198
-0.00144
-0.00126
-0.00168
-0.00269
-0.00423
-0.00623
-0.00832
-0.00976
-0.00984
-0.00843
-0.00601
-0.00341
-0.00138
-0.00034
-0.00035
-0.0011
-0.00205
-0.00268
-0.0028
-0.00264
-0.00263
-0.00305
-0.00382
-0.0046
-0.00502
-0.00507
-0.00504
-0.00518
-0.00536
-0.00523
-0.00466
-0.0039
-0.0034
-0.00355
-0.00445
-0.00586
-0.00723
-0.00797
-0.0079
-0.00747
-0.00744
-0.0082
-0.00941
-0.01035
-0.01041
-0.00929
-0.00698
-0.00383
-0.00061
0.00175
0.00253
0.00166
-0.0002
-0.00203
-0.00304
-0.00293
-0.0019
-0.00045
0.00061
0.00047
-0.00122
-0.00406
-0.00709
-0.00941
-0.01064
-0.01091
-0.01055
-0.0097
-0.00841
-0.00692
-0.00565
-0.00492
-0.00465
-0.00454
-0.00434
-0.00408
-0.00396
-0.00411
-0.00445
-0.00472
-0.00479
-0.00471
-0.00461
-0.00446
-0.00397
-0.00277
-0.00081
0.00147
0.00321
0.00359
0.00216
-0.00091
-0.00493
-0.00904
-0.01255
-0.01519
-0.01697
-0.01785
-0.01747
-0.01539
-0.01151
-0.00634
-0.00076
0.00449
0.00894
0.0123
0.01427
0.01453
0.01289
0.00938
0.00456
-0.0006
-0.00489
-0.00738
-0.00768
-0.00615
-0.00371
-0.00145
-0.00003
0.00068
0.00123
0.00197
0.00258
0.00226
0.00026
-0.00366
-0.00921
-0.01569
-0.02216
-0.02763
-0.03124
-0.03252
-0.03163
-0.02942
-0.02694
-0.02489
-0.0232
-0.02125
-0.0184
-0.01451
-0.00989
-0.00498
0.0002
0.00581
0.01163
0.0167
0.01971
0.01993
0.01768
0.01412
0.01067
0.00823
0.00676
0.00543
0.00336
0.00023
-0.00375
-0.00821
-0.01282
-0.01736
-0.02157
-0.02512
-0.02774
-0.02928
-0.02958
-0.02845
-0.02579
-0.02177
-0.01682
-0.01166
-0.00726
-0.00448
-0.0037
-0.00463
-0.00656
-0.00875
-0.01072
-0.01228
-0.01332
-0.01365
-0.01307
-0.01159
-0.00992
-0.00952
-0.01204
-0.01818
-0.0269
-0.03558
-0.04127
-0.04192
-0.03718
-0.0281
-0.01623
-0.00296
0.01048
0.02265
0.03173
0.03608
0.0351
0.02972
0.02205
0.01443
0.00855
0.00507
0.00381
0.00414
0.0054
0.00706
0.00877
0.01019
0.01111
0.0116
0.01209
0.0131
0.01482
0.01676
0.01776
0.01646
0.012
0.00429
-0.00604
-0.01785
-0.0296
-0.03966
-0.04675
-0.05047
-0.05126
-0.04996
-0.04723
-0.04308
-0.03698
-0.02853
-0.01836
-0.00827
-0.00043
0.0042
0.00657
0.00867
0.01183
0.01566
0.0186
0.01951
0.01868
0.01749
0.01696
0.01668
0.01497
0.01017
0.00205
-0.0078
-0.01689
-0.02338
-0.02734
-0.03053
-0.03485
-0.04046
-0.04559
-0.04782
-0.046
-0.04085
-0.03409
-0.02701
-0.01987
-0.01236
-0.00446
0.00308
0.00903
0.01238
0.01292
0.01104
0.00725
0.00198
-0.00429
-0.01091
-0.01733
-0.02352
-0.0298
-0.03639
-0.04292
-0.04846
-0.05191
-0.05252
-0.05005
-0.04485
-0.03755
-0.02863
-0.01818
-0.00618
0.0068
0.01919
0.02885
0.03421
0.03508
0.03239
0.02737
0.02095
0.01389
0.00733
0.00292
0.00226
0.00604
0.01354
0.02283
0.03157
0.03794
0.04128
0.04202
0.04105
0.03878
0.03451
0.02678
0.01444
-0.00192
-0.01948
-0.03435
-0.04385
-0.04809
-0.04945
-0.05056
-0.05244
-0.05438
-0.0551
-0.05416
-0.05196
-0.04864
-0.04328
-0.03439
-0.02155
-0.00634
0.00856
0.02113
0.03086
0.03793
0.04166
0.03992
0.03022
0.01195
-0.01242
-0.03814
-0.06028
-0.07551
-0.08241
-0.081
-0.07237
-0.05867
-0.04282
-0.02794
-0.01675
-0.01124
-0.0124
-0.0199
-0.03194
-0.04563
-0.05779
-0.06577
-0.06774
-0.06284
-0.05123
-0.03415
-0.01402
0.00574
0.02157
0.03103
0.03379
0.03152
0.02677
0.02165
0.01715
0.01326
0.00968
0.0062
0.00262
-0.00136
-0.00606
-0.01203
-0.02017
-0.03129
-0.04513
-0.05982
-0.07275
-0.08239
-0.08931
-0.09535
-0.10143
-0.10614
-0.10619
-0.09855
-0.08257
-0.06079
-0.03772
-0.01759
-0.00271
0.00649
0.0104
0.0099
0.00696
0.00507
0.00825
0.01875
0.03522
0.05269
0.06473
0.06648
0.05687
0.0389
0.01783
-0.00133
-0.01575
-0.02501
-0.02991
-0.03075
-0.02644
-0.01507
0.00452
0.03121
0.06117
0.08897
0.10985
0.12143
0.12411
0.12011
0.11215
0.10257
0.09302
0.08447
0.07717
0.07051
0.06303
0.05313
0.04034
0.02602
0.01266
0.00213
-0.00563
-0.01258
-0.02117
-0.03252
-0.04559
-0.05771
-0.06615
-0.06961
-0.06885
-0.06607
-0.06371
-0.06348
-0.06626
-0.07269
-0.08345
-0.09856
-0.11619
-0.13256
-0.14316
-0.14467
-0.13594
-0.11756
-0.09065
-0.05623
-0.01579
0.02736
0.06763
0.09846
0.11469
0.1146
0.10027
0.07624
0.04768
0.01905
-0.00636
-0.02657
-0.04098
-0.05012
-0.05521
-0.05774
-0.05919
-0.06084
-0.06312
-0.06492
-0.06341
-0.0553
-0.03868
-0.0143
0.01477
0.0448
0.07291
0.09725
0.11637
0.12893
0.13424
0.13268
0.12524
0.11296
0.09691
0.07861
0.06018
0.04361
0.02985
0.01855
0.00857
-0.00143
-0.01257
-0.02562
-0.04057
-0.05608
-0.06945
-0.07776
-0.07964
-0.07587
-0.0684
-0.05881
-0.04781
-0.03607
-0.02486
-0.01557
-0.00862
-0.00317
0.0019
0.00659
0.00916
0.00725
-0.00038
-0.01295
-0.02819
-0.04332
-0.05568
-0.06331
-0.06567
-0.06392
-0.06015
-0.05583
-0.05071
-0.04341
-0.03321
-0.0216
-0.01186
-0.00702
-0.00797
-0.01343
-0.02168
-0.03191
-0.04386
-0.05628
-0.06639
-0.07094
-0.06812
-0.05844
-0.044
-0.02729
-0.01042
0.00522
0.01951
0.03375
0.0499
0.06921
0.09121
0.11373
0.13373
0.14841
0.15573
0.15452
0.14437
0.12572
0.10001
0.06921
0.03531
0.00017
-0.03381
-0.06286
-0.08221
-0.08799
-0.07955
-0.06006
-0.03483
-0.00911
0.01288
0.02783
0.03346
0.02921
0.01691
0.00044
-0.01553
-0.02718
-0.03239
-0.03055
-0.02193
-0.0076
0.01005
0.02709
0.03915
0.04358
0.04098
0.03463
0.02825
0.02416
0.02285
0.02365
0.02538
0.02686
0.02722
0.02597
0.02301
0.01898
0.01553
0.01487
0.01869
0.02697
0.03778
0.04803
0.05509
0.05819
0.05886
0.05991
0.06353
0.06993
0.07763
0.08528
0.09291
0.1017
0.11248
0.12482
0.1375
0.14977
0.16194
0.17471
0.18817
0.20106
0.21113
0.21659
0.21784
0.21792
0.22081
0.22907
0.24246
0.25855
0.27421
0.28707
0.29607
0.3009
0.30117
0.29605
0.28434
0.26466
0.23624
0.20007
0.15946
0.11898
0.08232
0.05075
0.02282
-0.00429
-0.03249
-0.06125
-0.08816
-0.11095
-0.12861
-0.1407
-0.14586
-0.14131
-0.12439
-0.09481
-0.0555
-0.01151
0.03185
0.07048
0.10234
0.1278
0.14924
0.16954
0.19002
0.20936
0.22449
0.23284
0.23407
0.22944
0.21987
0.20495
0.18413
0.15896
0.13382
0.11409
0.10292
0.09943
0.09989
0.10066
0.10014
0.09825
0.09458
0.08725
0.07364
0.05226
0.02403
-0.00825
-0.04121
-0.07157
-0.09637
-0.11376
-0.12359
-0.12703
-0.12551
-0.12001
-0.11099
-0.09885
-0.08453
-0.06993
-0.05725
-0.04791
-0.04192
-0.03857
-0.0369
-0.03458
-0.02701
-0.00891
0.02175
0.06114
0.10111
0.13432
0.15881
0.17835
0.19868
0.22307
0.25035
0.27623
0.29642
0.309
0.31485
0.31635
0.31579
0.3144
0.31216
0.30845
0.3028
0.29543
0.28742
0.28078
0.27769
0.27902
0.28357
0.28871
0.29215
0.29352
0.29439
0.29679
0.30117
0.30589
0.30816
0.30564
0.29757
0.28432
0.26612
0.24263
0.21364
0.17997
0.14355
0.10683
0.07191
0.04004
0.01198
-0.01148
-0.02954
-0.04168
-0.04785
-0.04823
-0.04277
-0.03149
-0.01533
0.00355
0.02243
0.03871
0.04968
0.05198
0.04209
0.01804
-0.01893
-0.06446
-0.11289
-0.15932
-0.20016
-0.2326
-0.25424
-0.26363
-0.26109
-0.24889
-0.23083
-0.21126
-0.19364
-0.1793
-0.16718
-0.15472
-0.1393
-0.11941
-0.09486
-0.06622
-0.03421
0.00038
0.03632
0.07152
0.10345
0.13004
0.15023
0.16436
0.17435
0.18336
0.19423
0.20765
0.2217
0.23323
0.24017
0.24288
0.24341
0.24358
0.24386
0.24384
0.24353
0.24401
0.24673
0.25192
0.25718
0.2574
0.24692
0.22273
0.18645
0.14362
0.10084
0.06316
0.03322
0.01168
-0.00172
-0.0074
-0.00543
0.00425
0.02131
0.04434
0.07111
0.09949
0.12824
0.1565
0.18255
0.20331
0.21554
0.21746
0.20925
0.19247
0.16902
0.14055
0.10802
0.07166
0.0315
-0.0116
-0.05516
-0.09556
-0.1302
-0.15986
-0.18856
-0.2204
-0.2559
-0.29135
-0.32177
-0.34466
-0.36089
-0.37256
-0.38038
-0.38329
-0.38025
-0.37209
-0.36138
-0.35058
-0.3404
-0.32956
-0.31606
-0.29916
-0.28016
-0.26087
-0.24093
-0.21707
-0.18531
-0.14409
-0.09549
-0.04369
0.00751
0.05591
0.10041
0.13989
0.17263
0.19671
0.21079
0.21441
0.20782
0.19178
0.16778
0.13811
0.10517
0.07013
0.03227
-0.00993
-0.05678
-0.10678
-0.1586
-0.21304
-0.27226
-0.33699
-0.40472
-0.47105
-0.53254
-0.58846
-0.63963
-0.6861
-0.72596
-0.75641
-0.77565
-0.78436
-0.78551
-0.78273
-0.77808
-0.77116
-0.7604
-0.74497
-0.72492
-0.69966
-0.66715
-0.62568
-0.57636
-0.52308
-0.46969
-0.41692
-0.36229
-0.3028
-0.23805
-0.17114
-0.10718
-0.05081
-0.00415
0.03383
0.06603
0.0945
0.11835
0.13409
0.1382
0.12983
0.11161
0.08813
0.06313
0.03772
0.01081
-0.01892
-0.05132
-0.08421
-0.11377
-0.13558
-0.14612
-0.14449
-0.13296
-0.11623
-0.09947
-0.08625
-0.07779
-0.07428
-0.07689
-0.08804
-0.10953
-0.14022
-0.17559
-0.2097
-0.23798
-0.25864
-0.2716
-0.27661
-0.27261
-0.25913
-0.23796
-0.21348
-0.19094
-0.17408
-0.16386
-0.15906
-0.1576
-0.15739
-0.15658
-0.15389
-0.14896
-0.14212
-0.13365
-0.12266
-0.10694
-0.0837
-0.05103
-0.00938
0.03815
0.08695
0.13287
0.17316
0.20675
0.23427
0.25793
0.28039
0.30343
0.32768
0.35322
0.37997
0.40708
0.43217
0.4514
0.46054
0.45637
0.43753
0.40456
0.35999
0.30833
0.25468
0.20275
0.15417
0.10967
0.07041
0.03771
0.01212
-0.00713
-0.0223
-0.03672
-0.0537
-0.07535
-0.10225
-0.13378
-0.16863
-0.20528
-0.24251
-0.2796
-0.31603
-0.35123
-0.38484
-0.41727
-0.44992
-0.48455
-0.52161
-0.55911
-0.59345
-0.62142
-0.64101
-0.6509
-0.64987
-0.63718
-0.6135
-0.58143
-0.54503
-0.50857
-0.47509
-0.44596
-0.42115
-0.39951
-0.379
-0.35765
-0.33456
-0.31027
-0.28594
-0.26243
-0.23984
-0.21749
-0.19435
-0.16994
-0.14472
-0.11908
-0.09223
-0.06237
-0.02818
0.00967
0.04809
0.08295
0.1116
0.13469
0.1555
0.17741
0.20201
0.229
0.25673
0.28299
0.30619
0.32622
0.3439
0.35951
0.37185
0.379
0.37981
0.37492
0.36654
0.35704
0.34743
0.33699
0.32429
0.30873
0.29158
0.27544
0.2627
0.25444
0.25038
0.24939
0.24975
0.24906
0.24447
0.23331
0.21372
0.1849
0.1471
0.10113
0.04775
-0.01234
-0.07798
-0.14712
-0.2171
-0.28525
-0.34933
-0.40773
-0.45913
-0.50232
-0.53652
-0.56168
-0.57842
-0.58772
-0.59068
-0.58862
-0.58302
-0.57534
-0.56677
-0.55788
-0.54826
-0.53649
-0.52105
-0.50152
-0.47878
-0.4541
-0.4281
-0.40004
-0.36756
-0.3276
-0.27749
-0.21581
-0.1432
-0.06335
0.01699
0.08995
0.14938
0.19292
0.22234
0.24236
0.25856
0.27535
0.29486
0.31669
0.33863
0.35792
0.37274
0.38274
0.38874
0.39224
0.39517
0.39946
0.40653
0.41709
0.43099
0.44739
0.46548
0.48496
0.50558
0.52611
0.54431
0.55818
0.56756
0.57454
0.58209
0.59178
0.60255
0.61154
0.6164
0.61706
0.61524
0.61275
0.6103
0.60804
0.60652
0.60679
0.60972
0.61537
0.6229
0.63062
0.6361
0.63645
0.62866
0.60985
0.57805
0.533
0.47643
0.41121
0.34024
0.26612
0.19182
0.12147
0.05987
0.01055
-0.0257
-0.0509
-0.06857
-0.08211
-0.09359
-0.10326
-0.11016
-0.11317
-0.11188
-0.10652
-0.0973
-0.08386
-0.06547
-0.04193
-0.01417
0.01573
0.04525
0.07229
0.09556
0.11412
0.12682
0.13186
0.12725
0.11151
0.08426
0.04646
0.00058
-0.04953
-0.09936
-0.1448
-0.18333
-0.21517
-0.24349
-0.27295
-0.30759
-0.34909
-0.39641
-0.44657
-0.4962
-0.54271
-0.58451
-0.62043
-0.64933
-0.67052
-0.68433
-0.69256
-0.69838
-0.70563
-0.71627
-0.7264
-0.72441
-0.69587
-0.6334
-0.54328
-0.44251
-0.34922
-0.27419
-0.21842
-0.17638
-0.14166
-0.11101
-0.08457
-0.0637
-0.04884
-0.03906
-0.03285
-0.02882
-0.02588
-0.02321
-0.02033
-0.01761
-0.01633
-0.01813
-0.02422
-0.03506
-0.05069
-0.07112
-0.09592
-0.12312
-0.14874
-0.16809
-0.17817
-0.17935
-0.17497
-0.16919
-0.16486
-0.16246
-0.16047
-0.15616
-0.1464
-0.1284
-0.10059
-0.06329
-0.01867
0.02978
0.07831
0.1242
0.16663
0.20669
0.24659
0.28888
0.33533
0.38593
0.43878
0.49062
0.53785
0.57811
0.61178
0.64182
0.6719
0.70427
0.73872
0.77293
0.80427
0.83164
0.85486
0.87052
0.86763
0.82963
0.74449
0.61498
0.45932
0.30148
0.1598
0.04202
-0.05335
-0.13272
-0.20296
-0.26788
-0.32704
-0.37723
-0.41481
-0.43743
-0.44491
-0.43956
-0.42585
-0.40932
-0.39484
-0.38524
-0.38111
-0.38158
-0.38551
-0.39199
-0.40027
-0.40976
-0.41953
-0.42725
-0.42839
-0.41766
-0.39203
-0.35286
-0.30555
-0.25696
-0.21276
-0.17604
-0.14731
-0.12501
-0.1063
-0.08867
-0.07141
-0.05558
-0.0424
-0.03206
-0.02395
-0.01775
-0.01427
-0.01566
-0.02455
-0.04263
-0.06949
-0.10279
-0.13937
-0.17632
-0.21165
-0.24444
-0.27478
-0.30287
-0.32792
-0.34764
-0.35929
-0.36138
-0.35482
-0.34262
-0.32892
-0.31767
-0.31157
-0.31151
-0.31653
-0.32397
-0.33019
-0.33153
-0.32539
-0.31051
-0.28641
-0.25301
-0.21097
-0.16232
-0.11038
-0.05888
-0.0107
0.03279
0.07135
0.10503
0.13351
0.15612
0.17261
0.18398
0.19243
0.20019
0.20807
0.21513
0.22038
0.22485
0.23203
0.24646
0.27155
0.3081
0.35463
0.40872
0.46814
0.53121
0.59666
0.66321
0.72875
0.79025
0.8447
0.89059
0.92807
0.95796
0.98038
0.9946
0.99999
0.99725
0.98834
0.97524
0.95848
0.93612
0.90417
0.85833
0.79631
0.71915
0.63084
0.53683
0.44215
0.35005
0.26146
0.17599
0.09381
0.01722
-0.04939
-0.1012
-0.13546
-0.1534
-0.15979
-0.16016
-0.15788
-0.15318
-0.14443
-0.13062
-0.1129
-0.09435
-0.07804
-0.0651
-0.05434
-0.0434
-0.0304
-0.01482
0.00212
0.01761
0.02762
0.02816
0.01682
-0.00607
-0.0377
-0.07413
-0.11173
-0.14798
-0.18169
-0.21239
-0.23951
-0.26177
-0.27718
-0.28395
-0.28153
-0.27109
-0.25544
-0.2383
-0.22308
-0.21146
-0.20293
-0.19562
-0.1877
-0.17818
-0.16701
-0.15493
-0.14317
-0.13329
-0.12663
-0.12381
-0.12428
-0.12642
-0.128
-0.12704
-0.12264
-0.11535
-0.10685
-0.09905
-0.09292
-0.08769
-0.08132
-0.07195
-0.05936
-0.04551
-0.03362
-0.02653
-0.02535
-0.02924
-0.03625
-0.04452
-0.053
-0.06168
-0.07127
-0.08266
-0.09636
-0.11204
-0.12852
-0.14428
-0.158
-0.16874
-0.17577
-0.17813
-0.17415
-0.16138
-0.13746
-0.10182
-0.05688
-0.00736
0.04222
0.0898
0.13593
0.18196
0.2282
0.2736
0.31681
0.35753
0.39682
0.43635
0.47728
0.51962
0.56261
0.60545
0.64744
0.68739
0.72336
0.75329
0.77581
0.78987
0.79339
0.78236
0.75161
0.69717
0.61875
0.52098
0.41265
0.30425
0.2051
0.12164
0.05686
0.01056
-0.02013
-0.03963
-0.05247
-0.06266
-0.07394
-0.09029
-0.11536
-0.15095
-0.19572
-0.24542
-0.29449
-0.33806
-0.37346
-0.40079
-0.42211
-0.43987
-0.45567
-0.47021
-0.48398
-0.49779
-0.5124
-0.52777
-0.5427
-0.5555
-0.56503
-0.57088
-0.57221
-0.56616
-0.54754
-0.51108
-0.45524
-0.3847
-0.30878
-0.23681
-0.17413
-0.12153
-0.07764
-0.04156
-0.01384
0.00458
0.01392
0.01568
0.01166
0.00308
-0.00898
-0.02317
-0.03848
-0.05485
-0.07258
-0.091
-0.10766
-0.11903
-0.122
-0.11533
-0.09999
-0.07847
-0.05361
-0.02741
-0.00027
0.02888
0.06161
0.09893
0.1407
0.1854
0.23016
0.27134
0.30558
0.3304
0.34423
0.34604
0.33546
0.31314
0.2814
0.24436
0.20696
0.17316
0.14472
0.12129
0.10137
0.0832
0.06522
0.04614
0.02482
0.00057
-0.0265
-0.0556
-0.08582
-0.11637
-0.14638
-0.17483
-0.20082
-0.22391
-0.24423
-0.26222
-0.278
-0.29084
-0.29944
-0.30284
-0.30095
-0.29431
-0.2835
-0.26894
-0.25123
-0.23165
-0.21193
-0.19341
-0.17639
-0.16038
-0.14471
-0.12865
-0.11099
-0.08964
-0.0621
-0.02678
0.01596
0.06377
0.11329
0.16145
0.20629
0.24677
0.28224
0.31223
0.33662
0.35586
0.37075
0.38181
0.38876
0.39059
0.38636
0.37614
0.36146
0.34476
0.32799
0.31163
0.2948
0.27631
0.25561
0.23275
0.20772
0.17972
0.1472
0.10873
0.06418
0.01538
-0.03436
-0.08179
-0.12506
-0.16412
-0.1997
-0.23204
-0.26017
-0.2823
-0.29673
-0.30289
-0.30145
-0.29385
-0.28156
-0.26574
-0.24731
-0.2272
-0.20661
-0.18688
-0.16884
-0.15217
-0.1357
-0.11816
-0.09873
-0.07709
-0.05337
-0.02801
-0.00144
0.02591
0.05352
0.08079
0.10696
0.13079
0.15055
0.16466
0.1725
0.17476
0.17304
0.16908
0.16406
0.15828
0.1512
0.14126
0.12565
0.10095
0.06493
0.01833
-0.03482
-0.08856
-0.13699
-0.1757
-0.20213
-0.21503
-0.21357
-0.1971
-0.16599
-0.12267
-0.07187
-0.01917
0.03106
0.07661
0.11672
0.15103
0.17907
0.20049
0.21514
0.22309
0.22462
0.22043
0.21182
0.20062
0.18877
0.17789
0.16887
0.16176
0.15615
0.15143
0.14702
0.14257
0.13854
0.13647
0.13843
0.14591
0.159
0.17658
0.19685
0.21752
0.23594
0.24956
0.25655
0.25607
0.24798
0.23247
0.21001
0.18199
0.15073
0.11894
0.08856
0.06017
0.03319
0.00695
-0.01859
-0.04298
-0.066
-0.08803
-0.10976
-0.13156
-0.15325
-0.17419
-0.19344
-0.2101
-0.22363
-0.23394
-0.24129
-0.24606
-0.24877
-0.24987
-0.2494
-0.24678
-0.24085
-0.2306
-0.21601
-0.1986
-0.18078
-0.16469
-0.15124
-0.13973
-0.12845
-0.11589
-0.10153
-0.08565
-0.06887
-0.0519
-0.0355
-0.02013
-0.00559
0.00902
0.02497
0.04322
0.0641
0.08711
0.1113
0.13558
0.15895
0.18031
0.19832
0.21158
0.21927
0.22136
0.21809
0.20928
0.19413
0.17182
0.14259
0.10829
0.07179
0.03583
0.00214
-0.02898
-0.05856
-0.08844
-0.12044
-0.15563
-0.19398
-0.23432
-0.27446
-0.31196
-0.34519
-0.37382
-0.39857
-0.42041
-0.4398
-0.45643
-0.46932
-0.47739
-0.47981
-0.47605
-0.46569
-0.44841
-0.42425
-0.39397
-0.35895
-0.32086
-0.28134
-0.24187
-0.20372
-0.16787
-0.13504
-0.10563
-0.07971
-0.05704
-0.03713
-0.01921
-0.00237
0.01408
0.03046
0.04682
0.06305
0.07894
0.09418
0.10841
0.12143
0.13323
0.14371
0.15181
0.15487
0.14919
0.13242
0.10604
0.07546
0.04701
0.02428
0.00687
-0.00805
-0.02313
-0.03942
-0.05649
-0.07322
-0.08854
-0.1018
-0.11274
-0.12127
-0.12734
-0.13101
-0.13252
-0.13224
-0.13049
-0.12739
-0.12298
-0.11746
-0.11111
-0.10376
-0.0946
-0.08276
-0.06793
-0.05058
-0.03183
-0.013
0.0049
0.02146
0.03679
0.05117
0.06453
0.07648
0.08689
0.09658
0.10715
0.12008
0.13588
0.15415
0.17393
0.19419
0.21411
0.23315
0.25086
0.26699
0.28186
0.29648
0.31195
0.32846
0.34511
0.36053
0.37398
0.3856
0.39571
0.40379
0.40856
0.40895
0.40495
0.39738
0.38733
0.37554
0.36216
0.34671
0.32817
0.30517
0.27646
0.24166
0.20178
0.15914
0.11661
0.07658
0.04028
0.00776
-0.0218
-0.04957
-0.07667
-0.10382
-0.13123
-0.15887
-0.18664
-0.21436
-0.24165
-0.26814
-0.29367
-0.31818
-0.34128
-0.36216
-0.37983
-0.39333
-0.40201
-0.40583
-0.40527
-0.40069
-0.39176
-0.37728
-0.3558
-0.32648
-0.29012
-0.24939
-0.20786
-0.16834
-0.13175
-0.09733
-0.06378
-0.03058
0.00134
0.02983
0.0523
0.06684
0.07296
0.07171
0.0652
0.05578
0.04552
0.03595
0.02812
0.02271
0.02018
0.02074
0.02412
0.02974
0.03702
0.04551
0.05496
0.06542
0.07717
0.09035
0.10444
0.11806
0.1293
0.13643
0.13852
0.13576
0.12902
0.11933
0.10753
0.09408
0.07907
0.06235
0.04391
0.02382
0.00232
-0.02017
-0.04301
-0.06548
-0.08683
-0.10627
-0.12305
-0.13669
-0.14711
-0.15456
-0.15949
-0.16226
-0.16312
-0.16233
-0.16027
-0.15741
-0.15429
-0.15152
-0.14977
-0.14945
-0.15065
-0.15328
-0.15722
-0.1623
-0.16839
-0.17555
-0.18389
-0.19325
-0.20306
-0.2126
-0.2212
-0.22846
-0.23437
-0.23928
-0.2434
-0.24627
-0.24654
-0.2422
-0.2315
-0.21385
-0.19023
-0.16264
-0.13307
-0.10289
-0.07265
-0.04249
-0.01285
0.01509
0.03969
0.05973
0.07516
0.08705
0.09706
0.10668
0.11678
0.12747
0.13841
0.14905
0.15902
0.16806
0.17595
0.1822
0.18621
0.18765
0.18672
0.1841
0.18062
0.17679
0.17269
0.16801
0.16236
0.15546
0.14737
0.13886
0.13146
0.12676
0.12552
0.12718
0.13023
0.13283
0.13328
0.13019
0.12272
0.11101
0.09627
0.08043
0.06527
0.05157
0.03881
0.02549
0.01006
-0.00803
-0.02796
-0.04768
-0.06465
-0.07673
-0.083
-0.084
-0.08117
-0.07617
-0.0706
-0.0656
-0.06165
-0.05852
-0.05573
-0.05293
-0.05007
-0.04715
-0.04393
-0.03999
-0.03521
-0.03021
-0.02621
-0.02432
-0.02499
-0.02785
-0.03191
-0.03586
-0.03856
-0.03933
-0.0378
-0.0338
-0.02717
-0.0178
-0.00547
0.01015
0.02923
0.05171
0.07729
0.10543
0.13553
0.16704
0.19952
0.23258
0.2658
0.2988
0.33109
0.36197
0.39069
0.41662
0.43932
0.45829
0.47288
0.48225
0.48565
0.48257
0.4727
0.45562
0.43076
0.39776
0.35721
0.31096
0.26182
0.21272
0.16578
0.12192
0.08133
0.04425
0.01143
-0.01619
-0.03804
-0.05445
-0.06664
-0.07638
-0.08527
-0.09429
-0.10345
-0.11212
-0.11971
-0.12629
-0.13236
-0.13823
-0.14352
-0.14747
-0.14948
-0.1494
-0.14742
-0.14362
-0.13764
-0.12893
-0.11727
-0.10317
-0.08761
-0.07149
-0.05523
-0.03898
-0.02308
-0.00828
0.00467
0.01559
0.02494
0.03323
0.04019
0.04448
0.04415
0.03772
0.02499
0.00702
-0.01451
-0.03808
-0.06278
-0.08826
-0.11426
-0.14008
-0.1646
-0.18656
-0.20494
-0.21925
-0.22963
-0.23657
-0.24038
-0.24084
-0.23705
-0.22764
-0.21115
-0.18668
-0.15457
-0.11649
-0.0747
-0.03116
0.013
0.05719
0.10084
0.14301
0.18266
0.2192
0.25271
0.28366
0.31238
0.33872
0.36196
0.38114
0.39546
0.4045
0.40798
0.40538
0.39585
0.3785
0.35293
0.31968
0.28026
0.23675
0.19111
0.14485
0.09913
0.05501
0.01347
-0.02481
-0.05976
-0.09172
-0.12115
-0.14823
-0.17279
-0.19459
-0.21345
-0.22929
-0.24208
-0.25193
-0.25915
-0.2641
-0.26713
-0.26832
-0.26727
-0.26317
-0.25537
-0.24401
-0.23006
-0.215
-0.20022
-0.18657
-0.17409
-0.16215
-0.14996
-0.13708
-0.12351
-0.10972
-0.09652
-0.085
-0.07622
-0.07084
-0.06881
-0.06948
-0.07226
-0.07711
-0.0844
-0.09416
-0.10553
-0.11716
-0.12793
-0.13736
-0.14548
-0.15247
-0.1584
-0.16332
-0.16742
-0.17107
-0.17468
-0.17837
-0.18187
-0.18471
-0.18659
-0.1876
-0.18785
-0.18697
-0.1838
-0.1768
-0.16483
-0.14788
-0.12713
-0.10457
-0.08208
-0.06078
-0.04093
-0.02231
-0.00478
0.01139
0.02566
0.03761
0.04716
0.05448
0.05972
0.06276
0.06342
0.06186
0.05878
0.05502
0.05105
0.04661
0.04117
0.03459
0.02755
0.02136
0.01737
0.01629
0.01814
0.0225
0.02883
0.03643
0.04452
0.05258
0.06069
0.06938
0.07915
0.08994
0.10094
0.11102
0.11938
0.12593
0.13126
0.13621
0.14119
0.14592
0.14966
0.15163
0.15139
0.14884
0.14419
0.13772
0.12963
0.11976
0.10783
0.09367
0.07729
0.05861
0.0374
0.01368
-0.01186
-0.03789
-0.06308
-0.08665
-0.10839
-0.12828
-0.14624
-0.1623
-0.17686
-0.19085
-0.20537
-0.22099
-0.23735
-0.25329
-0.26759
-0.27957
-0.28902
-0.29585
-0.29994
-0.30113
-0.29933
-0.29462
-0.28729
-0.27769
-0.2661
-0.25271
-0.23759
-0.22075
-0.20233
-0.18279
-0.16296
-0.1437
-0.12552
-0.10831
-0.09172
-0.07575
-0.06095
-0.04792
-0.03669
-0.02667
-0.01698
-0.00711
0.00284
0.01229
0.02076
0.02831
0.03549
0.04296
0.05105
0.05979
0.06891
0.07793
0.0863
0.0935
0.09924
0.10342
0.10612
0.10743
0.10747
0.10646
0.10472
0.10277
0.10116
0.10035
0.10057
0.10187
0.10428
0.1078
0.11219
0.11695
0.12144
0.12524
0.12827
0.13066
0.13234
0.13283
0.13145
0.12772
0.12135
0.1122
0.1003
0.08591
0.06951
0.05154
0.03248
0.01304
-0.00572
-0.02277
-0.03747
-0.04987
-0.06055
-0.07027
-0.07965
-0.08885
-0.09762
-0.10534
-0.111
-0.11347
-0.11188
-0.10625
-0.09759
-0.08728
-0.07628
-0.06469
-0.0521
-0.03831
-0.0237
-0.00894
0.00536
0.01876
0.03074
0.04071
0.04828
0.05363
0.05758
0.06119
0.06521
0.06968
0.07392
0.07698
0.07829
0.07784
0.07605
0.07345
0.07058
0.06777
0.0651
0.06231
0.05882
0.05397
0.04718
0.03816
0.02698
0.01397
-0.00053
-0.01643
-0.03383
-0.05281
-0.07328
-0.09502
-0.11768
-0.14076
-0.16352
-0.18489
-0.20362
-0.21871
-0.2298
-0.23724
-0.24148
-0.24229
-0.23853
-0.22881
-0.21259
-0.19084
-0.16586
-0.14018
-0.11547
-0.09205
-0.06943
-0.04721
-0.02552
-0.00487
0.01428
0.0317
0.04741
0.06147
0.07398
0.0851
0.09518
0.10465
0.11368
0.12177
0.12783
0.13067
0.12963
0.12489
0.11704
0.10663
0.09403
0.07957
0.06369
0.04678
0.02917
0.01116
-0.00685
-0.02444
-0.04125
-0.05701
-0.07168
-0.08541
-0.09847
-0.111
-0.12297
-0.13434
-0.14517
-0.1556
-0.16564
-0.17519
-0.18411
-0.19233
-0.19988
-0.20681
-0.21309
-0.2183
-0.22173
-0.22277
-0.22137
-0.21813
-0.21388
-0.20906
-0.20349
-0.19648
-0.18734
-0.17565
-0.1614
-0.14471
-0.12579
-0.10499
-0.08311
-0.06111
-0.03967
-0.01878
0.00214
0.02377
0.04642
0.06992
0.0936
0.11641
0.13729
0.15572
0.17189
0.18644
0.1999
0.21239
0.22372
0.23369
0.24211
0.24873
0.25331
0.25582
0.25651
0.25575
0.25369
0.25014
0.24469
0.23699
0.22682
0.21419
0.19951
0.18356
0.16725
0.15139
0.13676
0.12418
0.11447
0.10808
0.10494
0.10463
0.10665
0.11058
0.116
0.12246
0.12939
0.13631
0.14295
0.14932
0.15551
0.16141
0.16676
0.17149
0.17575
0.17965
0.18299
0.18546
0.1869
0.18745
0.18738
0.1867
0.18514
0.18229
0.1779
0.17192
0.16446
0.15573
0.14604
0.1357
0.12482
0.11321
0.1005
0.08643
0.07114
0.05517
0.03918
0.02348
0.00787
-0.00797
-0.02383
-0.03875
-0.05153
-0.06134
-0.06795
-0.07157
-0.07255
-0.07108
-0.06707
-0.06037
-0.05105
-0.03968
-0.02718
-0.01443
-0.00196
0.01007
0.02166
0.03284
0.04352
0.0534
0.06204
0.06912
0.07471
0.07914
0.08269
0.08537
0.08707
0.08777
0.08756
0.08659
0.08495
0.08257
0.07911
0.07396
0.06659
0.05698
0.04574
0.03375
0.02172
0.01007
-0.00104
-0.0116
-0.02172
-0.03166
-0.04169
-0.05173
-0.06123
-0.06933
-0.07532
-0.07907
-0.08102
-0.08181
-0.08178
-0.08072
-0.07824
-0.07418
-0.06881
-0.0627
-0.0564
-0.05024
-0.04428
-0.03832
-0.03225
-0.02626
-0.02079
-0.01644
-0.01367
-0.01268
-0.01345
-0.01576
-0.01931
-0.02376
-0.02886
-0.03448
-0.04038
-0.04606
-0.05091
-0.05466
-0.0575
-0.05986
-0.06208
-0.06414
-0.06569
-0.06628
-0.06578
-0.06441
-0.06248
-0.06005
-0.05695
-0.05296
-0.04815
-0.04285
-0.03729
-0.03133
-0.02465
-0.01714
-0.00915
-0.00126
0.00598
0.01222
0.0173
0.02143
0.02507
0.02869
0.0326
0.03685
0.04121
0.04529
0.04873
0.05134
0.0531
0.05421
0.05512
0.05629
0.05811
0.06078
0.06433
0.06878
0.07429
0.08114
0.08943
0.09875
0.10844
0.11809
0.12797
0.13876
0.15107
0.16502
0.18018
0.19586
0.21132
0.22596
0.23932
0.25093
0.2602
0.26658
0.26973
0.26961
0.2665
0.26092
0.25349
0.24466
0.23469
0.2236
0.21125
0.19744
0.1822
0.1659
0.149
0.13175
0.11413
0.09605
0.07759
0.05912
0.04107
0.02385
0.00778
-0.00686
-0.01989
-0.03124
-0.04095
-0.04921
-0.05631
-0.06253
-0.06787
-0.07214
-0.07531
-0.07785
-0.08053
-0.08411
-0.08904
-0.09545
-0.10326
-0.11225
-0.122
-0.13198
-0.14173
-0.15113
-0.1605
-0.17045
-0.18132
-0.19283
-0.20413
-0.21433
-0.22287
-0.22949
-0.2339
-0.23576
-0.23489
-0.23149
-0.22596
-0.21844
-0.20853
-0.19554
-0.17902
-0.15913
-0.13656
-0.11205
-0.08606
-0.05895
-0.03119
-0.00349
0.02344
0.04916
0.07378
0.0978
0.12171
0.1455
0.16864
0.19023
0.20936
0.22521
0.23729
0.24552
0.25035
0.25254
0.25276
0.25133
0.24833
0.24377
0.23771
0.23031
0.22167
0.21175
0.20037
0.18744
0.17337
0.15895
0.145
0.13178
0.11894
0.10576
0.09185
0.07763
0.06408
0.05217
0.04222
0.03377
0.02599
0.01821
0.01027
0.00236
-0.00525
-0.01241
-0.01904
-0.02517
-0.03093
-0.03651
-0.04214
-0.048
-0.05421
-0.06093
-0.06849
-0.07741
-0.08798
-0.09993
-0.11245
-0.12484
-0.13693
-0.14885
-0.16045
-0.17107
-0.17984
-0.18618
-0.1901
-0.19205
-0.1925
-0.19162
-0.18934
-0.18556
-0.18039
-0.17419
-0.16752
-0.16104
-0.15531
-0.15054
-0.14645
-0.14232
-0.13734
-0.13089
-0.1226
-0.11237
-0.10046
-0.08764
-0.07516
-0.06422
-0.0556
-0.04944
-0.04551
-0.04334
-0.0424
-0.04233
-0.04316
-0.04531
-0.04926
-0.05515
-0.06254
-0.07071
-0.07913
-0.0877
-0.09635
-0.10467
-0.11192
-0.11755
-0.1214
-0.12374
-0.1251
-0.12603
-0.12686
-0.12769
-0.12848
-0.12925
-0.13016
-0.13154
-0.1337
-0.1367
-0.14024
-0.14381
-0.14694
-0.14925
-0.15049
-0.15063
-0.14998
-0.14898
-0.14799
-0.14708
-0.14611
-0.14469
-0.14222
-0.13814
-0.13228
-0.125
-0.11693
-0.10846
-0.09958
-0.09015
-0.08036
-0.07072
-0.06155
-0.05276
-0.04405
-0.0354
-0.02725
-0.02023
-0.01482
-0.01107
-0.00862
-0.00693
-0.00552
-0.0041
-0.00262
-0.00118
-0.00005
0.00052
0.00034
-0.00064
-0.00236
-0.0049
-0.00848
-0.01327
-0.01908
-0.02525
-0.03091
-0.03526
-0.03782
-0.03867
-0.03844
-0.0379
-0.03748
-0.0372
-0.03702
-0.03719
-0.03812
-0.03996
-0.04242
-0.04495
-0.04704
-0.04854
-0.0496
-0.05044
-0.05122
-0.05207
-0.05314
-0.05453
-0.05612
-0.05762
-0.05876
-0.05932
-0.05896
-0.05717
-0.05365
-0.04847
-0.04199
-0.0346
-0.02653
-0.01797
-0.00918
-0.00062
0.00719
0.01394
0.01962
0.02429
0.02795
0.0307
0.03273
0.03411
0.03467
0.03426
0.03313
0.03198
0.03131
0.03097
0.03024
0.0285
0.02569
0.02226
0.01886
0.01597
0.01378
0.01216
0.0109
0.01001
0.00975
0.01032
0.01164
0.01359
0.01627
0.02004
0.02503
0.03085
0.03676
0.04219
0.04708
0.0518
0.05699
0.06321
0.07066
0.07901
0.08756
0.09571
0.10322
0.11006
0.11609
0.12075
0.12322
0.12264
0.11846
0.11065
0.09986
0.08725
0.07406
0.06114
0.04879
0.03704
0.02578
0.0149
0.00435
-0.0058
-0.01524
-0.02362
-0.03068
-0.03642
-0.04092
-0.04418
-0.04613
-0.04681
-0.04654
-0.04594
-0.04577
-0.04663
-0.04876
-0.05194
-0.05564
-0.05935
-0.063
-0.06673
-0.07062
-0.0744
-0.07753
-0.07948
-0.08007
-0.07957
-0.07849
-0.07719
-0.07558
-0.07324
-0.06971
-0.06469
-0.0581
-0.04999
-0.0404
-0.02955
-0.018
-0.00647
0.00442
0.01431
0.02311
0.03098
0.0383
0.04547
0.0527
0.05989
0.06683
0.07334
0.07923
0.08431
0.08845
0.09161
0.09396
0.09572
0.09711
0.09835
0.09971
0.1015
0.10407
0.10753
0.11161
0.11557
0.11864
0.12043
0.12105
0.12077
0.11977
0.11797
0.11521
0.11146
0.10664
0.1005
0.09284
0.08389
0.07451
0.06576
0.05825
0.05194
0.0464
0.04131
0.03668
0.03281
0.0299
0.02779
0.02602
0.02414
0.02207
0.02017
0.01898
0.01869
0.01901
0.01939
0.01956
0.01969
0.0201
0.02091
0.02192
0.02279
0.02309
0.02238
0.02043
0.01737
0.01382
0.01054
0.00802
0.00626
0.00502
0.00425
0.0043
0.00558
0.00806
0.01116
0.01398
0.01579
0.01642
0.01625
0.01599
0.0162
0.01695
0.01777
0.01788
0.01661
0.01378
0.00988
0.00588
0.00277
0.0009
-0.00013
-0.0011
-0.00256
-0.00465
-0.00735
-0.01076
-0.01516
-0.02066
-0.02692
-0.03324
-0.03911
-0.04452
-0.04973
-0.05491
-0.06002
-0.06498
-0.06989
-0.07507
-0.08065
-0.08624
-0.09103
-0.09427
-0.09575
-0.09567
-0.09403
-0.09035
-0.08386
-0.07418
-0.0617
-0.0474
-0.03236
-0.01729
-0.00253
0.01178
0.02554
0.03875
0.05144
0.06363
0.07534
0.0866
0.09732
0.10713
0.11553
0.12223
0.1274
0.13148
0.13477
0.13731
0.13903
0.1399
0.14003
0.13949
0.13833
0.13651
0.13399
0.13069
0.12647
0.12103
0.11397
0.10516
0.09505
0.0845
0.07418
0.06416
0.05409
0.0437
0.03311
0.02274
0.01321
0.00515
-0.00118
-0.00612
-0.01035
-0.01435
-0.01807
-0.02111
-0.02308
-0.02385
-0.02352
-0.02236
-0.02088
-0.01969
-0.01915
-0.01901
-0.01853
-0.01693
-0.0139
-0.00982
-0.00559
-0.00218
-0.00027
-0.00013
-0.00163
-0.00431
-0.00741
-0.01019
-0.01224
-0.01361
-0.01464
-0.01546
-0.01589
-0.01556
-0.01419
-0.0117
-0.00831
-0.00444
-0.00047
0.00344
0.00735
0.01146
0.01614
0.02171
0.02819
0.03509
0.04146
0.04643
0.04969
0.05163
0.05307
0.0546
0.05612
0.05692
0.0563
0.05412
0.05086
0.04717
0.0435
0.03992
0.03621
0.0321
0.02746
0.02223
0.0164
0.01018
0.00396
-0.00183
-0.00695
-0.01139
-0.0154
-0.01938
-0.02365
-0.02826
-0.0331
-0.03801
-0.04289
-0.04759
-0.05175
-0.05491
-0.05664
-0.05681
-0.05554
-0.05309
-0.04977
-0.04596
-0.04213
-0.03865
-0.0357
-0.03331
-0.03158
-0.03066
-0.03057
-0.03103
-0.03161
-0.03197
-0.03213
-0.03233
-0.03276
-0.03341
-0.03423
-0.0353
-0.0368
-0.03884
-0.04132
-0.04391
-0.04634
-0.04853
-0.05054
-0.05231
-0.05358
-0.05401
-0.05325
-0.05114
-0.04769
-0.04299
-0.03702
-0.02963
-0.021
-0.01176
-0.00265
0.0059
0.01388
0.02134
0.02812
0.03388
0.03843
0.04185
0.04431
0.04598
0.04701
0.04736
0.04674
0.04481
0.04142
0.03661
0.03074
0.02454
0.01889
0.01443
0.01117
0.0086
0.0061
0.00345
0.00101
-0.00057
-0.0008
0.00042
0.00291
0.00632
0.01022
0.01418
0.01794
0.02147
0.02491
0.0284
0.03197
0.03553
0.03888
0.04178
0.04402
0.04537
0.04548
0.04395
0.04055
0.03545
0.0291
0.02198
0.01434
0.00636
-0.0017
-0.00951
-0.01685
-0.02355
-0.02934
-0.03383
-0.03659
-0.03749
-0.03675
-0.03477
-0.03195
-0.02865
-0.0252
-0.02185
-0.01874
-0.01597
-0.01357
-0.01141
-0.00929
-0.00709
-0.00493
-0.00307
-0.00161
-0.00056
0.00006
0.00022
0.00007
0.00005
0.00063
0.00201
0.00413
0.00683
0.01001
0.01362
0.01754
0.02165
0.02589
0.03025
0.03468
0.03903
0.0431
0.04672
0.04995
0.05302
0.0561
0.05918
0.06207
0.06444
0.06607
0.0668
0.0666
0.06564
0.06427
0.06285
0.06137
0.05942
0.05654
0.05264
0.04816
0.04376
0.03993
0.03669
0.0338
0.03106
0.02856
0.02644
0.02459
0.02258
0.02006
0.01707
0.01393
0.01109
0.00876
0.00677
0.00477
0.00256
0.00031
-0.00168
-0.00321
-0.00419
-0.00454
-0.00419
-0.00307
-0.00136
0.00049
0.00177
0.00188
0.0007
-0.00151
-0.00437
-0.00764
-0.01118
-0.01482
-0.0183
-0.02137
-0.02401
-0.0265
-0.02932
-0.03271
-0.03644
-0.04004
-0.0432
-0.04581
-0.0478
-0.04907
-0.04957
-0.04936
-0.04861
-0.04745
-0.04613
-0.04507
-0.04465
-0.04473
-0.04462
-0.04356
-0.04132
-0.03835
-0.03535
-0.03279
-0.03075
-0.02901
-0.02729
-0.02531
-0.02286
-0.0198
-0.01624
-0.0126
-0.00941
-0.00697
-0.00503
-0.00312
-0.00102
0.00098
0.00237
0.00279
0.00225
0.00094
-0.00088
-0.00302
-0.00549
-0.00847
-0.01228
-0.0171
-0.02287
-0.02942
-0.03661
-0.04432
-0.05241
-0.06051
-0.06796
-0.07403
-0.07821
-0.0805
-0.08144
-0.08167
-0.08152
-0.08081
-0.07912
-0.0761
-0.07164
-0.06591
-0.05937
-0.05265
-0.04622
-0.04022
-0.03452
-0.02901
-0.02372
-0.01863
-0.01358
-0.00847
-0.00354
0.00069
0.00391
0.00635
0.00867
0.0114
0.01449
0.01739
0.0196
0.02116
0.02268
0.02481
0.02767
0.03072
0.03319
0.03464
0.03512
0.03501
0.03467
0.0341
0.03303
0.03115
0.02835
0.02461
0.01984
0.014
0.00744
0.001
-0.00441
-0.00829
-0.0107
-0.01199
-0.01254
-0.01275
-0.01287
-0.01297
-0.0128
-0.01194
-0.01007
-0.00717
-0.00368
-0.00021
0.00276
0.00518
0.00751
0.01038
0.01409
0.01835
0.02261
0.02647
0.02985
0.03297
0.03604
0.03912
0.04189
0.04381
0.04439
0.04353
0.0415
0.03871
0.03558
0.03246
0.02966
0.02741
0.02577
0.02468
0.02395
0.02346
0.02309
0.02276
0.02241
0.02212
0.022
0.02194
0.02149
0.02005
0.01722
0.01303
0.00796
0.00262
-0.00245
-0.00688
-0.01056
-0.01365
-0.01641
-0.01898
-0.02122
-0.02293
-0.02395
-0.0243
-0.02408
-0.02343
-0.02248
-0.02137
-0.02027
-0.01945
-0.01915
-0.01942
-0.02012
-0.02101
-0.02201
-0.02315
-0.02443
-0.02581
-0.02719
-0.02845
-0.02941
-0.02988
-0.02974
-0.02893
-0.02746
-0.02554
-0.02357
-0.02196
-0.02072
-0.01948
-0.01781
-0.0156
-0.01313
-0.01079
-0.00888
-0.00756
-0.00679
-0.0063
-0.00573
-0.0048
-0.00347
-0.00197
-0.00071
-0.00009
-0.0002
-0.00068
-0.00101
-0.00091
-0.00054
-0.00039
-0.00095
-0.00249
-0.00497
-0.00812
-0.01152
-0.01475
-0.01758
-0.01993
-0.02183
-0.02332
-0.02437
-0.02495
-0.02512
-0.025
-0.02455
-0.02356
-0.02187
-0.01963
-0.01731
-0.01541
-0.01409
-0.01314
-0.01212
-0.01072
-0.0089
-0.00691
-0.00501
-0.00335
-0.00187
-0.00044
0.00097
0.0023
0.00351
0.00455
0.00537
0.00586
0.00598
0.00579
0.00546
0.00522
0.00523
0.00542
0.00556
0.00543
0.00491
0.00402
0.00283
0.00146
0.0001
-0.00102
-0.00171
-0.00194
-0.00184
-0.0016
-0.00138
-0.0012
-0.00097
-0.00052
0.00025
0.00132
0.00249
0.00345
0.00395
0.00387
0.00332
0.00258
0.00197
0.00171
0.00183
0.00223
0.00275
0.00322
0.00352
0.00355
0.00326
0.00257
0.00142
-0.00018
-0.00211
-0.00419
-0.00625
-0.00814
-0.00974
-0.01102
-0.01197
-0.01263
-0.01301
-0.01315
-0.01312
-0.01291
-0.01248
-0.01181
-0.01092
-0.0099
-0.00877
-0.00752
-0.00619
-0.00484
-0.00357
-0.00242
-0.00136
-0.00032
0.00075
0.00183
0.00288
0.0039
0.00491
0.0059
0.00679
0.00752
0.00806
0.00846
0.00874
0.00892
0.009
0.009
0.00893
0.00884
0.00877
0.00872
0.00868
0.0086
0.00848
0.00831
0.0081
0.00785
0.00757
0.00727
0.00696
0.00668
0.00647
0.00634
0.00626
0.00615
0.00599
0.00581
0.00568
0.00565
0.00571
0.00581
0.00589
0.00594
0.00597
0.00602
0.00613
0.0063
0.00651
0.00673
0.00691
0.00706
0.00717
0.00726
0.00732
0.00736
0.00737
0.00732
0.00719
0.00699
0.00672
0.00641
0.00607
0.0057
0.00533
0.00496
0.00463
0.00433
0.00408
0.00385
0.00363
0.00342
0.00322
0.00304
0.00287
0.00272
0.00257
0.00242
0.00228
0.00214
0.00201
0.00188
0.00177
0.00166
0.00155
0.00145
0.00134
0.00123
0.0011
0.00098
0.00086
0.00073
0.0006
0.00046
0.00031
0.00015
-0.00002
-0.00019
-0.00036
-0.00054
-0.00071
-0.00088
-0.00104
-0.0012
-0.00136
-0.00151
-0.00166
-0.00181
-0.00195
-0.00209
-0.00223
-0.00236
-0.00248
-0.00261
-0.00273
-0.00284
-0.00296
-0.00306
-0.00317
-0.00327
-0.00337
-0.00347
-0.00356
-0.00366
-0.00375
-0.00384
-0.00393
-0.00402
-0.00411
-0.0042
-0.00428
-0.00437
-0.00445
-0.00453
-0.00462
-0.0047
-0.00478
-0.00486
-0.00494
-0.00501
-0.00509
-0.00516
-0.00523
-0.00531
-0.00538
-0.00544
-0.00433
