0.00033
0.00165
0.00345
0.00409
0.00346
0.00304
0.00323
0.00334
0.00318
0.00305
0.00305
0.00303
0.00295
0.00288
0.00284
0.0028
0.00274
0.00269
0.00264
0.00259
0.00254
0.00249
0.00244
0.00239
0.00234
0.00229
0.00224
0.00219
0.00214
0.0021
0.00206
0.00202
0.00198
0.00194
0.0019
0.00185
0.00181
0.00176
0.0017
0.00165
0.0016
0.00154
0.00148
0.00143
0.00138
0.00135
0.00133
0.00133
0.00134
0.00136
0.00138
0.00136
0.00128
0.00115
0.00096
0.00073
0.00049
0.00032
0.00026
0.00034
0.00053
0.00079
0.00103
0.00122
0.00133
0.0014
0.00147
0.00158
0.00174
0.00194
0.00211
0.00216
0.00205
0.00179
0.00146
0.00115
0.00094
0.00083
0.0008
0.00075
0.0006
0.00023
-0.00038
-0.00123
-0.00225
-0.00338
-0.00449
-0.00547
-0.00626
-0.00689
-0.00751
-0.00827
-0.0093
-0.01057
-0.01189
-0.01296
-0.01354
-0.01349
-0.01287
-0.01182
-0.01058
-0.00938
-0.00853
-0.0083
-0.0089
-0.01034
-0.01246
-0.01502
-0.01781
-0.02066
-0.02351
-0.02628
-0.0288
-0.03079
-0.03192
-0.032
-0.03096
-0.02885
-0.02588
-0.02246
-0.01896
-0.01515
-0.01
-0.00214
0.00922
0.02355
0.0387
0.05145
0.05891
0.05973
0.05441
0.04474
0.03296
0.0211
0.01052
0.0017
-0.00565
-0.0123
-0.01911
-0.02671
-0.03544
-0.04541
-0.05664
-0.06909
-0.0826
-0.09696
-0.11195
-0.12728
-0.14231
-0.15542
-0.16402
-0.16557
-0.15899
-0.14521
-0.12705
-0.10856
-0.09388
-0.08568
-0.08411
-0.08719
-0.09209
-0.09646
-0.09946
-0.10178
-0.10502
-0.11024
-0.11565
-0.11402
-0.09292
-0.04018
0.04827
0.16339
0.28429
0.38624
0.45119
0.4739
0.4611
0.42646
0.385
0.34899
0.32575
0.31717
0.32057
0.33066
0.34185
0.35
0.3528
0.34898
0.33761
0.31832
0.29189
0.26012
0.22519
0.1889
0.15225
0.11516
0.07663
0.0354
-0.00924
-0.05717
-0.10763
-0.15952
-0.21182
-0.26381
-0.31517
-0.36596
-0.41647
-0.467
-0.51778
-0.5689
-0.62024
-0.67126
-0.72065
-0.76644
-0.80678
-0.84095
-0.86927
-0.8914
-0.90415
-0.90131
-0.87533
-0.81735
-0.71246
-0.53649
-0.26948
0.0749
0.43631
0.73453
0.91207
0.95485
0.88563
0.74727
0.58652
0.44038
0.32797
0.25059
0.1979
0.15565
0.1114
0.05774
-0.00683
-0.07904
-0.15342
-0.22483
-0.29013
-0.34829
-0.39578
-0.4146
-0.36396
-0.20038
0.07781
0.40937
0.70161
0.88183
0.92351
0.84202
0.67867
0.48349
0.29924
0.15174
0.05255
0.01049
0.03753
0.13895
0.29793
0.47368
0.61888
0.70109
0.71228
0.66496
0.58287
0.49137
0.40985
0.34761
0.30417
0.27267
0.2442
0.21148
0.1708
0.12233
0.06902
0.01482
-0.03678
-0.08298
-0.12018
-0.14236
-0.14237
-0.11609
-0.06519
0.00359
0.08042
0.1532
0.20866
0.23618
0.23222
0.20127
0.15286
0.09743
0.04315
-0.00565
-0.04858
-0.08789
-0.12667
-0.16734
-0.21075
-0.2547
-0.29109
-0.30508
-0.28174
-0.21857
-0.13206
-0.05035
0.00167
0.01214
-0.01691
-0.07407
-0.14406
-0.21308
-0.27246
-0.31975
-0.3574
-0.39034
-0.42332
-0.45728
-0.48367
-0.48282
-0.4363
-0.34684
-0.24245
-0.15899
-0.12052
-0.13311
-0.18849
-0.27007
-0.35917
-0.44096
-0.5077
-0.55547
-0.57133
-0.5223
-0.37245
-0.12499
0.16012
0.39951
0.53369
0.54593
0.4545
0.2978
0.11999
-0.04004
-0.14983
-0.17841
-0.10448
0.06088
0.26684
0.4478
0.55676
0.57922
0.52775
0.43051
0.3197
0.22118
0.1481
0.10067
0.07082
0.05004
0.03661
0.03566
0.05015
0.07372
0.09411
0.10142
0.09193
0.0671
0.03148
-0.00915
-0.04991
-0.08831
-0.12415
-0.15848
-0.19217
-0.2238
-0.24792
-0.25614
-0.2416
-0.20289
-0.14502
-0.07852
-0.01814
0.02094
0.02894
0.00524
-0.04286
-0.10449
-0.16939
-0.23053
-0.28501
-0.33346
-0.37852
-0.42323
-0.46912
-0.5129
-0.54195
-0.53469
-0.47189
-0.35323
-0.20398
-0.06406
0.03191
0.06889
0.05459
0.01407
-0.02229
-0.03367
-0.01773
0.01256
0.03938
0.049
0.03539
0.00023
-0.04929
-0.10391
-0.15583
-0.20082
-0.23846
-0.27102
-0.30178
-0.33367
-0.36838
-0.40621
-0.4463
-0.48656
-0.52343
-0.55229
-0.56933
-0.57339
-0.56579
-0.54813
-0.51965
-0.4738
-0.39333
-0.25446
-0.05045
0.18638
0.39568
0.5249
0.55451
0.50073
0.4064
0.32537
0.30181
0.35476
0.47633
0.63938
0.80598
0.93621
0.99999
0.98756
0.91057
0.79367
0.6636
0.54108
0.4366
0.34993
0.2732
0.19614
0.11084
0.01413
-0.09256
-0.20477
-0.31634
-0.41724
-0.4875
-0.49687
-0.42186
-0.27057
-0.08788
0.06757
0.15294
0.15441
0.08352
-0.03302
-0.1644
-0.2856
-0.38334
-0.45658
-0.51283
-0.56248
-0.61067
-0.6446
-0.6253
-0.50396
-0.26275
0.05736
0.37428
0.61049
0.72573
0.7212
0.62771
0.49088
0.3591
0.27602
0.27299
0.35655
0.49996
0.65271
0.76528
0.80961
0.78388
0.70562
0.60134
0.49673
0.40917
0.34473
0.29976
0.26539
0.23328
0.20165
0.17818
0.17588
0.20303
0.25533
0.31696
0.36903
0.39817
0.3996
0.37529
0.33069
0.27246
0.20715
0.14013
0.07496
0.01637
-0.02226
-0.01745
0.0466
0.15594
0.27015
0.34827
0.36866
0.3308
0.24866
0.14348
0.03654
-0.05736
-0.13272
-0.19198
-0.24201
-0.28981
-0.33793
-0.38119
-0.40829
-0.40834
-0.37705
-0.31871
-0.24533
-0.17465
-0.12529
-0.10972
-0.12976
-0.17777
-0.24147
-0.30866
-0.37042
-0.42257
-0.4654
-0.50212
-0.53684
-0.57272
-0.60978
-0.64195
-0.65599
-0.6363
-0.57364
-0.47086
-0.34278
-0.21263
-0.10562
-0.04021
-0.02153
-0.04152
-0.08395
-0.12941
-0.15939
-0.16082
-0.13009
-0.0738
-0.00618
0.05579
0.09842
0.11648
0.11404
0.10088
0.08704
0.07868
0.07661
0.07747
0.0763
0.06869
0.05164
0.02402
-0.01312
-0.05665
-0.10152
-0.14023
-0.1631
-0.16144
-0.13178
-0.07737
-0.00705
0.0655
0.1232
0.15082
0.14162
0.10002
0.03988
-0.01914
-0.0575
-0.06378
-0.04029
-0.00156
0.03367
0.05095
0.04442
0.01637
-0.02554
-0.07182
-0.1135
-0.14233
-0.15065
-0.13398
-0.09456
-0.04133
0.01336
0.05743
0.08204
0.08418
0.06728
0.03968
0.01193
-0.00623
-0.00912
0.00275
0.02322
0.04362
0.05668
0.0589
0.05075
0.03555
0.01789
0.00285
-0.00435
0.00085
0.02056
0.05319
0.09316
0.13148
0.15801
0.16587
0.15497
0.1314
0.10351
0.07835
0.05991
0.04872
0.04198
0.03436
0.02109
0.00239
-0.01509
-0.02272
-0.01658
-0.00015
0.01892
0.0339
0.04182
0.0432
0.04056
0.03681
0.03383
0.03157
0.02845
0.02256
0.01261
-0.00193
-0.02091
-0.04359
-0.069
-0.09686
-0.1282
-0.16408
-0.20199
-0.23254
-0.24104
-0.21496
-0.15213
-0.06413
0.02695
0.09727
0.13109
0.12551
0.0889
0.03657
-0.01323
-0.04368
-0.04438
-0.01452
0.03817
0.10051
0.15698
0.1932
0.20051
0.17883
0.13544
0.08107
0.02608
-0.02194
-0.0595
-0.08698
-0.10638
-0.11798
-0.11885
-0.10487
-0.07437
-0.0304
0.0188
0.06185
0.08885
0.09633
0.08838
0.07328
0.05861
0.04813
0.04151
0.036
0.0285
0.01695
0.00089
-0.01876
-0.0402
-0.061
-0.07804
-0.0875
-0.08616
-0.07318
-0.05125
-0.02682
-0.00894
-0.00615
-0.0227
-0.05657
-0.09944
-0.13832
-0.15965
-0.15506
-0.12522
-0.07904
-0.02899
0.01385
0.04235
0.05364
0.04897
0.03331
0.01316
-0.00663
-0.0244
-0.04079
-0.0573
-0.07533
-0.09563
-0.11761
-0.1387
-0.15468
-0.16146
-0.15724
-0.14366
-0.12594
-0.11191
-0.10928
-0.12143
-0.14378
-0.16429
-0.17021
-0.15627
-0.12583
-0.08496
-0.03764
0.0134
0.06407
0.10907
0.14455
0.16967
0.18588
0.19556
0.20103
0.20423
0.20639
0.20782
0.20805
0.20607
0.19967
0.18441
0.15491
0.11021
0.059
0.01792
0.00301
0.02153
0.06926
0.13195
0.19006
0.2265
0.2338
0.21573
0.18297
0.14751
0.11871
0.10132
0.09522
0.09676
0.10095
0.10356
0.10245
0.09798
0.09243
0.0886
0.08823
0.091
0.0943
0.0943
0.08776
0.07326
0.05109
0.02272
-0.00976
-0.04385
-0.0768
-0.10559
-0.12746
-0.14093
-0.14654
-0.14633
-0.14281
-0.13797
-0.13299
-0.12829
-0.12367
-0.11841
-0.11135
-0.10131
-0.08808
-0.07323
-0.05997
-0.05161
-0.04999
-0.05356
-0.05359
-0.03174
0.03119
0.13841
0.27101
0.39891
0.49552
0.54558
0.5474
0.51127
0.45416
0.39281
0.3386
0.29599
0.2636
0.23668
0.20982
0.17906
0.14288
0.1021
0.05903
0.01656
-0.02189
-0.05226
-0.07056
-0.07485
-0.06681
-0.052
-0.03871
-0.03532
-0.04672
-0.07181
-0.10342
-0.13138
-0.14828
-0.15441
-0.15756
-0.16792
-0.19257
-0.23337
-0.28772
-0.35059
-0.41659
-0.48123
-0.53903
-0.57576
-0.56186
-0.46513
-0.2821
-0.05453
0.15182
0.28412
0.32248
0.27998
0.19455
0.11462
0.07724
0.09143
0.13977
0.19434
0.23225
0.24338
0.23013
0.20081
0.1618
0.11479
0.05901
-0.00649
-0.08282
-0.17108
-0.27086
-0.37772
-0.4791
-0.55197
-0.57032
-0.52255
-0.42319
-0.3055
-0.20187
-0.12897
-0.08572
-0.05987
-0.03605
-0.00194
0.04853
0.1145
0.18972
0.26509
0.3312
0.38003
0.40494
0.40073
0.36562
0.30318
0.22156
0.13038
0.03778
-0.05144
-0.13662
-0.22097
-0.30843
-0.39618
-0.46505
-0.48145
-0.42031
-0.29051
-0.1333
0.00369
0.08928
0.11455
0.08853
0.03103
-0.03621
-0.09817
-0.14986
-0.19107
-0.21689
-0.214
-0.16876
-0.08099
0.02927
0.12921
0.18987
0.19932
0.16458
0.10444
0.03986
-0.01347
-0.04917
-0.07036
-0.08603
-0.10516
-0.13243
-0.1674
-0.20609
-0.24234
-0.26852
-0.27725
-0.26422
-0.22969
-0.17773
-0.11538
-0.0526
0.00028
0.0384
0.06567
0.09081
0.11886
0.14609
0.16217
0.15706
0.12643
0.07272
0.00399
-0.06603
-0.11855
-0.13624
-0.11385
-0.06231
-0.00182
0.04896
0.08014
0.09233
0.09367
0.09462
0.1029
0.12038
0.14257
0.16125
0.16888
0.16181
0.14051
0.10762
0.066
0.01798
-0.03443
-0.08946
-0.14577
-0.20227
-0.25677
-0.30342
-0.33156
-0.32921
-0.28922
-0.21262
-0.10844
0.00714
0.1124
0.18625
0.21855
0.21714
0.20455
0.20521
0.23138
0.27658
0.32069
0.34214
0.3281
0.27768
0.19973
0.10882
0.02065
-0.05272
-0.10571
-0.13825
-0.15194
-0.14753
-0.12582
-0.08986
-0.04553
0.00009
0.04118
0.07454
0.09942
0.11596
0.12444
0.12611
0.12464
0.12565
0.13418
0.15242
0.17945
0.21194
0.24439
0.26912
0.27792
0.26552
0.23205
0.18248
0.12399
0.06408
0.01022
-0.0303
-0.05232
-0.05547
-0.0444
-0.02605
-0.00603
0.01401
0.03536
0.05711
0.07297
0.07464
0.05749
0.02245
-0.02576
-0.08087
-0.13653
-0.187
-0.22671
-0.24923
-0.248
-0.2195
-0.16578
-0.09375
-0.01309
0.06482
0.12753
0.16433
0.17065
0.14971
0.11017
0.06219
0.01428
-0.02834
-0.06392
-0.09239
-0.11192
-0.11697
-0.10084
-0.06095
-0.00184
0.06664
0.13349
0.1895
0.22817
0.24623
0.24456
0.2279
0.20293
0.1758
0.15069
0.12937
0.1116
0.09608
0.08229
0.07216
0.07002
0.07978
0.10185
0.133
0.16922
0.20802
0.24721
0.28171
0.30369
0.30675
0.28954
0.25582
0.21231
0.16644
0.12452
0.09017
0.06371
0.04298
0.0245
0.00456
-0.01985
-0.05013
-0.08578
-0.12488
-0.16507
-0.20424
-0.24083
-0.27385
-0.30299
-0.32866
-0.35183
-0.37357
-0.39449
-0.41426
-0.43167
-0.44533
-0.45452
-0.45956
-0.46158
-0.46216
-0.46338
-0.46803
-0.47911
-0.49857
-0.52636
-0.56038
-0.59603
-0.62367
-0.6269
-0.58741
-0.49569
-0.35817
-0.1941
-0.02657
0.12415
0.24239
0.31837
0.35107
0.35012
0.33321
0.31995
0.32498
0.35337
0.39965
0.45014
0.48864
0.50325
0.49057
0.45522
0.40643
0.35443
0.30833
0.275
0.25808
0.25686
0.26647
0.28005
0.29136
0.29658
0.29472
0.28726
0.27706
0.26709
0.25935
0.254
0.24843
0.23644
0.20936
0.16008
0.08823
0.00273
-0.08085
-0.14776
-0.19124
-0.21406
-0.22343
-0.22427
-0.21693
-0.20136
-0.18205
-0.16747
-0.16507
-0.17731
-0.20076
-0.22703
-0.24555
-0.24801
-0.23159
-0.19926
-0.15818
-0.11828
-0.09037
-0.08246
-0.09558
-0.12212
-0.14905
-0.165
-0.16614
-0.15618
-0.14162
-0.12659
-0.11125
-0.09398
-0.07419
-0.05304
-0.03189
-0.01102
0.00955
0.02815
0.04129
0.04579
0.04079
0.02787
0.01033
-0.00706
-0.01835
-0.01808
-0.00362
0.02352
0.05775
0.09016
0.11067
0.11181
0.09168
0.05373
0.00436
-0.04892
-0.09842
-0.13757
-0.16279
-0.17428
-0.17511
-0.16952
-0.16142
-0.15325
-0.1449
-0.13347
-0.11577
-0.09225
-0.06797
-0.04959
-0.04186
-0.04644
-0.06215
-0.08558
-0.11201
-0.13653
-0.15528
-0.16679
-0.17282
-0.1777
-0.18557
-0.19776
-0.21279
-0.22754
-0.23648
-0.2302
-0.19899
-0.14042
-0.06282
0.01927
0.09261
0.14938
0.18753
0.20947
0.21989
0.22305
0.22107
0.21433
0.20292
0.18755
0.16884
0.14529
0.11268
0.06872
0.0205
-0.01454
-0.01848
0.01445
0.07247
0.13182
0.16852
0.16847
0.13061
0.06515
-0.00895
-0.06682
-0.08432
-0.0477
0.0395
0.15554
0.2659
0.33544
0.34363
0.29283
0.20414
0.10593
0.02399
-0.024
-0.0314
-0.00347
0.04577
0.09924
0.14212
0.16537
0.16734
0.15315
0.1312
0.10898
0.09018
0.07483
0.0613
0.04835
0.03527
0.0208
0.003
-0.01931
-0.04532
-0.07325
-0.10324
-0.13885
-0.18384
-0.23461
-0.27581
-0.28634
-0.25115
-0.16836
-0.04819
0.09102
0.22574
0.3316
0.39116
0.40039
0.36847
0.31181
0.24735
0.18783
0.13966
0.10317
0.07481
0.05004
0.02541
-0.00113
-0.03092
-0.06455
-0.09889
-0.1232
-0.12162
-0.08418
-0.01644
0.06308
0.13449
0.18566
0.21343
0.21978
0.20828
0.18284
0.14703
0.10206
0.04595
-0.02342
-0.10372
-0.18766
-0.2671
-0.33695
-0.39563
-0.44268
-0.4757
-0.48993
-0.48078
-0.44583
-0.38504
-0.30164
-0.20381
-0.10351
-0.01256
0.05954
0.10533
0.12044
0.10601
0.06893
0.01887
-0.03495
-0.08481
-0.12299
-0.14083
-0.13172
-0.09611
-0.04258
0.0165
0.06915
0.10555
0.11985
0.11224
0.08911
0.06084
0.03852
0.03035
0.03887
0.06085
0.08997
0.12036
0.14886
0.17522
0.20055
0.22472
0.24394
0.25092
0.23913
0.20756
0.16169
0.1102
0.06107
0.01966
-0.01139
-0.03174
-0.04304
-0.04846
-0.05212
-0.05857
-0.0713
-0.08933
-0.1041
-0.10156
-0.0698
-0.00711
0.07455
0.15279
0.20417
0.21457
0.18373
0.12248
0.0465
-0.02922
-0.09309
-0.13681
-0.15502
-0.1464
-0.11475
-0.06783
-0.01521
0.03261
0.06464
0.07198
0.05168
0.008
-0.05011
-0.11283
-0.17201
-0.22104
-0.25343
-0.26299
-0.24649
-0.20567
-0.14649
-0.07738
-0.00831
0.0508
0.09302
0.11614
0.12189
0.11411
0.09746
0.07628
0.05318
0.02862
0.00261
-0.02212
-0.03901
-0.04079
-0.02377
0.01062
0.05683
0.10614
0.14762
0.17092
0.17035
0.14696
0.10702
0.059
0.01147
-0.02722
-0.0495
-0.05154
-0.03704
-0.01712
-0.00482
-0.00901
-0.03182
-0.06976
-0.11579
-0.16101
-0.19616
-0.21414
-0.21247
-0.19398
-0.16551
-0.13614
-0.11519
-0.10952
-0.12118
-0.14673
-0.17779
-0.20173
-0.20447
-0.17614
-0.11608
-0.03303
0.05912
0.1465
0.21771
0.26391
0.27933
0.26369
0.2234
0.16945
0.11323
0.06318
0.02408
-0.0012
-0.0101
-0.00091
0.02541
0.06462
0.10964
0.15112
0.1791
0.18647
0.17197
0.13989
0.09748
0.05209
0.00982
-0.02449
-0.0468
-0.05443
-0.0474
-0.02881
-0.00367
0.02309
0.04844
0.07146
0.09127
0.10461
0.10643
0.09308
0.0647
0.02494
-0.02087
-0.0674
-0.11038
-0.14699
-0.17597
-0.19722
-0.21058
-0.21433
-0.20546
-0.18122
-0.13969
-0.07904
0.00077
0.09336
0.1831
0.24982
0.27858
0.26622
0.2206
0.15543
0.08487
0.01965
-0.0348
-0.07732
-0.1076
-0.12357
-0.12349
-0.11057
-0.09352
-0.08183
-0.08043
-0.08808
-0.09921
-0.10731
-0.10796
-0.10039
-0.08709
-0.07206
-0.05879
-0.04851
-0.03962
-0.02862
-0.01213
0.01142
0.04133
0.07463
0.10591
0.12806
0.13485
0.1239
0.09744
0.06079
0.02066
-0.01516
-0.0379
-0.04013
-0.02019
0.01597
0.05765
0.09471
0.12079
0.13336
0.1325
0.12033
0.10095
0.07975
0.06162
0.04924
0.04275
0.04007
0.03756
0.0315
0.02085
0.0088
0.00083
0.00077
0.00801
0.01719
0.02038
0.01065
-0.01539
-0.05726
-0.11149
-0.17251
-0.23336
-0.28622
-0.32365
-0.34063
-0.33641
-0.31409
-0.27826
-0.23296
-0.18148
-0.12717
-0.07375
-0.02462
0.01797
0.05265
0.07779
0.09149
0.09289
0.08326
0.06569
0.04382
0.02084
-0.00094
-0.01978
-0.03347
-0.0388
-0.03277
-0.01447
0.0143
0.04999
0.08871
0.12726
0.16357
0.19634
0.2237
0.24223
0.24804
0.23921
0.21708
0.18555
0.14929
0.11244
0.07788
0.04757
0.02376
0.00977
0.0087
0.0214
0.04566
0.07672
0.1081
0.13274
0.14523
0.14381
0.13084
0.11164
0.09303
0.08143
0.08069
0.09068
0.10748
0.12494
0.13705
0.14012
0.13356
0.11914
0.09994
0.07952
0.06093
0.04588
0.03435
0.02494
0.01549
0.00339
-0.01534
-0.0464
-0.09445
-0.15807
-0.22831
-0.29306
-0.3422
-0.36952
-0.37329
-0.35682
-0.32687
-0.28919
-0.24537
-0.19507
-0.14048
-0.08697
-0.04009
-0.0035
0.02072
0.03162
0.03
0.01873
0.00194
-0.01617
-0.03211
-0.04371
-0.05065
-0.0544
-0.05741
-0.06137
-0.06551
-0.0667
-0.06149
-0.04824
-0.02791
-0.00429
0.01633
0.02735
0.02529
0.01142
-0.00951
-0.03139
-0.04789
-0.05353
-0.04538
-0.02426
0.00558
0.03736
0.06275
0.07403
0.06713
0.04336
0.00899
-0.02608
-0.05071
-0.05624
-0.03978
-0.00484
0.04028
0.08439
0.1158
0.12612
0.1137
0.08403
0.04693
0.01247
-0.01232
-0.02494
-0.02707
-0.02294
-0.01728
-0.01375
-0.01415
-0.0186
-0.02603
-0.03491
-0.04379
-0.05172
-0.05837
-0.06399
-0.0691
-0.07424
-0.07977
-0.0858
-0.09221
-0.09877
-0.10521
-0.11143
-0.11762
-0.12425
-0.13114
-0.13641
-0.13653
-0.12827
-0.1105
-0.08455
-0.05318
-0.01949
0.01358
0.04268
0.06352
0.07201
0.06673
0.05103
0.03336
0.02488
0.03483
0.06647
0.11575
0.17252
0.22361
0.25751
0.26825
0.25562
0.22277
0.17429
0.11554
0.05221
-0.00964
-0.06251
-0.09743
-0.10727
-0.09108
-0.05551
-0.0122
0.02713
0.05498
0.07017
0.07712
0.08297
0.09391
0.11193
0.13306
0.14806
0.14682
0.12408
0.08244
0.03123
-0.01776
-0.05506
-0.07634
-0.08285
-0.07991
-0.07449
-0.0726
-0.07755
-0.08947
-0.10574
-0.1212
-0.12867
-0.121
-0.0943
-0.05003
0.00518
0.06102
0.10648
0.13376
0.1411
0.13265
0.11613
0.09978
0.08954
0.08711
0.08966
0.09138
0.08627
0.07039
0.04275
0.00508
-0.03882
-0.08384
-0.1237
-0.1516
-0.16234
-0.15475
-0.13196
-0.09957
-0.0634
-0.02805
0.00362
0.03044
0.05268
0.07131
0.08669
0.09709
0.09872
0.08794
0.06355
0.02729
-0.01718
-0.06554
-0.11345
-0.15583
-0.18599
-0.19671
-0.18381
-0.14893
-0.09932
-0.04512
0.0042
0.04274
0.06924
0.08606
0.09701
0.10535
0.11284
0.11997
0.12648
0.13188
0.13584
0.13855
0.14095
0.14412
0.14812
0.15135
0.15143
0.14698
0.13848
0.12762
0.11592
0.10366
0.08966
0.07219
0.0504
0.02506
-0.0015
-0.02583
-0.0439
-0.05246
-0.05044
-0.03936
-0.02246
-0.00386
0.0116
0.01843
0.01189
-0.01012
-0.04628
-0.0928
-0.14472
-0.19638
-0.24168
-0.27536
-0.29495
-0.30136
-0.29756
-0.28679
-0.27147
-0.25286
-0.23126
-0.20621
-0.17675
-0.1417
-0.10022
-0.05246
-0.0004
0.05169
0.09848
0.13577
0.16183
0.17686
0.18201
0.17904
0.17032
0.15812
0.14346
0.12558
0.10253
0.07239
0.03425
-0.01083
-0.05962
-0.10762
-0.15043
-0.18393
-0.2037
-0.206
-0.19003
-0.15909
-0.11925
-0.07678
-0.03634
-0.00017
0.032
0.0621
0.09132
0.11724
0.13365
0.13403
0.11558
0.0803
0.03339
-0.01881
-0.07048
-0.11733
-0.15665
-0.18634
-0.20414
-0.20821
-0.19816
-0.17526
-0.14195
-0.10139
-0.05682
-0.01092
0.03458
0.07883
0.1214
0.16186
0.19975
0.23481
0.267
0.29561
0.31777
0.32847
0.3229
0.29922
0.25881
0.20456
0.13979
0.06872
-0.00304
-0.06962
-0.12693
-0.17315
-0.20716
-0.2266
-0.22882
-0.21383
-0.18618
-0.15361
-0.12386
-0.10182
-0.08829
-0.07998
-0.0708
-0.05453
-0.02789
0.00737
0.04432
0.07326
0.0861
0.07974
0.05654
0.02228
-0.01635
-0.05367
-0.08615
-0.11263
-0.13379
-0.15088
-0.16386
-0.17027
-0.16631
-0.1496
-0.12091
-0.08376
-0.04278
-0.00221
0.03493
0.06692
0.09302
0.11346
0.12935
0.14232
0.15402
0.16557
0.17738
0.18874
0.19749
0.20059
0.19561
0.1822
0.16213
0.13832
0.11388
0.09166
0.07392
0.06175
0.05482
0.05148
0.04942
0.04631
0.04049
0.03139
0.01958
0.00625
-0.007
-0.01815
-0.02471
-0.02447
-0.01658
-0.00203
0.01699
0.03798
0.05885
0.07822
0.09513
0.10845
0.11656
0.11818
0.11332
0.10375
0.09281
0.08459
0.08246
0.08778
0.09964
0.1157
0.13313
0.14954
0.16329
0.17306
0.17728
0.17418
0.16242
0.14075
0.10699
0.05936
-0.00012
-0.06452
-0.12537
-0.17675
-0.21658
-0.24505
-0.26246
-0.26845
-0.26294
-0.24736
-0.22492
-0.20003
-0.17729
-0.16003
-0.14943
-0.14453
-0.14273
-0.13979
-0.12959
-0.10584
-0.06594
-0.01321
0.04471
0.09917
0.142
0.16599
0.16679
0.14502
0.10617
0.05813
0.00846
-0.0374
-0.07688
-0.11007
-0.13795
-0.16023
-0.17448
-0.17781
-0.16913
-0.14998
-0.12376
-0.09454
-0.06591
-0.04031
-0.01914
-0.00348
0.00574
0.00825
0.00496
-0.00235
-0.01173
-0.02151
-0.03044
-0.03739
-0.04116
-0.04088
-0.03652
-0.02903
-0.01978
-0.01007
-0.00082
0.00732
0.0138
0.01792
0.01915
0.01767
0.01484
0.01308
0.01498
0.02238
0.03599
0.05543
0.07941
0.10611
0.13367
0.16062
0.1855
0.20505
0.21267
0.20054
0.16532
0.11161
0.04956
-0.01055
-0.06193
-0.10197
-0.13148
-0.15308
-0.16884
-0.17864
-0.18073
-0.17398
-0.15965
-0.14119
-0.12273
-0.10748
-0.09692
-0.09079
-0.0876
-0.08502
-0.08028
-0.07065
-0.05415
-0.03003
0.00105
0.03706
0.07465
0.1091
0.13508
0.14874
0.14962
0.14069
0.1267
0.1122
0.10031
0.09249
0.08895
0.0893
0.09285
0.09871
0.10583
0.11313
0.1193
0.12271
0.12184
0.11584
0.10432
0.08686
0.06304
0.03318
-0.00095
-0.0357
-0.06572
-0.08563
-0.09272
-0.08837
-0.07702
-0.06381
-0.05273
-0.04582
-0.04315
-0.04342
-0.04472
-0.0454
-0.04446
-0.04147
-0.03602
-0.02725
-0.01416
0.00364
0.02564
0.05076
0.07761
0.10433
0.12791
0.14411
0.14892
0.14067
0.12085
0.0931
0.06172
0.03039
0.00147
-0.02392
-0.04525
-0.06185
-0.07295
-0.07847
-0.07922
-0.07639
-0.07057
-0.06132
-0.04764
-0.02898
-0.00584
0.02007
0.04515
0.06325
0.06699
0.05152
0.01768
-0.02768
-0.07373
-0.10866
-0.12344
-0.11503
-0.08681
-0.04625
-0.00222
0.03642
0.06182
0.06894
0.05739
0.0313
-0.00275
-0.03827
-0.07061
-0.09771
-0.11986
-0.13831
-0.153
-0.16083
-0.15661
-0.13636
-0.09977
-0.05014
0.00721
0.06588
0.11826
0.15585
0.1718
0.16399
0.13563
0.0931
0.04335
-0.00714
-0.052
-0.08466
-0.09986
-0.096
-0.07588
-0.04503
-0.00933
0.02681
0.06116
0.0934
0.12439
0.15521
0.18624
0.21564
0.23804
0.2453
0.23033
0.19112
0.13145
0.05866
-0.01927
-0.09579
-0.16675
-0.23034
-0.28605
-0.33266
-0.36587
-0.37801
-0.36175
-0.31501
-0.24238
-0.15269
-0.05562
0.04081
0.13168
0.21508
0.28975
0.35125
0.39088
0.39988
0.37518
0.32125
0.24745
0.1644
0.08107
0.00345
-0.06498
-0.12092
-0.15989
-0.17805
-0.17502
-0.1547
-0.12387
-0.09096
-0.06488
-0.05292
-0.0581
-0.07854
-0.10905
-0.14339
-0.17556
-0.20016
-0.2132
-0.21372
-0.20464
-0.19168
-0.18061
-0.17512
-0.17602
-0.18147
-0.18782
-0.19081
-0.18656
-0.17178
-0.14424
-0.10387
-0.05365
0.00073
0.05257
0.0962
0.12827
0.14803
0.15703
0.15856
0.15677
0.15578
0.15911
0.16913
0.18659
0.20998
0.23554
0.25878
0.27645
0.28755
0.29262
0.29169
0.28241
0.26053
0.22265
0.16884
0.1028
0.03084
-0.03968
-0.10192
-0.15076
-0.18269
-0.19583
-0.19076
-0.17106
-0.14243
-0.11148
-0.08552
-0.07191
-0.0759
-0.09818
-0.13426
-0.17512
-0.20876
-0.22382
-0.21417
-0.18139
-0.13313
-0.0797
-0.03107
0.00548
0.02703
0.03585
0.03847
0.04309
0.05596
0.07869
0.10809
0.13839
0.16415
0.18258
0.1946
0.20417
0.21514
0.2268
0.23189
0.22017
0.18459
0.12487
0.04701
-0.03885
-0.12141
-0.19148
-0.24388
-0.27654
-0.28892
-0.28208
-0.2596
-0.22747
-0.19318
-0.16473
-0.14872
-0.14812
-0.16135
-0.18365
-0.20938
-0.23379
-0.25398
-0.26891
-0.27894
-0.2851
-0.28819
-0.28805
-0.28359
-0.27293
-0.25253
-0.21678
-0.16021
-0.08101
0.01752
0.12864
0.24427
0.35475
0.44669
0.50354
0.512
0.46928
0.38425
0.27259
0.15092
0.03312
-0.07089
-0.15443
-0.21239
-0.24051
-0.23708
-0.20516
-0.15219
-0.0874
-0.019
0.04702
0.1061
0.15288
0.18041
0.18279
0.15893
0.11329
0.05341
-0.01364
-0.08336
-0.15314
-0.2196
-0.27758
-0.32171
-0.34819
-0.35537
-0.34405
-0.31774
-0.28181
-0.24176
-0.20193
-0.16503
-0.13215
-0.10244
-0.07269
-0.03787
0.0068
0.06342
0.13069
0.20501
0.28218
0.35842
0.42971
0.49025
0.5329
0.5526
0.54924
0.52735
0.49305
0.45165
0.40674
0.36056
0.31469
0.27096
0.23184
0.19962
0.1751
0.15696
0.14226
0.12763
0.11066
0.09092
0.06997
0.05037
0.03429
0.02258
0.01463
0.00872
0.00275
-0.00495
-0.01493
-0.0262
-0.03626
-0.04205
-0.04143
-0.03429
-0.02262
-0.00971
0.00083
0.00633
0.00571
-0.00048
-0.01103
-0.02492
-0.04154
-0.0604
-0.08088
-0.10232
-0.12409
-0.14565
-0.16646
-0.18555
-0.20096
-0.20988
-0.2098
-0.19955
-0.17942
-0.15091
-0.11652
-0.07953
-0.04364
-0.01251
0.0111
0.02617
0.03369
0.03614
0.0366
0.03806
0.0428
0.05157
0.0626
0.07133
0.07197
0.0605
0.03693
0.00522
-0.02875
-0.05933
-0.08233
-0.09559
-0.09923
-0.09506
-0.08497
-0.06986
-0.05002
-0.02643
-0.00109
0.02372
0.04623
0.06488
0.07789
0.08365
0.08162
0.07293
0.06002
0.04628
0.03551
0.03083
0.03323
0.04131
0.05228
0.06335
0.07259
0.07911
0.08263
0.08293
0.07969
0.07284
0.0631
0.05227
0.04319
0.03894
0.04154
0.0509
0.06493
0.08039
0.09411
0.10437
0.11145
0.11686
0.12143
0.12412
0.12261
0.11503
0.10071
0.08
0.05426
0.02593
-0.00192
-0.02627
-0.04418
-0.05299
-0.05153
-0.04141
-0.02656
-0.01134
0.00116
0.00965
0.01445
0.01704
0.01954
0.02411
0.03229
0.04447
0.05986
0.07685
0.09312
0.10578
0.11211
0.11069
0.102
0.08789
0.07066
0.05231
0.03417
0.01651
-0.00155
-0.02159
-0.04491
-0.07172
-0.10077
-0.12962
-0.1554
-0.17559
-0.18833
-0.19254
-0.188
-0.17525
-0.15521
-0.12915
-0.09913
-0.06806
-0.03897
-0.01396
0.00632
0.02213
0.03349
0.03947
0.03881
0.0312
0.01779
0.00082
-0.01724
-0.03449
-0.04995
-0.06373
-0.07667
-0.08982
-0.10392
-0.119
-0.13421
-0.14784
-0.15738
-0.16001
-0.1535
-0.13721
-0.11239
-0.08147
-0.04722
-0.01218
0.02132
0.05045
0.07135
0.08024
0.07547
0.05849
0.03303
0.00342
-0.02659
-0.05457
-0.07938
-0.10029
-0.11566
-0.12295
-0.12034
-0.10845
-0.09033
-0.07004
-0.05103
-0.03534
-0.02366
-0.01573
-0.01078
-0.00782
-0.00584
-0.00407
-0.00205
0.00054
0.00408
0.00905
0.01576
0.02388
0.03219
0.03847
0.0403
0.03614
0.0262
0.01243
-0.0016
-0.01137
-0.01296
-0.00474
0.01219
0.0349
0.05991
0.08382
0.10328
0.11486
0.11604
0.1064
0.08788
0.06376
0.03714
0.01008
-0.01658
-0.04286
-0.06892
-0.09453
-0.11867
-0.13973
-0.15588
-0.16557
-0.16824
-0.16452
-0.1557
-0.14277
-0.12619
-0.10655
-0.0853
-0.06459
-0.04639
-0.0316
-0.01984
-0.00989
-0.00036
0.00983
0.02101
0.0326
0.04311
0.05077
0.05439
0.0539
0.05021
0.04471
0.03891
0.03434
0.03253
0.03468
0.04115
0.05132
0.06385
0.07732
0.09056
0.10263
0.11251
0.11876
0.11994
0.11536
0.1051
0.08918
0.06717
0.03932
0.00784
-0.02345
-0.05097
-0.07281
-0.08844
-0.09785
-0.10105
-0.0984
-0.09097
-0.08037
-0.06844
-0.05725
-0.04905
-0.04565
-0.04769
-0.05437
-0.06366
-0.07258
-0.07752
-0.0754
-0.065
-0.04731
-0.02485
-0.00083
0.0212
0.0376
0.04554
0.04418
0.03496
0.0207
0.00455
-0.01072
-0.02269
-0.02943
-0.02993
-0.02454
-0.01485
-0.00288
0.00953
0.02111
0.03108
0.03899
0.04457
0.0479
0.04943
0.04983
0.04991
0.0505
0.05235
0.05587
0.06074
0.06557
0.06791
0.06505
0.0555
0.03989
0.02061
0.00067
-0.01752
-0.0327
-0.04476
-0.05415
-0.06111
-0.06532
-0.06629
-0.06395
-0.0588
-0.05175
-0.04384
-0.03629
-0.03038
-0.02723
-0.02725
-0.0298
-0.0334
-0.03618
-0.03672
-0.03446
-0.02974
-0.02343
-0.01634
-0.00876
-0.00036
0.00916
0.0194
0.02941
0.03831
0.04601
0.05351
0.06268
0.07532
0.09223
0.11272
0.13494
0.1565
0.17482
0.18716
0.19114
0.18577
0.17201
0.15208
0.12816
0.10168
0.07341
0.04404
0.01465
-0.013
-0.03677
-0.05477
-0.06625
-0.07179
-0.07305
-0.0722
-0.07146
-0.07279
-0.07744
-0.08558
-0.09617
-0.10696
-0.11482
-0.11681
-0.11138
-0.09882
-0.08068
-0.05888
-0.03526
-0.01121
0.01236
0.03475
0.05501
0.07214
0.08569
0.09596
0.1035
0.10837
0.11
0.10768
0.10128
0.09147
0.07941
0.06651
0.05436
0.04452
0.03809
0.03524
0.03494
0.03524
0.03392
0.02936
0.0211
0.00981
-0.00308
-0.01567
-0.026
-0.03256
-0.03488
-0.03364
-0.03025
-0.02656
-0.02451
-0.02573
-0.03094
-0.03976
-0.051
-0.06325
-0.07531
-0.08637
-0.09581
-0.10281
-0.10625
-0.10531
-0.10002
-0.09128
-0.08048
-0.06905
-0.05849
-0.05041
-0.04628
-0.0468
-0.05163
-0.0595
-0.06878
-0.07751
-0.08332
-0.08371
-0.07703
-0.06321
-0.04356
-0.02003
0.00544
0.03126
0.05641
0.0804
0.10281
0.12225
0.13592
0.14077
0.13531
0.12044
0.09885
0.0739
0.04889
0.02697
0.01121
0.00383
0.00533
0.01409
0.02705
0.04067
0.05192
0.05906
0.06182
0.06091
0.05738
0.05234
0.04667
0.04091
0.03504
0.0287
0.02143
0.01303
0.00361
-0.00652
-0.01702
-0.02774
-0.03882
-0.05048
-0.06286
-0.07583
-0.08881
-0.1006
-0.1096
-0.1143
-0.11363
-0.10681
-0.09353
-0.07434
-0.05103
-0.02648
-0.00405
0.01348
0.02487
0.03068
0.03273
0.03332
0.03455
0.0378
0.04347
0.05094
0.05866
0.06444
0.06608
0.06233
0.05343
0.04097
0.02737
0.01528
0.00673
0.00255
0.00212
0.0038
0.00553
0.00556
0.00298
-0.0021
-0.00873
-0.01556
-0.02134
-0.0254
-0.02779
-0.02917
-0.03044
-0.03235
-0.03529
-0.03921
-0.04379
-0.04865
-0.05361
-0.05888
-0.06495
-0.07212
-0.07992
-0.08679
-0.09055
-0.08929
-0.08204
-0.06872
-0.05004
-0.0278
-0.00489
0.01527
0.03002
0.03839
0.04129
0.04081
0.03939
0.03901
0.04044
0.04293
0.04469
0.0439
0.03956
0.0318
0.02152
0.00992
-0.0019
-0.01321
-0.02367
-0.03308
-0.04083
-0.04555
-0.04558
-0.04004
-0.02944
-0.01553
-0.00064
0.0131
0.02436
0.0329
0.03927
0.04426
0.04825
0.05099
0.05184
0.05038
0.0467
0.04134
0.03516
0.02908
0.02385
0.01982
0.017
0.01524
0.01437
0.01419
0.0145
0.01509
0.01576
0.0163
0.01652
0.01625
0.01545
0.01421
0.01267
0.01088
0.00868
0.0057
0.00162
-0.00365
-0.00994
-0.01686
-0.02398
-0.03076
-0.03646
-0.04013
-0.04101
-0.03882
-0.03383
-0.02664
-0.018
-0.00867
0.00074
0.00984
0.01854
0.02686
0.03473
0.04157
0.0462
0.04732
0.04425
0.03734
0.02777
0.01717
0.00719
-0.00088
-0.00654
-0.00998
-0.01173
-0.01226
-0.01187
-0.01074
-0.00896
-0.00653
-0.00344
0.00025
0.00437
0.00872
0.01296
0.01663
0.01913
0.02002
0.01921
0.01703
0.01406
0.01107
0.00878
0.00772
0.00801
0.00943
0.01149
0.01374
0.01575
0.01718
0.0176
0.01665
0.01416
0.01029
0.00547
0.00019
-0.00511
-0.01009
-0.01444
-0.01777
-0.01971
-0.02003
-0.01859
-0.01524
-0.00989
-0.0027
0.0058
0.0147
0.02274
0.02862
0.03151
0.03152
0.02977
0.02811
0.02841
0.03185
0.03839
0.04672
0.0544
0.05868
0.05762
0.05094
0.03993
0.02696
0.01462
0.00494
-0.00125
-0.00428
-0.00527
-0.00556
-0.00627
-0.00821
-0.01183
-0.01728
-0.02426
-0.03197
-0.03901
-0.04364
-0.04443
-0.04092
-0.03375
-0.02427
-0.0141
-0.00484
0.00229
0.00671
0.00864
0.00887
0.00835
0.0079
0.00804
0.00914
0.01159
0.01569
0.0213
0.02749
0.0328
0.03591
0.03625
0.03406
0.03015
0.02547
0.02092
0.0172
0.01493
0.01462
0.01652
0.02045
0.02578
0.03165
0.03695
0.04053
0.04152
0.03971
0.03564
0.03029
0.02477
0.02004
0.01666
0.01466
0.01367
0.01314
0.01246
0.01091
0.0077
0.00214
-0.00591
-0.01603
-0.02739
-0.03901
-0.05001
-0.05976
-0.06809
-0.07507
-0.08068
-0.08442
-0.08547
-0.08335
-0.07819
-0.07073
-0.06197
-0.05281
-0.04388
-0.03529
-0.02665
-0.01734
-0.00702
0.00401
0.01478
0.02404
0.03088
0.03512
0.03728
0.03839
0.03976
0.04261
0.04764
0.05481
0.0633
0.07157
0.07755
0.07929
0.07582
0.06758
0.05602
0.0429
0.02973
0.01748
0.00644
-0.00361
-0.01312
-0.02254
-0.03205
-0.04151
-0.05064
-0.05917
-0.06696
-0.07406
-0.08064
-0.08689
-0.09298
-0.09883
-0.10398
-0.10765
-0.10908
-0.10771
-0.10332
-0.09606
-0.08646
-0.07538
-0.06367
-0.05177
-0.03958
-0.02647
-0.01181
0.00459
0.02224
0.03995
0.05616
0.06953
0.07921
0.08491
0.08679
0.08554
0.0822
0.07776
0.07276
0.06721
0.06084
0.05345
0.04502
0.03568
0.02558
0.0148
0.0035
-0.00805
-0.01942
-0.03008
-0.03941
-0.04675
-0.0516
-0.05387
-0.05399
-0.05272
-0.05086
-0.04917
-0.0483
-0.04875
-0.05051
-0.05287
-0.05461
-0.05458
-0.05223
-0.04762
-0.04115
-0.03329
-0.02449
-0.01518
-0.00572
0.00368
0.01294
0.02204
0.03102
0.03989
0.04845
0.05602
0.06127
0.06274
0.05964
0.05229
0.04189
0.03006
0.01852
0.00893
0.00249
-0.00049
-0.00057
0.00114
0.00349
0.00557
0.00682
0.00693
0.00586
0.00376
0.00107
-0.00164
-0.00385
-0.00526
-0.00587
-0.00591
-0.00568
-0.00544
-0.00538
-0.00563
-0.00637
-0.00799
-0.01102
-0.01577
-0.02217
-0.02971
-0.03742
-0.04383
-0.04729
-0.04664
-0.0418
-0.03367
-0.02365
-0.0131
-0.00306
0.00596
0.01377
0.02024
0.02513
0.02827
0.02972
0.02984
0.02912
0.02801
0.02686
0.02577
0.02452
0.02262
0.01957
0.01513
0.00944
0.00291
-0.00395
-0.01052
-0.01615
-0.02017
-0.02224
-0.02244
-0.02127
-0.0194
-0.01751
-0.01623
-0.01602
-0.01701
-0.01903
-0.0217
-0.02458
-0.02734
-0.02974
-0.03157
-0.03257
-0.03256
-0.03152
-0.02963
-0.02722
-0.02465
-0.02236
-0.0208
-0.02033
-0.02106
-0.02281
-0.0252
-0.02782
-0.03024
-0.03194
-0.0324
-0.03126
-0.02851
-0.02451
-0.01983
-0.01517
-0.01132
-0.00904
-0.00877
-0.01044
-0.01354
-0.0174
-0.02139
-0.02508
-0.02816
-0.0303
-0.03098
-0.02969
-0.02625
-0.02092
-0.01433
-0.00717
-0.00002
0.00672
0.0129
0.01851
0.02359
0.02817
0.03233
0.0362
0.03987
0.04347
0.04719
0.05129
0.05601
0.06144
0.06745
0.07381
0.08017
0.08613
0.09134
0.09555
0.09859
0.10044
0.10124
0.10126
0.10081
0.10011
0.09914
0.09774
0.09575
0.09311
0.08992
0.08638
0.08267
0.0789
0.07489
0.0702
0.06436
0.05711
0.04862
0.03944
0.03047
0.02275
0.01704
0.01355
0.01191
0.01141
0.01126
0.01075
0.00941
0.00708
0.00391
0.00025
-0.00353
-0.00715
-0.01052
-0.01381
-0.01739
-0.02162
-0.02646
-0.0314
-0.03573
-0.03892
-0.04076
-0.04131
-0.04085
-0.03975
-0.03839
-0.03706
-0.03592
-0.03498
-0.03417
-0.0334
-0.03261
-0.03187
-0.03144
-0.03165
-0.03277
-0.03482
-0.03765
-0.04105
-0.04476
-0.0486
-0.0524
-0.05609
-0.05964
-0.06308
-0.06634
-0.0692
-0.07123
-0.07199
-0.0713
-0.0693
-0.0664
-0.06306
-0.05961
-0.0561
-0.05223
-0.0475
-0.04157
-0.03445
-0.02652
-0.01842
-0.01088
-0.00467
-0.00045
0.00141
0.00104
-0.00098
-0.00387
-0.00697
-0.0098
-0.01218
-0.01419
-0.01611
-0.01829
-0.02102
-0.02439
-0.02829
-0.03247
-0.03655
-0.03995
-0.04202
-0.04226
-0.04064
-0.03764
-0.0341
-0.03092
-0.02876
-0.02785
-0.02798
-0.02875
-0.02969
-0.03037
-0.03037
-0.02928
-0.02672
-0.02262
-0.01721
-0.01098
-0.00444
0.00193
0.0077
0.01255
0.01637
0.01929
0.02161
0.0236
0.02536
0.02662
0.02681
0.02542
0.02224
0.01754
0.01183
0.00571
-0.00034
-0.00602
-0.01123
-0.01594
-0.01992
-0.02249
-0.0227
-0.01991
-0.01416
-0.00613
0.00321
0.01291
0.02228
0.03094
0.03873
0.04531
0.04998
0.05186
0.05049
0.04612
0.03958
0.03195
0.02437
0.01788
0.01316
0.01036
0.00912
0.00879
0.00873
0.00847
0.00769
0.00623
0.00402
0.00111
-0.00233
-0.00607
-0.0099
-0.01366
-0.01727
-0.02072
-0.02396
-0.02681
-0.02899
-0.03026
-0.03056
-0.03005
-0.02901
-0.02774
-0.02648
-0.02536
-0.02427
-0.02271
-0.01973
-0.0143
-0.00587
0.00525
0.01794
0.03052
0.04133
0.04931
0.05433
0.05714
0.05898
0.06123
0.06493
0.07035
0.07681
0.08291
0.0871
0.08841
0.08679
0.0829
0.07779
0.07246
0.06763
0.06363
0.06037
0.05758
0.05498
0.05245
0.05
0.04771
0.04569
0.04396
0.04249
0.04121
0.04003
0.03873
0.03695
0.03411
0.02967
0.02346
0.01579
0.00754
-0.00009
-0.00585
-0.009
-0.00959
-0.00823
-0.00584
-0.00327
-0.00114
0.00019
0.00049
-0.00035
-0.00232
-0.00519
-0.00864
-0.01232
-0.01597
-0.01939
-0.02231
-0.02438
-0.02527
-0.02482
-0.02311
-0.02045
-0.01717
-0.01364
-0.01013
-0.00679
-0.00367
-0.00086
0.00143
0.00283
0.00305
0.00201
-0.00008
-0.00284
-0.00587
-0.00886
-0.01162
-0.0141
-0.01635
-0.01845
-0.02041
-0.02223
-0.02387
-0.02531
-0.02658
-0.02772
-0.02877
-0.02979
-0.03085
-0.03217
-0.03416
-0.03731
-0.04182
-0.04723
-0.05219
-0.05496
-0.0542
-0.04957
-0.0418
-0.03226
-0.02245
-0.01352
-0.00606
-0.00002
0.00505
0.00974
0.01455
0.01976
0.0253
0.03077
0.03543
0.03846
0.03939
0.03828
0.03564
0.03208
0.02812
0.02409
0.02011
0.01616
0.01213
0.00778
0.00294
-0.00245
-0.00809
-0.01331
-0.01727
-0.01935
-0.01944
-0.01791
-0.01538
-0.01253
-0.00985
-0.00761
-0.00582
-0.00435
-0.00297
-0.00152
0.0001
0.00188
0.00364
0.00504
0.00563
0.00507
0.00329
0.00055
-0.00271
-0.00589
-0.00834
-0.00955
-0.00939
-0.00812
-0.00629
-0.00462
-0.00371
-0.00388
-0.00508
-0.00699
-0.00921
-0.01135
-0.01306
-0.01395
-0.01359
-0.01167
-0.00821
-0.00356
0.0018
0.00736
0.01278
0.01788
0.02264
0.02715
0.0315
0.03553
0.03879
0.04064
0.04062
0.03873
0.03536
0.03119
0.02693
0.02323
0.02046
0.01866
0.0176
0.0169
0.01619
0.01518
0.01374
0.0119
0.0098
0.00763
0.00554
0.00362
0.00186
0.00023
-0.00133
-0.0029
-0.0045
-0.00615
-0.00781
-0.00946
-0.011
-0.01221
-0.0127
-0.01205
-0.01003
-0.00676
-0.00261
0.00198
0.0066
0.011
0.01506
0.01881
0.02237
0.02583
0.02923
0.03256
0.0358
0.0389
0.04177
0.04427
0.04628
0.04775
0.04877
0.04946
0.04999
0.05049
0.05104
0.05167
0.05233
0.05285
0.05288
0.05189
0.04945
0.04541
0.03982
0.03271
0.02406
0.01394
0.0028
-0.00857
-0.01921
-0.02836
-0.03574
-0.04155
-0.04621
-0.05006
-0.05325
-0.05577
-0.05761
-0.05875
-0.05913
-0.05861
-0.05709
-0.05461
-0.05132
-0.04737
-0.04285
-0.03784
-0.03248
-0.02689
-0.02123
-0.01559
-0.01009
-0.00497
-0.0008
0.00159
0.00147
-0.00134
-0.00636
-0.01264
-0.01909
-0.02473
-0.029
-0.03178
-0.03331
-0.03396
-0.03412
-0.03414
-0.03423
-0.03447
-0.03481
-0.03517
-0.03547
-0.03564
-0.0357
-0.03566
-0.03558
-0.03551
-0.03545
-0.03534
-0.03505
-0.03448
-0.03355
-0.03231
-0.03086
-0.0293
-0.02775
-0.02627
-0.02489
-0.02359
-0.02236
-0.02128
-0.02057
-0.02054
-0.02147
-0.0234
-0.02612
-0.02931
-0.03261
-0.03566
-0.03824
-0.04027
-0.04179
-0.04285
-0.04337
-0.04317
-0.04215
-0.04034
-0.03793
-0.03517
-0.0323
-0.02945
-0.02665
-0.02383
-0.02092
-0.01787
-0.01467
-0.01138
-0.00805
-0.00475
-0.00154
0.00157
0.00457
0.00741
0.00993
0.01188
0.01304
0.01334
0.01291
0.01195
0.01061
0.00892
0.00681
0.0043
0.00153
-0.00122
-0.0037
-0.00574
-0.00735
-0.00861
-0.00967
-0.01068
-0.01174
-0.01289
-0.01408
-0.0152
-0.01606
-0.01647
-0.01635
-0.01573
-0.01462
-0.01277
-0.00957
-0.00447
0.00244
0.01016
0.01731
0.02278
0.02614
0.02762
0.02783
0.02754
0.0274
0.02787
0.02915
0.03121
0.03385
0.03675
0.03966
0.04238
0.04486
0.04715
0.04932
0.05146
0.05352
0.05522
0.05603
0.05539
0.05305
0.0492
0.04429
0.03888
0.03347
0.02836
0.0237
0.01949
0.0158
0.01277
0.01051
0.00905
0.00824
0.00786
0.00768
0.00745
0.00698
0.0061
0.00477
0.00307
0.00114
-0.00087
-0.00283
-0.00468
-0.00636
-0.00781
-0.00895
-0.00967
-0.00985
-0.0093
-0.00779
-0.00517
-0.0015
0.00293
0.00777
0.0126
0.017
0.0206
0.02316
0.02474
0.02556
0.02597
0.02628
0.02668
0.02726
0.02801
0.02882
0.02955
0.02999
0.02988
0.029
0.02713
0.02407
0.01969
0.01403
0.00739
0.00019
-0.00707
-0.01383
-0.01938
-0.02311
-0.02478
-0.02462
-0.02321
-0.02121
-0.01918
-0.01746
-0.01618
-0.01525
-0.0145
-0.01373
-0.01281
-0.0116
-0.00991
-0.0075
-0.00418
0.00004
0.00493
0.0101
0.01494
0.01872
0.0208
0.02097
0.01949
0.01693
0.01391
0.01095
0.00835
0.00617
0.00435
0.00279
0.00149
0.00052
-0.00002
-0.00014
0.0001
0.00058
0.00116
0.00176
0.00227
0.00261
0.00269
0.00245
0.00188
0.00106
0.00009
-0.00089
-0.00168
-0.00209
-0.00193
-0.00118
0.00006
0.00161
0.00326
0.00486
0.00633
0.0076
0.00862
0.0093
0.00958
0.0095
0.00913
0.00858
0.00798
0.00739
0.00687
0.0064
0.00602
0.00579
0.00591
0.00661
0.00805
0.0102
0.01287
0.01583
0.01879
0.02148
0.02359
0.02487
0.02525
0.02486
0.02394
0.02267
0.02105
0.01891
0.01604
0.01237
0.00802
0.00321
-0.00176
-0.0066
-0.01091
-0.01429
-0.01648
-0.01747
-0.01749
-0.01694
-0.0162
-0.01556
-0.01524
-0.0154
-0.01615
-0.01749
-0.01927
-0.02123
-0.02301
-0.02428
-0.02488
-0.02481
-0.02425
-0.02344
-0.0226
-0.02189
-0.02137
-0.02112
-0.02125
-0.0219
-0.02316
-0.02497
-0.02717
-0.02955
-0.03188
-0.03386
-0.03521
-0.03575
-0.03551
-0.03469
-0.03354
-0.03231
-0.03118
-0.03021
-0.02939
-0.02866
-0.02794
-0.02718
-0.02635
-0.02546
-0.02453
-0.02361
-0.02273
-0.02189
-0.02108
-0.02027
-0.01935
-0.01812
-0.0164
-0.01411
-0.01132
-0.00826
-0.00529
-0.00281
-0.00112
-0.00029
-0.00018
-0.0005
-0.00097
-0.00136
-0.00155
-0.00142
-0.0009
0.00009
0.00156
0.00331
0.00505
0.00647
0.00738
0.00777
0.00775
0.00752
0.00726
0.00712
0.00724
0.00776
0.00876
0.01022
0.01201
0.01398
0.01591
0.01761
0.01893
0.01981
0.02032
0.0206
0.02079
0.02101
0.02136
0.02196
0.02296
0.02442
0.02632
0.02854
0.03093
0.03334
0.03567
0.03788
0.03998
0.042
0.04397
0.04593
0.04785
0.04957
0.05068
0.05064
0.04904
0.04582
0.04132
0.03606
0.03063
0.0256
0.02146
0.01848
0.01664
0.01566
0.01515
0.01474
0.01421
0.01345
0.01248
0.01143
0.0104
0.00947
0.00867
0.008
0.00739
0.00679
0.00616
0.00547
0.00466
0.0037
0.00257
0.00128
-0.00015
-0.00178
-0.00375
-0.0062
-0.0092
-0.01268
-0.01644
-0.02019
-0.02353
-0.02611
-0.02772
-0.02844
-0.02851
-0.02824
-0.02794
-0.02786
-0.02826
-0.0294
-0.03137
-0.03404
-0.03685
-0.039
-0.0397
-0.03856
-0.0357
-0.03164
-0.02702
-0.02241
-0.01827
-0.01489
-0.0125
-0.01111
-0.01059
-0.01064
-0.01093
-0.01116
-0.01103
-0.01028
-0.00878
-0.0066
-0.00397
-0.00124
0.00123
0.00312
0.00432
0.0049
0.00507
0.00507
0.00515
0.00561
0.00687
0.00936
0.01331
0.01852
0.02434
0.02978
0.03392
0.0362
0.03668
0.03581
0.03421
0.0324
0.03066
0.02902
0.02739
0.02564
0.0237
0.02164
0.01961
0.01781
0.01638
0.01534
0.01462
0.01409
0.01362
0.01307
0.01223
0.0108
0.00844
0.00498
0.00052
-0.00464
-0.01014
-0.01565
-0.02096
-0.02597
-0.03071
-0.0352
-0.03928
-0.04245
-0.04396
-0.04327
-0.04036
-0.03566
-0.0299
-0.02379
-0.01787
-0.01245
-0.00757
-0.00318
0.00068
0.00387
0.00624
0.00777
0.00859
0.00893
0.00903
0.00908
0.00921
0.00946
0.00981
0.0102
0.01057
0.01088
0.01112
0.01128
0.0113
0.01101
0.01012
0.00844
0.00593
0.00277
-0.00079
-0.00446
-0.008
-0.01118
-0.01377
-0.01563
-0.01676
-0.01731
-0.0175
-0.01756
-0.01768
-0.01805
-0.01881
-0.02009
-0.0219
-0.02411
-0.02655
-0.02905
-0.03149
-0.03376
-0.03577
-0.03739
-0.03851
-0.03911
-0.03926
-0.03912
-0.03884
-0.03854
-0.0383
-0.03812
-0.03791
-0.03752
-0.0368
-0.03566
-0.03413
-0.03234
-0.03043
-0.02853
-0.02671
-0.02501
-0.02341
-0.02185
-0.02025
-0.01857
-0.01678
-0.01489
-0.01295
-0.011
-0.00909
-0.00724
-0.00547
-0.0038
-0.00226
-0.00089
0.00032
0.00138
0.00233
0.00323
0.00411
0.005
0.00589
0.00679
0.00768
0.00853
0.00925
0.00972
0.00979
0.00939
0.00855
0.0074
0.00612
0.00491
0.00403
0.00382
0.00449
0.00607
0.00839
0.01113
0.01401
0.0168
0.01938
0.02175
0.02393
0.02589
0.02748
0.02845
0.0286
0.02793
0.02662
0.0249
0.02303
0.02111
0.01915
0.01701
0.01459
0.01187
0.00893
0.00598
0.00328
0.00106
-0.00062
-0.00193
-0.00323
-0.00501
-0.00759
-0.01108
-0.01529
-0.0199
-0.02442
-0.02817
-0.0304
-0.03052
-0.02847
-0.02469
-0.01986
-0.0147
-0.00973
-0.00522
-0.0012
0.00249
0.00604
0.00959
0.01311
0.01641
0.01926
0.0215
0.02314
0.0244
0.02564
0.02726
0.02955
0.03247
0.03567
0.03859
0.04073
0.04188
0.04209
0.04166
0.04093
0.04022
0.03972
0.03947
0.03943
0.03947
0.03948
0.03937
0.03905
0.03846
0.03758
0.03644
0.03512
0.03371
0.0323
0.03096
0.02977
0.02882
0.02817
0.02781
0.02768
0.02775
0.02806
0.02845
0.02857
0.02835
0.028
0.02746
0.02648
0.02499
0.02311
0.02101
0.01885
0.01681
0.01512
0.0139
0.01314
0.01273
0.01252
0.01236
0.01215
0.01184
0.01144
0.011
0.01054
0.01007
0.00953
0.00881
0.00783
0.00657
0.0051
0.0035
0.00185
0.00022
-0.0014
-0.00304
-0.00475
-0.00657
-0.00847
-0.01043
-0.0124
-0.01434
-0.01621
-0.01793
-0.01934
-0.0202
-0.0203
-0.01959
-0.01821
-0.0164
-0.01444
-0.01253
-0.0109
-0.00979
-0.00944
-0.01002
-0.01146
-0.0135
-0.0157
-0.01758
-0.01874
-0.019
-0.01846
-0.01739
-0.01611
-0.01488
-0.01384
-0.01304
-0.01244
-0.01203
-0.01184
-0.01193
-0.01232
-0.01298
-0.01383
-0.01479
-0.01575
-0.01656
-0.01701
-0.01686
-0.01597
-0.01437
-0.01223
-0.00981
-0.00733
-0.00499
-0.00292
-0.00129
-0.00027
0.00003
-0.00034
-0.00118
-0.00222
-0.00312
-0.00363
-0.0036
-0.00307
-0.00221
-0.00121
-0.00026
0.00045
0.0008
0.00069
0.00017
-0.00063
-0.00151
-0.00217
-0.00233
-0.00184
-0.00071
0.00089
0.00269
0.00434
0.00553
0.006
0.0057
0.00477
0.00347
0.00205
0.0007
-0.00047
-0.00146
-0.00232
-0.00313
-0.00392
-0.00468
-0.00534
-0.00584
-0.00617
-0.0064
-0.00677
-0.00766
-0.00945
-0.01233
-0.01618
-0.0206
-0.025
-0.02872
-0.03126
-0.03244
-0.03247
-0.03176
-0.03077
-0.02986
-0.02921
-0.02887
-0.02873
-0.02864
-0.02846
-0.02803
-0.02718
-0.02575
-0.0237
-0.02113
-0.01823
-0.01523
-0.01237
-0.00992
-0.00811
-0.00705
-0.00668
-0.0068
-0.00716
-0.00756
-0.00786
-0.00799
-0.00789
-0.00744
-0.0065
-0.00497
-0.00291
-0.00045
0.0022
0.00487
0.00739
0.00957
0.01117
0.01191
0.01165
0.01046
0.00861
0.00643
0.00427
0.00242
0.00114
0.00054
0.00056
0.00101
0.00167
0.00234
0.0029
0.00331
0.00361
0.00385
0.00409
0.00437
0.00466
0.0049
0.00497
0.00481
0.0044
0.00381
0.0031
0.00237
0.00168
0.00106
0.00051
0.00004
-0.00034
-0.00062
-0.00079
-0.00086
-0.00086
-0.00084
-0.00089
-0.00114
-0.0017
-0.00262
-0.00383
-0.00523
-0.00668
-0.00809
-0.00939
-0.01057
-0.01163
-0.01253
-0.01313
-0.01321
-0.01258
-0.0112
-0.00923
-0.00689
-0.00444
-0.00208
0.00009
0.00205
0.00377
0.00515
0.00593
0.0058
0.00458
0.00237
-0.00054
-0.00376
-0.00689
-0.00942
-0.01073
-0.01027
-0.00786
-0.00378
0.00137
0.00689
0.01202
0.01582
0.01723
0.01548
0.01052
0.00304
-0.00588
-0.01506
-0.02328
-0.02918
-0.03146
-0.02945
-0.02368
-0.01577
-0.00783
-0.00169
0.00174
0.00259
0.00181
0.00092
0.00158
0.00503
0.01157
0.0205
0.03029
0.03868
0.04315
0.04191
0.03475
0.02308
0.00949
-0.00291
-0.01134
-0.01431
-0.01203
-0.00604
0.00167
0.0093
0.01568
0.02024
0.02267
0.02267
0.0201
0.01517
0.00861
0.00145
-0.00495
-0.00917
-0.01023
-0.00806
-0.0036
0.00149
0.00546
0.00709
0.00614
0.00334
0.00003
-0.00239
-0.00303
-0.00173
0.00098
0.0042
0.00703
0.00888
0.00962
0.00955
0.0092
0.00907
0.00949
0.01047
0.01181
0.0131
0.01385
0.01371
0.01259
0.01066
0.00828
0.0058
0.00352
0.00158
0.0001
-0.00077
-0.00071
0.00056
0.00305
0.00644
0.01006
0.01308
0.01477
0.01481
0.01337
0.01097
0.00818
0.00552
0.00331
0.00174
0.00087
0.00069
0.00105
0.00175
0.00255
0.00323
0.00366
0.00374
0.00351
0.00308
0.00258
0.0021
0.00172
0.00149
0.00144
0.00154
0.00175
0.00202
0.00229
0.00253
0.00276
0.003
0.00326
0.00356
0.00387
0.00414
0.00429
0.00423
0.0039
0.00334
0.00262
0.00183
0.00107
0.00039
-0.00017
-0.0006
-0.00083
-0.00085
-0.00063
-0.00023
0.00028
0.00081
0.00128
0.00158
0.00165
0.00142
0.00093
0.00026
-0.00045
-0.00108
-0.00153
-0.00174
-0.00172
-0.00155
-0.00132
-0.00111
-0.00099
-0.001
-0.00115
-0.00137
-0.0016
-0.00178
-0.00187
-0.00186
-0.00179
-0.00169
-0.00159
-0.00151
-0.00145
-0.00142
-0.00139
-0.00135
-0.00129
-0.00122
-0.00115
-0.00108
-0.00101
-0.00096
-0.00091
-0.00086
-0.00083
-0.0008
-0.0008
-0.00082
-0.00087
-0.00093
-0.001
-0.00106
-0.00111
-0.00114
-0.00117
-0.00119
-0.00122
-0.00126
-0.00131
-0.00137
-0.00142
-0.00147
-0.00151
-0.00154
-0.00156
-0.00157
-0.00156
-0.00155
-0.00153
-0.00151
-0.00149
-0.00148
-0.00147
-0.00146
-0.00146
-0.00146
-0.00145
-0.00145
-0.00144
-0.00143
-0.00141
-0.0014
-0.00139
-0.00138
-0.00137
-0.00137
-0.00137
-0.00136
-0.00136
-0.00136
-0.00136
-0.00135
-0.00135
-0.00134
-0.00133
-0.00133
-0.00132
-0.00132
-0.00131
-0.00131
-0.0013
-0.0013
-0.00129
-0.00129
-0.00128
-0.00127
-0.00127
-0.00126
-0.00125
-0.00124
-0.00123
-0.00122
-0.00121
-0.0012
-0.00119
-0.00119
-0.00118
-0.00117
-0.00116
-0.00115
-0.00114
-0.00112
-0.00111
-0.0011
-0.00109
-0.00108
-0.00107
-0.00106
-0.00105
-0.00104
-0.00103
-0.00101
-0.001
-0.00099
-0.00098
-0.00097
-0.00096
-0.00095
-0.00093
-0.00092
-0.00091
-0.0009
-0.00089
-0.00088
-0.00086
-0.00085
-0.00084
-0.00083
-0.00082
-0.00081
-0.0008
-0.00078
-0.00077
-0.00064
