-0.00031
-0.00155
-0.00323
-0.00376
-0.00308
-0.00262
-0.00274
-0.00278
-0.00256
-0.00237
-0.0023
-0.00222
-0.00209
-0.00196
-0.00186
-0.00176
-0.00165
-0.00154
-0.00144
-0.00134
-0.00124
-0.00114
-0.00104
-0.00094
-0.00084
-0.00074
-0.00065
-0.00056
-0.00047
-0.00038
-0.0003
-0.00021
-0.00011
-0.00002
0.00006
0.00014
0.00022
0.0003
0.00038
0.00044
0.0005
0.00055
0.00059
0.00063
0.00068
0.00077
0.00089
0.00104
0.00122
0.00141
0.0016
0.00176
0.00187
0.00192
0.00192
0.00188
0.00181
0.00173
0.00167
0.00162
0.00158
0.00155
0.0015
0.00146
0.00144
0.0015
0.00167
0.00194
0.00224
0.00248
0.00259
0.00257
0.00244
0.00224
0.00205
0.00188
0.00178
0.00176
0.00187
0.00212
0.00254
0.00317
0.00405
0.00523
0.00669
0.00841
0.01033
0.01231
0.01414
0.01552
0.01618
0.01602
0.01516
0.01395
0.01286
0.01237
0.01277
0.01405
0.01593
0.01795
0.01964
0.02065
0.02089
0.02048
0.01972
0.01898
0.01859
0.01881
0.0196
0.02069
0.02165
0.02207
0.02172
0.02061
0.01891
0.0169
0.01479
0.01275
0.01085
0.00914
0.00776
0.00688
0.00652
0.00624
0.00511
0.00208
-0.00349
-0.01162
-0.02165
-0.0322
-0.04096
-0.04516
-0.0427
-0.03311
-0.01753
0.002
0.02336
0.04481
0.06506
0.08286
0.09686
0.10605
0.11036
0.1107
0.1085
0.10517
0.1018
0.09905
0.09743
0.09796
0.10223
0.11142
0.12464
0.13838
0.14803
0.15013
0.1437
0.12997
0.11149
0.09104
0.0709
0.05225
0.03521
0.01909
0.00292
-0.0142
-0.03275
-0.05278
-0.07394
-0.09574
-0.11772
-0.1396
-0.16131
-0.18296
-0.20471
-0.22664
-0.24853
-0.26934
-0.28648
-0.29605
-0.29487
-0.28279
-0.26289
-0.24015
-0.21975
-0.20564
-0.19887
-0.19633
-0.19138
-0.17657
-0.1466
-0.09877
-0.03139
0.05647
0.16193
0.27454
0.37666
0.4502
0.48553
0.48505
0.45994
0.42409
0.38937
0.36298
0.34689
0.33879
0.33427
0.32891
0.31984
0.30621
0.28892
0.26987
0.25097
0.23327
0.21636
0.19848
0.17747
0.15169
0.11981
0.07958
0.02755
-0.03909
-0.12008
-0.21035
-0.2988
-0.36964
-0.40818
-0.40774
-0.37194
-0.31146
-0.23892
-0.16467
-0.09417
-0.02787
0.03597
0.09674
0.14813
0.18009
0.18464
0.16038
0.11226
0.04862
-0.02203
-0.09302
-0.16061
-0.22391
-0.28367
-0.33982
-0.38879
-0.42341
-0.43665
-0.4259
-0.39409
-0.34742
-0.29233
-0.23338
-0.17277
-0.11097
-0.04779
0.01693
0.08204
0.14291
0.18996
0.21158
0.20027
0.15688
0.08983
0.01125
-0.06721
-0.13758
-0.19688
-0.24648
-0.28981
-0.32878
-0.36
-0.37435
-0.3619
-0.31811
-0.24638
-0.15718
-0.06694
0.00474
0.04148
0.03679
-0.00493
-0.07278
-0.15453
-0.23957
-0.32029
-0.39262
-0.4555
-0.5083
-0.54747
-0.56615
-0.55811
-0.52205
-0.46196
-0.38485
-0.29845
-0.21008
-0.127
-0.05757
-0.01068
0.00786
-0.00147
-0.03202
-0.07335
-0.11378
-0.14302
-0.15524
-0.15046
-0.13324
-0.10997
-0.0864
-0.06644
-0.05217
-0.04465
-0.04436
-0.05096
-0.06304
-0.07848
-0.09459
-0.10691
-0.1079
-0.0886
-0.04322
0.02734
0.11473
0.20386
0.27563
0.31346
0.3103
0.27058
0.20676
0.13389
0.06492
0.00748
-0.0369
-0.07105
-0.09839
-0.11904
-0.1288
-0.12217
-0.09653
-0.05405
-0.00191
0.04832
0.08353
0.09414
0.07802
0.04012
-0.01085
-0.06541
-0.11393
-0.14548
-0.14865
-0.11588
-0.04776
0.04684
0.15448
0.26154
0.35741
0.43516
0.49047
0.52139
0.52954
0.52024
0.50064
0.47754
0.456
0.4384
0.42396
0.40972
0.39255
0.37077
0.34443
0.31483
0.28384
0.25326
0.22428
0.19729
0.17201
0.14783
0.12447
0.10327
0.0883
0.08541
0.09917
0.13019
0.17478
0.22554
0.27147
0.29961
0.29972
0.26912
0.21358
0.1443
0.07466
0.01868
-0.0106
-0.0048
0.03579
0.10099
0.17216
0.22643
0.24449
0.21839
0.15431
0.06959
-0.01345
-0.07559
-0.10784
-0.11362
-0.10488
-0.09541
-0.09538
-0.10824
-0.12686
-0.12894
-0.08276
0.02911
0.18848
0.349
0.46505
0.51221
0.48885
0.40932
0.29677
0.1754
0.06328
-0.0311
-0.10759
-0.17073
-0.22646
-0.27902
-0.32825
-0.3689
-0.39382
-0.39856
-0.38354
-0.35306
-0.31318
-0.26993
-0.22842
-0.19331
-0.17039
-0.16616
-0.18377
-0.21843
-0.25751
-0.28647
-0.29581
-0.28396
-0.25562
-0.21828
-0.17753
-0.13026
-0.06156
0.04334
0.17917
0.31809
0.42909
0.4956
0.5174
0.50421
0.47029
0.4303
0.3964
0.37809
0.38209
0.40843
0.44625
0.47751
0.48673
0.46782
0.42375
0.36283
0.29468
0.22719
0.16465
0.1077
0.05436
0.0015
-0.05376
-0.11282
-0.17433
-0.2335
-0.28298
-0.31607
-0.3301
-0.32721
-0.31276
-0.29298
-0.27364
-0.25962
-0.2544
-0.25806
-0.26581
-0.27011
-0.26495
-0.24852
-0.22341
-0.19563
-0.17261
-0.16022
-0.16049
-0.17083
-0.18446
-0.19172
-0.18335
-0.15456
-0.10691
-0.04773
0.01175
0.0589
0.08315
0.07834
0.04273
-0.02122
-0.10478
-0.18994
-0.25091
-0.26362
-0.21852
-0.12795
-0.02316
0.05854
0.08995
0.06352
-0.00943
-0.10691
-0.20575
-0.28859
-0.34652
-0.37762
-0.3834
-0.36561
-0.32456
-0.2599
-0.17456
-0.07888
0.01103
0.08066
0.12337
0.14106
0.14116
0.13356
0.12901
0.13781
0.16716
0.21793
0.28332
0.35071
0.40611
0.43926
0.44634
0.42929
0.39341
0.34538
0.29186
0.23812
0.18734
0.14073
0.09814
0.05852
0.0204
-0.01801
-0.0586
-0.1019
-0.14371
-0.17366
-0.17976
-0.15602
-0.10587
-0.03934
0.03187
0.09762
0.15065
0.18705
0.20579
0.20738
0.19328
0.16631
0.13112
0.09506
0.06917
0.06584
0.09122
0.13831
0.18879
0.22295
0.22893
0.20529
0.15843
0.09863
0.03618
-0.02133
-0.06933
-0.10401
-0.12048
-0.11411
-0.08404
-0.03513
0.02239
0.07487
0.10946
0.11898
0.10406
0.07112
0.02865
-0.01579
-0.05717
-0.09309
-0.12299
-0.14673
-0.16328
-0.17005
-0.16409
-0.14424
-0.11223
-0.07203
-0.02815
0.01541
0.05487
0.08527
0.09998
0.09322
0.06348
0.01437
-0.0473
-0.11368
-0.17593
-0.22318
-0.24381
-0.23042
-0.18409
-0.1139
-0.03263
0.04776
0.11806
0.17142
0.20319
0.21221
0.20175
0.17809
0.14785
0.11591
0.08486
0.05531
0.02663
-0.00216
-0.03137
-0.0597
-0.08414
-0.1014
-0.10971
-0.10967
-0.10404
-0.09732
-0.09479
-0.10014
-0.1128
-0.1275
-0.1371
-0.13636
-0.12383
-0.10139
-0.07281
-0.04224
-0.01291
0.01351
0.03684
0.05729
0.07348
0.08121
0.07493
0.05114
0.01081
-0.0401
-0.09117
-0.13009
-0.14767
-0.14226
-0.11938
-0.08748
-0.05386
-0.0229
0.00392
0.02735
0.04934
0.07177
0.09517
0.11793
0.13723
0.15146
0.16174
0.16992
0.1749
0.17173
0.15486
0.12136
0.07106
0.00515
-0.07379
-0.16043
-0.24541
-0.31571
-0.35808
-0.36467
-0.33624
-0.28008
-0.20547
-0.12061
-0.03187
0.05568
0.13747
0.20829
0.2616
0.2903
0.28989
0.26154
0.21328
0.15896
0.11507
0.09472
0.10115
0.12498
0.14807
0.1522
0.12702
0.07287
-0.00143
-0.0832
-0.16074
-0.22653
-0.27803
-0.31647
-0.34488
-0.36563
-0.37836
-0.38022
-0.36855
-0.34319
-0.30674
-0.26342
-0.21778
-0.17352
-0.13266
-0.09509
-0.0587
-0.02035
0.02267
0.07116
0.12289
0.17166
0.20802
0.2231
0.21307
0.1805
0.1329
0.08098
0.03696
0.01101
0.0075
0.024
0.05346
0.08677
0.11433
0.12785
0.12284
0.09985
0.06325
0.01861
-0.02907
-0.07625
-0.1211
-0.16306
-0.20113
-0.23203
-0.25058
-0.25263
-0.23772
-0.20936
-0.17328
-0.13529
-0.09972
-0.06854
-0.04125
-0.01564
0.01061
0.03834
0.06631
0.09142
0.10935
0.11601
0.10962
0.09227
0.06993
0.05081
0.04216
0.04748
0.06566
0.09223
0.12154
0.14878
0.17117
0.18816
0.20021
0.20702
0.20667
0.19687
0.17683
0.14835
0.11626
0.08825
0.07292
0.07572
0.09537
0.12335
0.1473
0.1565
0.14601
0.11727
0.07612
0.02991
-0.0147
-0.05241
-0.07753
-0.08336
-0.06656
-0.0332
0.00221
0.02492
0.02698
0.00831
-0.02593
-0.0685
-0.11182
-0.14771
-0.16725
-0.16374
-0.13623
-0.08978
-0.03267
0.02679
0.08245
0.13137
0.17381
0.21213
0.24863
0.28222
0.30542
0.30549
0.27032
0.19467
0.08236
-0.05531
-0.2013
-0.33416
-0.43301
-0.48689
-0.50055
-0.49053
-0.47539
-0.46753
-0.46844
-0.46812
-0.4514
-0.40956
-0.34807
-0.28336
-0.2328
-0.20678
-0.20635
-0.22239
-0.23505
-0.22062
-0.16748
-0.08598
-0.00004
0.06897
0.11067
0.12518
0.1196
0.10373
0.08503
0.06514
0.04087
0.00803
-0.03543
-0.08801
-0.14349
-0.19098
-0.21841
-0.21838
-0.19178
-0.14688
-0.09604
-0.05267
-0.02947
-0.03604
-0.07541
-0.14146
-0.22013
-0.2944
-0.35046
-0.38166
-0.38838
-0.37498
-0.34656
-0.30804
-0.26523
-0.22534
-0.195
-0.17761
-0.17242
-0.17592
-0.18368
-0.19185
-0.19797
-0.20129
-0.20239
-0.20242
-0.20142
-0.19563
-0.17627
-0.13434
-0.06972
0.00519
0.07225
0.11759
0.13637
0.13168
0.11142
0.085
0.0604
0.04208
0.03082
0.02496
0.02281
0.0246
0.03263
0.04936
0.07554
0.10985
0.14969
0.19169
0.2315
0.26355
0.28231
0.28516
0.27412
0.25466
0.23292
0.21368
0.20025
0.19596
0.205
0.23087
0.27276
0.32312
0.36861
0.39461
0.39086
0.35492
0.29146
0.20905
0.11793
0.02958
-0.04432
-0.09378
-0.11106
-0.09172
-0.03793
0.04011
0.12821
0.21393
0.28867
0.34559
0.37808
0.38143
0.35502
0.30204
0.2279
0.14016
0.04955
-0.03051
-0.08733
-0.11374
-0.11074
-0.08642
-0.05307
-0.02366
-0.00811
-0.01043
-0.02843
-0.05534
-0.08155
-0.09622
-0.09048
-0.06084
-0.00993
0.05559
0.12764
0.1981
0.25961
0.30691
0.33712
0.34797
0.33664
0.30309
0.25584
0.21247
0.19087
0.19673
0.21783
0.23042
0.2125
0.15378
0.05793
-0.06045
-0.18144
-0.28615
-0.36025
-0.39393
-0.38215
-0.32699
-0.23828
-0.13082
-0.02157
0.07128
0.13109
0.14859
0.12575
0.07365
0.00675
-0.06218
-0.1247
-0.17582
-0.20914
-0.21259
-0.17464
-0.09806
-0.00422
0.07899
0.13214
0.14947
0.13614
0.10428
0.06989
0.04901
0.05161
0.07626
0.11104
0.14092
0.1552
0.15032
0.12891
0.09735
0.06306
0.0321
0.00825
-0.00631
-0.0101
-0.00268
0.01478
0.03985
0.07003
0.10332
0.1376
0.16951
0.19327
0.20082
0.18487
0.14312
0.07926
0.00045
-0.08282
-0.15482
-0.19816
-0.20319
-0.17285
-0.1189
-0.0554
0.00427
0.04722
0.0621
0.04388
-0.00244
-0.06406
-0.12593
-0.17394
-0.19639
-0.18685
-0.14671
-0.08428
-0.01135
0.05878
0.11208
0.13675
0.12742
0.08605
0.01943
-0.06296
-0.14895
-0.22368
-0.27255
-0.28679
-0.26685
-0.2211
-0.16142
-0.09928
-0.04299
0.00402
0.04382
0.08278
0.12835
0.18546
0.25452
0.331
0.40586
0.46723
0.50426
0.51075
0.48603
0.43394
0.36281
0.28579
0.21856
0.17372
0.15521
0.15668
0.16451
0.16401
0.14536
0.10599
0.04895
-0.02039
-0.09682
-0.17624
-0.25558
-0.33219
-0.4031
-0.46515
-0.51637
-0.55711
-0.58972
-0.6173
-0.64267
-0.66729
-0.68996
-0.70617
-0.70982
-0.69668
-0.6667
-0.62359
-0.57288
-0.51995
-0.46884
-0.42161
-0.37888
-0.34139
-0.31105
-0.2891
-0.27234
-0.25226
-0.21925
-0.16788
-0.09861
-0.01615
0.07296
0.16236
0.24734
0.32557
0.39718
0.46391
0.5276
0.58701
0.63366
0.65176
0.62635
0.55409
0.44618
0.3218
0.19906
0.0904
0.00311
-0.0575
-0.08673
-0.08246
-0.04689
0.01478
0.09655
0.19159
0.29092
0.38366
0.45978
0.51325
0.54325
0.55348
0.55038
0.54054
0.52762
0.51035
0.48368
0.44264
0.38557
0.31488
0.23644
0.15978
0.09775
0.06273
0.06096
0.08956
0.13843
0.1946
0.24633
0.28507
0.30571
0.30662
0.28994
0.26092
0.2258
0.18982
0.15611
0.12565
0.09781
0.07107
0.04361
0.01361
-0.0205
-0.05944
-0.10241
-0.14697
-0.18976
-0.22781
-0.25967
-0.28542
-0.30527
-0.31758
-0.31857
-0.30481
-0.27642
-0.23829
-0.19832
-0.16387
-0.13858
-0.12138
-0.108
-0.09357
-0.07477
-0.05075
-0.02341
0.00336
0.02531
0.03975
0.0464
0.04699
0.04417
0.04055
0.03769
0.03549
0.03197
0.02426
0.0102
-0.01065
-0.03694
-0.0658
-0.09295
-0.11323
-0.12241
-0.11913
-0.10516
-0.08429
-0.06073
-0.03892
-0.02502
-0.02792
-0.05576
-0.10891
-0.1764
-0.24035
-0.28449
-0.30055
-0.28935
-0.25842
-0.21816
-0.17828
-0.14513
-0.12077
-0.10375
-0.09103
-0.08004
-0.06977
-0.06037
-0.05189
-0.04317
-0.03191
-0.01653
0.00141
0.01646
0.02246
0.01754
0.00606
-0.00414
-0.00583
0.00548
0.03051
0.0651
0.09988
0.12319
0.12612
0.10616
0.06707
0.01605
-0.03905
-0.09111
-0.13348
-0.15988
-0.16606
-0.15176
-0.12064
-0.07837
-0.03058
0.01795
0.06284
0.09931
0.12283
0.13111
0.12538
0.10954
0.08835
0.06595
0.04505
0.02665
0.01005
-0.00648
-0.02437
-0.04278
-0.05761
-0.06307
-0.05504
-0.0331
-0.00035
0.03828
0.07755
0.11241
0.13769
0.14852
0.14221
0.11982
0.08566
0.0458
0.00731
-0.02226
-0.03657
-0.03303
-0.01369
0.0161
0.04948
0.07918
0.09865
0.10397
0.09519
0.07563
0.04992
0.02223
-0.00461
-0.02928
-0.05185
-0.07321
-0.09443
-0.11625
-0.1389
-0.16216
-0.18543
-0.20749
-0.22523
-0.23284
-0.22359
-0.19377
-0.14562
-0.08653
-0.02556
0.02966
0.07318
0.09806
0.0952
0.05783
-0.01042
-0.09171
-0.16086
-0.1987
-0.19959
-0.16859
-0.11521
-0.05016
0.0155
0.07106
0.10778
0.12169
0.11584
0.09939
0.0835
0.07629
0.07955
0.08758
0.08921
0.07307
0.03307
-0.0294
-0.10697
-0.18911
-0.26556
-0.32881
-0.37376
-0.39511
-0.38701
-0.34676
-0.2786
-0.19285
-0.10162
-0.0151
0.05902
0.11425
0.14523
0.14974
0.13034
0.09347
0.04701
-0.00096
-0.04195
-0.06749
-0.07182
-0.05412
-0.01829
0.02918
0.08141
0.13262
0.17836
0.21393
0.2332
0.23027
0.20327
0.15643
0.09849
0.03892
-0.01581
-0.0644
-0.11016
-0.15756
-0.20667
-0.24785
-0.26245
-0.23208
-0.15039
-0.02831
0.10962
0.23411
0.32016
0.35402
0.33623
0.27934
0.20173
0.12084
0.0487
-0.00966
-0.05518
-0.09213
-0.12513
-0.1563
-0.18307
-0.19866
-0.19611
-0.17266
-0.13089
-0.07641
-0.01495
0.04801
0.10527
0.1477
0.16894
0.17056
0.16084
0.14879
0.13948
0.1335
0.12869
0.12238
0.11331
0.10269
0.09351
0.08844
0.08791
0.08933
0.08781
0.07835
0.05809
0.02722
-0.01205
-0.05719
-0.10677
-0.15969
-0.21203
-0.25487
-0.27701
-0.27109
-0.23738
-0.18298
-0.11848
-0.05411
0.00352
0.0525
0.09334
0.12538
0.14562
0.15093
0.14072
0.11752
0.08571
0.05022
0.0159
-0.01246
-0.03026
-0.03423
-0.02411
-0.00325
0.02186
0.04318
0.05364
0.04962
0.03152
0.00231
-0.0342
-0.07393
-0.11217
-0.1432
-0.16143
-0.16371
-0.15082
-0.12675
-0.09674
-0.06603
-0.04005
-0.02501
-0.02649
-0.046
-0.07918
-0.11768
-0.1523
-0.17516
-0.18145
-0.1709
-0.14758
-0.11779
-0.08772
-0.06231
-0.04494
-0.03693
-0.03727
-0.04323
-0.05155
-0.05933
-0.06419
-0.0643
-0.0587
-0.04772
-0.03296
-0.01663
-0.00069
0.01363
0.02581
0.03578
0.04328
0.0475
0.0472
0.04135
0.02939
0.01104
-0.01338
-0.0421
-0.07191
-0.09959
-0.12322
-0.14257
-0.15843
-0.1715
-0.18041
-0.18055
-0.16593
-0.13353
-0.08623
-0.03225
0.01772
0.05451
0.07367
0.07628
0.06749
0.05435
0.04428
0.04391
0.05797
0.08803
0.13133
0.18034
0.22458
0.25455
0.26537
0.25764
0.23574
0.20567
0.1732
0.14249
0.11545
0.09194
0.0706
0.0498
0.02823
0.00536
-0.01855
-0.04258
-0.06561
-0.08673
-0.10563
-0.12256
-0.13792
-0.1512
-0.15964
-0.15845
-0.14342
-0.11374
-0.07244
-0.02443
0.02536
0.07261
0.11244
0.13812
0.14302
0.12598
0.09503
0.06416
0.04612
0.04715
0.06654
0.09875
0.1363
0.17215
0.20105
0.21937
0.22438
0.21447
0.19012
0.15415
0.11056
0.06305
0.01445
-0.03263
-0.07455
-0.10659
-0.12473
-0.1279
-0.11838
-0.1005
-0.07889
-0.05728
-0.03792
-0.0214
-0.00707
0.0063
0.01989
0.03466
0.05143
0.0707
0.09191
0.11327
0.13253
0.14829
0.16036
0.16942
0.17634
0.18147
0.18435
0.18412
0.18032
0.1732
0.16356
0.15234
0.14042
0.12844
0.11676
0.1055
0.09457
0.08381
0.07309
0.06236
0.05175
0.04173
0.03308
0.02662
0.02272
0.02113
0.02119
0.02204
0.02264
0.02165
0.01746
0.00874
-0.005
-0.02341
-0.04558
-0.0703
-0.09626
-0.12219
-0.14607
-0.16259
-0.16183
-0.134
-0.07846
-0.00731
0.06095
0.11101
0.13565
0.13533
0.11565
0.08474
0.05053
0.0188
-0.0075
-0.02711
-0.03916
-0.0429
-0.03849
-0.02736
-0.01156
0.00683
0.02563
0.04217
0.05359
0.05791
0.05495
0.04621
0.03401
0.02063
0.00776
-0.00375
-0.01384
-0.02291
-0.03117
-0.03803
-0.04203
-0.04168
-0.03638
-0.02675
-0.01431
-0.00144
0.00842
0.0107
0.00077
-0.0241
-0.06337
-0.1135
-0.16951
-0.22567
-0.27471
-0.30717
-0.31389
-0.29078
-0.24125
-0.17439
-0.10109
-0.0306
0.0313
0.08274
0.12506
0.16132
0.1944
0.22559
0.25397
0.27636
0.28854
0.28747
0.27324
0.24937
0.22175
0.19652
0.1774
0.16393
0.15219
0.13742
0.11648
0.08888
0.05697
0.02557
0.00035
-0.01471
-0.01938
-0.0174
-0.01499
-0.01844
-0.03183
-0.0552
-0.08383
-0.10947
-0.12378
-0.12213
-0.1051
-0.07775
-0.04788
-0.02383
-0.01175
-0.01347
-0.02641
-0.04553
-0.06565
-0.08306
-0.09614
-0.10519
-0.11179
-0.11785
-0.12483
-0.13337
-0.14331
-0.1539
-0.16411
-0.17259
-0.17789
-0.17888
-0.17534
-0.16805
-0.15837
-0.14761
-0.13643
-0.12447
-0.11067
-0.09402
-0.07422
-0.05171
-0.02751
-0.00304
0.01984
0.0385
0.04965
0.0503
0.0391
0.01691
-0.01374
-0.04888
-0.08277
-0.10832
-0.11936
-0.11331
-0.09192
-0.05977
-0.02229
0.01533
0.04849
0.07356
0.08844
0.09307
0.08936
0.08027
0.0686
0.05581
0.04179
0.02549
0.006
-0.01682
-0.04236
-0.06953
-0.097
-0.12319
-0.14629
-0.16466
-0.17756
-0.18547
-0.18983
-0.19231
-0.19426
-0.19577
-0.19477
-0.18706
-0.16829
-0.1365
-0.09311
-0.04185
0.01278
0.06695
0.1182
0.16569
0.20979
0.25114
0.28895
0.3196
0.33733
0.33746
0.31919
0.28547
0.24093
0.19003
0.13655
0.08386
0.03569
-0.00383
-0.03138
-0.04601
-0.04962
-0.04597
-0.03939
-0.03352
-0.03026
-0.02905
-0.02716
-0.02152
-0.01118
0.00203
0.01509
0.02634
0.03645
0.0476
0.06171
0.07934
0.0997
0.12114
0.1411
0.15551
0.15914
0.14771
0.12036
0.0805
0.03523
-0.0063
-0.03571
-0.04844
-0.04473
-0.02854
-0.0059
0.01605
0.03013
0.03113
0.01767
-0.00764
-0.03969
-0.07296
-0.10313
-0.12804
-0.14763
-0.16288
-0.17457
-0.18301
-0.18868
-0.1925
-0.19533
-0.19718
-0.19672
-0.19178
-0.18058
-0.16283
-0.13972
-0.11323
-0.08533
-0.05749
-0.03049
-0.00451
0.0206
0.04506
0.06889
0.09195
0.1141
0.13532
0.15563
0.17498
0.1927
0.20681
0.21415
0.2117
0.19829
0.17514
0.14507
0.11133
0.07676
0.04312
0.01087
-0.02049
-0.0518
-0.0837
-0.11637
-0.14942
-0.18206
-0.213
-0.23976
-0.25791
-0.26216
-0.24956
-0.22156
-0.18306
-0.1398
-0.09639
-0.05547
-0.01767
0.0179
0.05288
0.0891
0.12761
0.16677
0.20082
0.22158
0.22293
0.20393
0.16865
0.12388
0.07685
0.03333
-0.00368
-0.03412
-0.05996
-0.08388
-0.10811
-0.13331
-0.1575
-0.1759
-0.1828
-0.17446
-0.15083
-0.11514
-0.07231
-0.02745
0.01513
0.05235
0.08243
0.10447
0.11786
0.12228
0.11804
0.10614
0.08798
0.06515
0.03922
0.01118
-0.01875
-0.05073
-0.08462
-0.11952
-0.15387
-0.18596
-0.21447
-0.23829
-0.2561
-0.26667
-0.26996
-0.26758
-0.26138
-0.25151
-0.23643
-0.2146
-0.18588
-0.15162
-0.11396
-0.07517
-0.03708
-0.00071
0.03372
0.06664
0.0987
0.13049
0.16221
0.19293
0.21962
0.23735
0.24212
0.23455
0.22071
0.20888
0.20545
0.2129
0.23013
0.25378
0.27977
0.30456
0.32559
0.34026
0.34468
0.33423
0.30567
0.25851
0.19455
0.11666
0.02811
-0.06729
-0.16365
-0.2512
-0.31729
-0.35166
-0.35165
-0.32278
-0.27528
-0.22001
-0.16561
-0.11694
-0.07479
-0.03693
-0.00014
0.0374
0.07402
0.10462
0.12335
0.12701
0.11636
0.09535
0.06987
0.04647
0.03063
0.02503
0.02899
0.03934
0.05143
0.05958
0.05813
0.04338
0.01519
-0.02315
-0.06619
-0.10721
-0.1391
-0.15613
-0.15615
-0.14125
-0.11638
-0.08712
-0.05792
-0.03113
-0.00694
0.01594
0.03917
0.06399
0.09079
0.11919
0.1481
0.17567
0.19896
0.21435
0.21914
0.21299
0.19802
0.17766
0.15534
0.13367
0.1141
0.09729
0.08435
0.07733
0.07803
0.08619
0.0995
0.11502
0.13024
0.14285
0.14992
0.14787
0.13394
0.10787
0.07213
0.03065
-0.01262
-0.05434
-0.09114
-0.11854
-0.13145
-0.12662
-0.10469
-0.06986
-0.02781
0.01608
0.05761
0.09319
0.11912
0.13194
0.13017
0.11522
0.09062
0.06053
0.02859
-0.00264
-0.03191
-0.05901
-0.08415
-0.10748
-0.12899
-0.14799
-0.16252
-0.16964
-0.16745
-0.15668
-0.14032
-0.12186
-0.10406
-0.08851
-0.07559
-0.06471
-0.05478
-0.04464
-0.03333
-0.02027
-0.00537
0.01096
0.02802
0.0451
0.06168
0.0772
0.09051
0.09928
0.10071
0.09304
0.07665
0.05369
0.02708
-0.00044
-0.02668
-0.04991
-0.06882
-0.08277
-0.09248
-0.09991
-0.10736
-0.11649
-0.12786
-0.14088
-0.15354
-0.16227
-0.16297
-0.15296
-0.13233
-0.10359
-0.07046
-0.03707
-0.00808
0.01146
0.01763
0.00945
-0.0107
-0.03848
-0.06929
-0.09931
-0.12503
-0.14192
-0.14419
-0.12732
-0.09143
-0.04214
0.01217
0.06419
0.11023
0.15008
0.18503
0.21453
0.23404
0.23663
0.21788
0.17912
0.12635
0.06697
0.0072
-0.0492
-0.10099
-0.14811
-0.18895
-0.21864
-0.23095
-0.22222
-0.19336
-0.14825
-0.09092
-0.02479
0.04563
0.11293
0.16775
0.20243
0.21421
0.20556
0.18212
0.15036
0.11608
0.0835
0.05482
0.03026
0.00863
-0.01175
-0.03229
-0.05331
-0.07333
-0.08898
-0.09644
-0.09346
-0.08051
-0.06011
-0.03564
-0.01021
0.01402
0.03608
0.05609
0.07475
0.09288
0.11083
0.12783
0.14106
0.14601
0.13875
0.11852
0.0882
0.05256
0.01633
-0.01697
-0.04561
-0.06961
-0.09033
-0.10938
-0.12739
-0.14307
-0.15359
-0.15624
-0.14984
-0.13502
-0.11364
-0.08816
-0.06107
-0.03424
-0.00855
0.01604
0.04
0.06342
0.08494
0.10138
0.10898
0.10566
0.09223
0.07178
0.04819
0.02482
0.00384
-0.01367
-0.02692
-0.03487
-0.03667
-0.03284
-0.02594
-0.01997
-0.01862
-0.02377
-0.03504
-0.05008
-0.06515
-0.07618
-0.0803
-0.07728
-0.06963
-0.06137
-0.05605
-0.05508
-0.05709
-0.05894
-0.05748
-0.05093
-0.03926
-0.02378
-0.0064
0.01103
0.02724
0.04178
0.05492
0.06733
0.07975
0.09266
0.10622
0.12026
0.13446
0.1485
0.16232
0.17623
0.1902
0.2025
0.20948
0.20734
0.194
0.16968
0.13634
0.09706
0.05516
0.01332
-0.02708
-0.06591
-0.10385
-0.14173
-0.18014
-0.21923
-0.2585
-0.29617
-0.32835
-0.34954
-0.35517
-0.34392
-0.31781
-0.28049
-0.23592
-0.18776
-0.13889
-0.09094
-0.04431
0.00105
0.04393
0.07985
0.10119
0.10076
0.07606
0.03078
-0.02713
-0.08862
-0.14544
-0.1898
-0.21378
-0.21113
-0.18058
-0.12687
-0.05853
0.01527
0.08699
0.15207
0.20887
0.25658
0.29272
0.31304
0.31445
0.29754
0.26633
0.22639
0.183
0.13965
0.09714
0.05364
0.00642
-0.04635
-0.10464
-0.1665
-0.2277
-0.2809
-0.31502
-0.31634
-0.27294
-0.18143
-0.05194
0.09156
0.21781
0.30023
0.32728
0.30417
0.24711
0.17561
0.10636
0.04952
0.00762
-0.02294
-0.04876
-0.07622
-0.10932
-0.14893
-0.1931
-0.23729
-0.27451
-0.29669
-0.29798
-0.27764
-0.24002
-0.19207
-0.14057
-0.09012
-0.04244
0.00307
0.04782
0.09279
0.1382
0.18373
0.22878
0.27264
0.31455
0.3534
0.38698
0.41125
0.42121
0.41359
0.38895
0.35143
0.30676
0.2603
0.21582
0.17502
0.13767
0.10225
0.06695
0.03045
-0.00773
-0.04723
-0.08725
-0.12683
-0.16528
-0.2022
-0.23739
-0.27068
-0.30191
-0.33108
-0.35845
-0.38445
-0.40952
-0.43395
-0.45755
-0.47856
-0.4927
-0.49411
-0.47842
-0.4452
-0.39768
-0.34073
-0.27899
-0.21608
-0.15425
-0.09434
-0.03606
0.02167
0.08024
0.14047
0.20078
0.25522
0.29369
0.30595
0.28672
0.23812
0.1681
0.08716
0.00508
-0.07121
-0.13772
-0.19071
-0.22414
-0.23096
-0.20769
-0.15713
-0.08696
-0.00664
0.07397
0.14449
0.19474
0.21791
0.21353
0.18703
0.14651
0.09971
0.05241
0.00799
-0.03259
-0.07019
-0.10645
-0.14235
-0.17683
-0.20595
-0.22409
-0.2269
-0.2136
-0.18694
-0.15133
-0.11095
-0.0688
-0.02657
0.01511
0.05626
0.09693
0.13615
0.17124
0.19865
0.2159
0.223
0.22243
0.21806
0.21359
0.21135
0.21181
0.21403
0.21583
0.21266
0.19701
0.16103
0.1015
0.02218
-0.06841
-0.16027
-0.24279
-0.3048
-0.33683
-0.33486
-0.3023
-0.24803
-0.18272
-0.11555
-0.05221
0.00571
0.05988
0.11325
0.16738
0.21999
0.2648
0.29458
0.30533
0.29808
0.2776
0.25013
0.22136
0.19522
0.1733
0.1552
0.1394
0.12436
0.10947
0.09566
0.08593
0.085
0.09743
0.1252
0.16644
0.21574
0.26559
0.30859
0.33919
0.35459
0.35488
0.34257
0.32131
0.29442
0.26402
0.23056
0.19316
0.15082
0.10402
0.05549
0.00935
-0.03078
-0.06311
-0.08783
-0.10641
-0.12089
-0.13303
-0.14384
-0.15361
-0.16208
-0.16808
-0.16889
-0.16086
-0.14139
-0.11051
-0.07076
-0.02588
0.02042
0.06506
0.10481
0.13508
0.15016
0.14593
0.12233
0.08327
0.03451
-0.01836
-0.07095
-0.12027
-0.16371
-0.19782
-0.21829
-0.22209
-0.20944
-0.18376
-0.15008
-0.11334
-0.07724
-0.04379
-0.01341
0.0144
0.03999
0.06244
0.07942
0.08857
0.08947
0.08427
0.07648
0.06916
0.06358
0.05913
0.05405
0.04658
0.03572
0.02142
0.00441
-0.01391
-0.03157
-0.04619
-0.05563
-0.05889
-0.0565
