-0.00002
-0.00013
-0.00044
-0.00094
-0.00148
-0.00189
-0.00207
-0.00206
-0.00193
-0.00179
-0.0017
-0.00167
-0.00168
-0.0017
-0.0017
-0.00169
-0.00166
-0.00163
-0.0016
-0.00158
-0.00156
-0.00154
-0.00153
-0.00151
-0.00149
-0.00147
-0.00144
-0.00142
-0.0014
-0.00138
-0.00136
-0.00134
-0.00132
-0.0013
-0.00128
-0.00125
-0.00123
-0.00121
-0.00118
-0.00116
-0.00114
-0.00111
-0.00109
-0.00106
-0.00103
-0.00101
-0.00098
-0.00095
-0.00092
-0.00089
-0.00086
-0.00083
-0.0008
-0.00077
-0.00074
-0.00071
-0.00067
-0.00064
-0.0006
-0.00057
-0.00053
-0.00052
-0.00052
-0.00056
-0.00064
-0.00074
-0.00087
-0.00104
-0.00123
-0.00142
-0.00154
-0.00151
-0.00132
-0.00101
-0.00065
-0.00032
-0.00009
0.00003
0.00005
-0.00002
-0.0001
-0.00018
-0.00023
-0.00025
-0.00025
-0.00024
-0.00023
-0.00022
-0.00021
-0.00021
-0.0002
-0.0002
-0.00019
-0.00018
-0.00016
-0.00011
-0.00003
0.00009
0.00025
0.0004
0.00051
0.00052
0.00042
0.00021
-0.00006
-0.00033
-0.0006
-0.00086
-0.00114
-0.00147
-0.00183
-0.00217
-0.00238
-0.00232
-0.00193
-0.00121
-0.00028
0.00072
0.00162
0.00228
0.00258
0.00247
0.00199
0.00126
0.00041
-0.00038
-0.001
-0.0014
-0.00155
-0.00146
-0.00119
-0.00081
-0.00037
0.00009
0.00057
0.00107
0.00151
0.00181
0.0019
0.00174
0.0014
0.00096
0.00053
0.00013
-0.00024
-0.0006
-0.00099
-0.00142
-0.0019
-0.00234
-0.00257
-0.00239
-0.00174
-0.00074
0.00036
0.00136
0.00215
0.00267
0.00292
0.00291
0.00266
0.00225
0.00179
0.00135
0.00095
0.00057
0.00018
-0.00023
-0.00067
-0.00111
-0.00156
-0.00201
-0.00245
-0.00285
-0.00308
-0.00295
-0.00223
-0.00073
0.0015
0.00411
0.00637
0.00749
0.00708
0.00539
0.0031
0.00084
-0.00111
-0.0028
-0.00441
-0.00607
-0.00771
-0.00896
-0.00922
-0.008
-0.00526
-0.00161
0.00201
0.00487
0.0067
0.00759
0.00775
0.00733
0.00637
0.00491
0.00299
0.00068
-0.00191
-0.00464
-0.00743
-0.01014
-0.01231
-0.01294
-0.01113
-0.00697
-0.00184
0.00242
0.00473
0.00522
0.00479
0.00436
0.00438
0.00482
0.00545
0.00604
0.00641
0.00635
0.00556
0.00383
0.00134
-0.00123
-0.00294
-0.00321
-0.00215
-0.0003
0.00186
0.00411
0.00626
0.00794
0.00873
0.0084
0.00706
0.00506
0.00281
0.00058
-0.00151
-0.00349
-0.00542
-0.00735
-0.00918
-0.01064
-0.01133
-0.01081
-0.0089
-0.00584
-0.00228
0.001
0.00323
0.00393
0.00291
0.00037
-0.00273
-0.0046
-0.00323
0.00224
0.01024
0.01692
0.01813
0.01199
0.00043
-0.01168
-0.01915
-0.01923
-0.01276
-0.00311
0.00558
0.00993
0.00844
0.00238
-0.00458
-0.00828
-0.00656
-0.00042
0.00678
0.01151
0.012
0.00885
0.00398
-0.00082
-0.0047
-0.00748
-0.00886
-0.00804
-0.00402
0.0035
0.01312
0.02169
0.02559
0.02278
0.01388
0.0017
-0.01014
-0.01841
-0.02125
-0.01867
-0.01248
-0.00507
0.00175
0.00726
0.0113
0.01335
0.01244
0.00812
0.00126
-0.00599
-0.01118
-0.01277
-0.01068
-0.00612
-0.00085
0.00358
0.00643
0.00777
0.00808
0.00769
0.00653
0.00441
0.00139
-0.00218
-0.00585
-0.00938
-0.01268
-0.01544
-0.01648
-0.0137
-0.00542
0.00749
0.02043
0.02709
0.02364
0.01208
-0.0009
-0.00868
-0.00908
-0.0047
0.00009
0.00246
0.00229
0.00121
0.00101
0.00244
0.00522
0.00851
0.01131
0.01249
0.01079
0.00528
-0.00367
-0.01346
-0.01979
-0.01871
-0.00961
0.00362
0.0146
0.01869
0.01565
0.00883
0.00204
-0.00274
-0.00558
-0.00735
-0.00856
-0.00898
-0.00818
-0.00614
-0.00332
-0.00034
0.00241
0.00481
0.0069
0.00869
0.01008
0.01093
0.01117
0.01083
0.00982
0.00769
0.00368
-0.00286
-0.01148
-0.01964
-0.02309
-0.01827
-0.00512
0.01217
0.02709
0.03423
0.03195
0.02273
0.01116
0.00136
-0.00475
-0.0074
-0.00786
-0.00727
-0.00618
-0.00474
-0.00302
-0.00102
0.00121
0.00339
0.00469
0.00387
0.00015
-0.00596
-0.01234
-0.01602
-0.01504
-0.0101
-0.00457
-0.00223
-0.00428
-0.00821
-0.00988
-0.00721
-0.00219
0.00078
-0.00126
-0.00711
-0.01255
-0.01382
-0.0103
-0.00426
0.00126
0.00449
0.00539
0.00504
0.00459
0.00471
0.00555
0.00688
0.00824
0.00899
0.00852
0.00659
0.0035
-0.00019
-0.00394
-0.00719
-0.00926
-0.00945
-0.00739
-0.00327
0.0023
0.00852
0.01454
0.0194
0.02198
0.02139
0.01758
0.01158
0.005
-0.00068
-0.0045
-0.00599
-0.00521
-0.00267
0.00064
0.00362
0.0055
0.00616
0.00605
0.00576
0.0055
0.00494
0.00328
-0.00013
-0.00496
-0.00918
-0.00976
-0.00453
0.00618
0.01974
0.0327
0.04261
0.04889
0.05255
0.05485
0.05618
0.056
0.05385
0.05041
0.04726
0.0458
0.04633
0.04811
0.04992
0.05068
0.04983
0.04743
0.04393
0.03937
0.03241
0.02034
0.00091
-0.02541
-0.0547
-0.08126
-0.10056
-0.11157
-0.1167
-0.11972
-0.12342
-0.1287
-0.13487
-0.14058
-0.14421
-0.14421
-0.13954
-0.13024
-0.1175
-0.10272
-0.08646
-0.06805
-0.0464
-0.02115
0.0069
0.03627
0.06561
0.09426
0.12226
0.14997
0.17731
0.2029
0.22407
0.23831
0.24473
0.2439
0.23676
0.22411
0.20711
0.18789
0.16937
0.15427
0.14393
0.13779
0.1337
0.12856
0.11854
0.099
0.06566
0.01715
-0.0427
-0.10541
-0.16134
-0.20393
-0.23149
-0.24617
-0.2519
-0.25295
-0.253
-0.25434
-0.25737
-0.26092
-0.26319
-0.26285
-0.26006
-0.2567
-0.25549
-0.25804
-0.26327
-0.26736
-0.26596
-0.25686
-0.24121
-0.22246
-0.20427
-0.18889
-0.17609
-0.16221
-0.14055
-0.10434
-0.05136
0.01419
0.0843
0.15093
0.20753
0.24935
0.27483
0.28671
0.2902
0.2886
0.27919
0.25281
0.19968
0.1197
0.02892
-0.04631
-0.08401
-0.07731
-0.03411
0.0305
0.10142
0.16717
0.2209
0.26023
0.28613
0.3009
0.30589
0.30084
0.28533
0.26084
0.23147
0.20231
0.17702
0.15629
0.1383
0.12044
0.10085
0.07897
0.05519
0.03035
0.00531
-0.01934
-0.04319
-0.06514
-0.08199
-0.08862
-0.0809
-0.05939
-0.0304
-0.00355
0.01268
0.01499
0.00627
-0.00692
-0.0182
-0.02419
-0.02501
-0.02291
-0.02056
-0.02003
-0.0226
-0.02879
-0.03851
-0.05126
-0.06658
-0.08404
-0.10306
-0.12239
-0.1398
-0.15164
-0.15269
-0.13677
-0.09918
-0.0404
0.03177
0.10409
0.16325
0.20178
0.22071
0.22733
0.23002
0.23405
0.2404
0.24732
0.2523
0.25314
0.24774
0.23379
0.2093
0.1741
0.13115
0.08661
0.04869
0.02554
0.02264
0.04011
0.07134
0.10421
0.12474
0.12116
0.08723
0.02514
-0.05348
-0.13116
-0.19275
-0.23285
-0.25672
-0.27469
-0.2951
-0.32098
-0.3506
-0.37973
-0.40381
-0.41982
-0.42765
-0.42988
-0.43014
-0.43112
-0.43371
-0.43744
-0.44125
-0.44389
-0.44302
-0.43396
-0.41008
-0.36672
-0.30663
-0.24172
-0.18746
-0.15379
-0.13992
-0.13696
-0.13485
-0.12757
-0.11403
-0.09577
-0.07401
-0.0484
-0.01795
0.01688
0.05258
0.08295
0.10154
0.10467
0.09307
0.07145
0.0462
0.02266
0.00324
-0.01244
-0.02581
-0.03754
-0.04681
-0.05195
-0.05169
-0.0461
-0.03645
-0.02405
-0.00833
0.01454
0.05014
0.10066
0.15962
0.21228
0.24345
0.24723
0.2308
0.20907
0.19464
0.19062
0.19041
0.18323
0.16181
0.12765
0.09094
0.06483
0.05774
0.0688
0.08941
0.1086
0.11842
0.11685
0.10746
0.09671
0.09059
0.09242
0.10233
0.11824
0.137
0.15504
0.16861
0.17442
0.17116
0.16102
0.14937
0.14211
0.14206
0.14638
0.14658
0.13118
0.09163
0.02923
-0.04213
-0.10154
-0.13144
-0.12526
-0.08788
-0.03089
0.03303
0.09339
0.14239
0.17481
0.18838
0.18425
0.16586
0.13617
0.09578
0.04478
-0.01249
-0.0653
-0.10051
-0.10966
-0.09295
-0.0576
-0.01314
0.03269
0.07543
0.11309
0.14491
0.17041
0.18921
0.20067
0.20391
0.19852
0.18568
0.1683
0.14977
0.1323
0.11583
0.0977
0.07313
0.03713
-0.01216
-0.07101
-0.13054
-0.17998
-0.21097
-0.22063
-0.21202
-0.19201
-0.16781
-0.14401
-0.12114
-0.09595
-0.06352
-0.02041
0.03331
0.09432
0.15724
0.21432
0.25434
0.26332
0.22832
0.14426
0.02117
-0.11452
-0.2298
-0.3016
-0.32786
-0.32474
-0.31433
-0.31328
-0.32827
-0.35657
-0.388
-0.40695
-0.39429
-0.33112
-0.20873
-0.04192
0.12906
0.2576
0.31735
0.31308
0.26866
0.20612
0.13402
0.05117
-0.04178
-0.13522
-0.2131
-0.26172
-0.27721
-0.2662
-0.24006
-0.20784
-0.17282
-0.1343
-0.09193
-0.04899
-0.01185
0.01398
0.02778
0.0343
0.04104
0.05394
0.07446
0.09974
0.12528
0.14788
0.16686
0.18336
0.19879
0.21385
0.2284
0.24146
0.25047
0.2494
0.22826
0.17765
0.09723
0.00135
-0.08492
-0.13794
-0.14674
-0.11572
-0.05932
0.00616
0.06888
0.12351
0.16919
0.20613
0.23391
0.25232
0.26267
0.26762
0.26944
0.26745
0.25512
0.21914
0.14505
0.02951
-0.11022
-0.24094
-0.33202
-0.37322
-0.3775
-0.36857
-0.36483
-0.37064
-0.37695
-0.36783
-0.32959
-0.2586
-0.16337
-0.05909
0.04043
0.12672
0.19477
0.24001
0.25862
0.25056
0.22189
0.18313
0.14437
0.11065
0.08111
0.05207
0.02117
-0.01037
-0.03815
-0.05694
-0.06277
-0.05395
-0.03128
0.00214
0.04162
0.08249
0.12177
0.15845
0.19246
0.22335
0.24998
0.27123
0.28692
0.29789
0.30531
0.30989
0.31157
0.30977
0.30397
0.29417
0.28107
0.26573
0.24905
0.2312
0.21158
0.18931
0.16391
0.13573
0.1059
0.07598
0.04764
0.02266
0.00331
-0.00772
-0.00829
0.00118
0.0166
0.03145
0.03988
0.03948
0.03187
0.02078
0.00936
-0.00129
-0.01174
-0.02304
-0.03581
-0.05004
-0.06543
-0.08169
-0.09855
-0.11574
-0.1329
-0.14953
-0.16485
-0.17755
-0.18521
-0.18339
-0.16614
-0.12919
-0.07388
-0.00835
0.05506
0.10437
0.13244
0.13923
0.13051
0.1139
0.09499
0.07596
0.05671
0.03671
0.01619
-0.00362
-0.02052
-0.03173
-0.03513
-0.03076
-0.02106
-0.00946
0.00162
0.01176
0.02216
0.03423
0.04851
0.06444
0.08095
0.09684
0.11033
0.11854
0.11828
0.10801
0.08882
0.06359
0.03525
0.00578
-0.02364
-0.05211
-0.07825
-0.09999
-0.11535
-0.12395
-0.12797
-0.13179
-0.14053
-0.15786
-0.18391
-0.21478
-0.24464
-0.26903
-0.28697
-0.30046
-0.31221
-0.3232
-0.33084
-0.32829
-0.30634
-0.25927
-0.19156
-0.11848
-0.05772
-0.01859
0.00214
0.01584
0.0346
0.06657
0.1154
0.1812
0.25922
0.33683
0.39212
0.39726
0.32925
0.18787
0.00759
-0.1559
-0.2602
-0.30124
-0.30725
-0.3121
-0.33413
-0.37425
-0.42615
-0.48272
-0.53206
-0.55266
-0.52007
-0.42389
-0.28101
-0.13232
-0.0222
0.02582
0.01947
-0.01211
-0.03876
-0.04521
-0.0347
-0.02226
-0.02404
-0.04829
-0.09229
-0.1458
-0.19803
-0.24276
-0.27812
-0.30202
-0.30839
-0.28921
-0.24234
-0.17878
-0.1203
-0.08715
-0.08544
-0.1048
-0.12705
-0.13833
-0.13591
-0.12679
-0.12074
-0.12332
-0.13342
-0.1457
-0.15509
-0.1597
-0.16103
-0.16242
-0.16733
-0.17806
-0.1945
-0.21339
-0.22866
-0.23338
-0.2218
-0.19056
-0.13992
-0.07595
-0.00994
0.04696
0.09004
0.12235
0.15055
0.17974
0.21173
0.24705
0.28818
0.33981
0.40543
0.48258
0.56107
0.62568
0.66253
0.66491
0.63487
0.5803
0.51066
0.43358
0.35112
0.25714
0.14211
0.00768
-0.12136
-0.20474
-0.21204
-0.14466
-0.03693
0.06339
0.12117
0.12997
0.10936
0.08836
0.08745
0.10988
0.14469
0.17662
0.19526
0.19835
0.18912
0.17143
0.14677
0.1146
0.07474
0.02934
-0.01652
-0.05599
-0.08312
-0.09603
-0.0983
-0.09756
-0.10237
-0.11884
-0.14834
-0.18739
-0.22999
-0.27079
-0.30679
-0.33662
-0.35917
-0.37367
-0.38089
-0.38368
-0.3858
-0.39018
-0.39785
-0.40778
-0.41726
-0.42317
-0.4238
-0.41993
-0.41412
-0.40899
-0.40587
-0.40453
-0.40353
-0.40073
-0.39422
-0.38328
-0.3687
-0.35225
-0.33556
-0.31952
-0.30408
-0.28868
-0.27264
-0.25526
-0.23552
-0.21174
-0.18249
-0.1484
-0.11324
-0.08224
-0.0588
-0.0424
-0.02969
-0.01718
-0.00311
0.01248
0.02902
0.04691
0.06839
0.0961
0.12961
0.16261
0.18403
0.1841
0.16114
0.12397
0.08729
0.06326
0.05548
0.05973
0.06962
0.08172
0.09639
0.11515
0.13808
0.16298
0.18592
0.20288
0.21181
0.21402
0.21346
0.21434
0.21785
0.21925
0.20798
0.17437
0.12025
0.06304
0.02635
0.02404
0.05153
0.09118
0.12533
0.14621
0.15667
0.16427
0.17469
0.1884
0.20129
0.2081
0.20625
0.19759
0.18705
0.17946
0.177
0.17879
0.18241
0.18593
0.18949
0.19579
0.20892
0.23092
0.25817
0.28155
0.2918
0.28577
0.26804
0.24727
0.23099
0.22241
0.22035
0.22127
0.2217
0.21981
0.2156
0.21014
0.20456
0.19949
0.19494
0.19047
0.18533
0.17862
0.16947
0.15741
0.1425
0.12546
0.10735
0.08919
0.07157
0.05458
0.03802
0.0217
0.00564
-0.00998
-0.02505
-0.03985
-0.05516
-0.07176
-0.08992
-0.10925
-0.12879
-0.14643
-0.15823
-0.15859
-0.14206
-0.10605
-0.05324
0.00801
0.06704
0.11621
0.15371
0.18196
0.20394
0.22103
0.23325
0.24054
0.24335
0.242
0.23584
0.22333
0.20321
0.17574
0.14313
0.10853
0.07485
0.04461
0.02031
0.00388
-0.00466
-0.0077
-0.00875
-0.0108
-0.01701
-0.03617
-0.08787
-0.19361
-0.35108
-0.51819
-0.63375
-0.66076
-0.61122
-0.53234
-0.47116
-0.44807
-0.45386
-0.46317
-0.45039
-0.40089
-0.31588
-0.20984
-0.1027
-0.01273
0.04637
0.06718
0.05161
0.01282
-0.02879
-0.05479
-0.05698
-0.03918
-0.01276
0.00992
0.02067
0.01778
0.00551
-0.00857
-0.01693
-0.01503
-0.00275
0.01635
0.03754
0.05764
0.07688
0.09944
0.1318
0.17875
0.2386
0.30092
0.34931
0.36888
0.35459
0.31495
0.26821
0.23267
0.21725
0.21896
0.22777
0.23394
0.23223
0.22205
0.20532
0.18464
0.16229
0.14022
0.12017
0.10335
0.08996
0.0791
0.06915
0.05833
0.0454
0.03017
0.01359
-0.00294
-0.01823
-0.03193
-0.04443
-0.05681
-0.07114
-0.09082
-0.11964
-0.15883
-0.20434
-0.24719
-0.27795
-0.29236
-0.29353
-0.28887
-0.28499
-0.28456
-0.2866
-0.28852
-0.28807
-0.28426
-0.27728
-0.26793
-0.257
-0.2446
-0.22989
-0.21122
-0.18712
-0.15745
-0.12401
-0.09003
-0.05915
-0.03423
-0.01635
-0.00437
0.00437
0.01255
0.02162
0.0316
0.04175
0.05165
0.06207
0.07551
0.0959
0.12722
0.17107
0.2244
0.2788
0.32278
0.34728
0.35146
0.34377
0.33728
0.3425
0.36225
0.39112
0.41932
0.43883
0.44778
0.45039
0.45334
0.46151
0.47567
0.49294
0.50878
0.51883
0.51955
0.50804
0.48201
0.44025
0.38308
0.31295
0.23611
0.16329
0.10635
0.07168
0.05642
0.05096
0.04525
0.03364
0.01578
-0.00526
-0.02532
-0.04088
-0.05041
-0.05485
-0.05682
-0.05896
-0.06289
-0.0691
-0.07757
-0.0881
-0.10032
-0.11369
-0.12778
-0.14266
-0.15894
-0.1774
-0.1985
-0.22213
-0.24767
-0.27435
-0.30156
-0.32902
-0.35669
-0.38459
-0.41262
-0.44057
-0.46816
-0.49518
-0.52186
-0.54919
-0.57875
-0.61169
-0.64722
-0.6818
-0.7098
-0.72592
-0.72833
-0.71991
-0.7064
-0.69296
-0.68193
-0.67252
-0.66125
-0.64227
-0.6083
-0.55259
-0.47192
-0.37025
-0.26145
-0.16635
-0.10203
-0.07106
-0.0609
-0.05435
-0.04128
-0.02255
-0.00514
0.00513
0.0075
0.00544
0.00385
0.00653
0.01492
0.02799
0.04333
0.05867
0.07262
0.08411
0.09168
0.09398
0.09127
0.08673
0.0867
0.09949
0.13217
0.18639
0.25563
0.32678
0.38598
0.42504
0.44416
0.4499
0.45035
0.4506
0.44996
0.44161
0.41568
0.36622
0.29879
0.23061
0.1806
0.15713
0.15435
0.15844
0.15703
0.14571
0.1294
0.11858
0.12225
0.14162
0.16905
0.19268
0.20323
0.19838
0.18239
0.16237
0.14442
0.13189
0.12548
0.12427
0.12673
0.13154
0.13787
0.14529
0.15353
0.16223
0.17062
0.17699
0.17872
0.17358
0.1616
0.14591
0.13181
0.12459
0.12703
0.13789
0.15234
0.16425
0.16902
0.16566
0.15686
0.14736
0.14145
0.14104
0.14521
0.15133
0.15633
0.15766
0.15401
0.14591
0.13533
0.12447
0.11463
0.10592
0.09779
0.08992
0.08258
0.0764
0.07176
0.06843
0.06578
0.06329
0.06066
0.05754
0.05329
0.04723
0.03914
0.02958
0.01961
0.01015
0.00162
-0.00612
-0.01351
-0.02099
-0.02886
-0.03731
-0.04636
-0.056
-0.06616
-0.07683
-0.08814
-0.1003
-0.11322
-0.12575
-0.13525
-0.1385
-0.13382
-0.1226
-0.10877
-0.0969
-0.09026
-0.08977
-0.09394
-0.09984
-0.10472
-0.10718
-0.10744
-0.10671
-0.10619
-0.10642
-0.10716
-0.10767
-0.10721
-0.10531
-0.10186
-0.09713
-0.09161
-0.08578
-0.07976
-0.07333
-0.06618
-0.05826
-0.0499
-0.04153
-0.03348
-0.02596
-0.01911
-0.01295
-0.00736
-0.00206
0.00329
0.00886
0.01463
0.02027
0.02513
0.02856
0.03031
0.03075
0.03056
0.03048
0.03124
0.03347
0.03754
0.04327
0.05001
0.05677
0.06251
0.06632
0.06749
0.06556
0.06036
0.05208
0.04137
0.02933
0.01724
0.00634
-0.00239
-0.00807
-0.00997
-0.00769
-0.00146
0.00786
0.01903
0.03098
0.04294
0.05406
0.06305
0.06851
0.06998
0.0686
0.06668
0.06621
0.06777
0.07032
0.07197
0.07105
0.06695
0.06047
0.05376
0.0499
0.05176
0.06029
0.07373
0.08839
0.10075
0.10917
0.11417
0.1174
0.12045
0.12413
0.12849
0.13318
0.13782
0.1422
0.14635
0.15049
0.15496
0.16004
0.16593
0.1726
0.17955
0.18551
0.18863
0.18697
0.17905
0.16429
0.14365
0.11968
0.09587
0.07562
0.06149
0.05453
0.05362
0.05551
0.05545
0.04844
0.0311
0.00312
-0.03272
-0.07207
-0.11098
-0.14684
-0.17811
-0.20395
-0.22464
-0.24226
-0.2612
-0.28784
-0.3283
-0.38474
-0.45267
-0.5211
-0.5767
-0.61074
-0.62498
-0.63134
-0.64409
-0.66941
-0.69972
-0.71733
-0.70435
-0.65175
-0.56387
-0.45778
-0.35721
-0.28182
-0.23738
-0.2143
-0.19551
-0.16708
-0.12469
-0.07367
-0.02472
0.01228
0.03319
0.04087
0.0421
0.04314
0.04702
0.05346
0.06039
0.06552
0.06719
0.06486
0.05931
0.05286
0.04908
0.05162
0.06235
0.08024
0.10214
0.12456
0.14485
0.16129
0.17301
0.18015
0.18404
0.18691
0.19119
0.19893
0.21159
0.23005
0.25427
0.28299
0.31377
0.34392
0.37165
0.3967
0.42045
0.44543
0.47444
0.50872
0.54555
0.57739
0.59492
0.59258
0.57201
0.54027
0.50475
0.4688
0.43103
0.38778
0.33625
0.27683
0.21474
0.15972
0.12164
0.10447
0.10376
0.10985
0.11376
0.1113
0.10356
0.09444
0.08749
0.08369
0.08093
0.07532
0.0635
0.04468
0.02068
-0.0056
-0.03201
-0.05776
-0.08298
-0.1079
-0.13274
-0.15871
-0.18905
-0.22866
-0.28046
-0.3399
-0.3936
-0.42596
-0.42927
-0.40846
-0.37675
-0.34729
-0.32755
-0.31901
-0.31911
-0.32228
-0.31981
-0.30113
-0.2585
-0.19427
-0.12515
-0.07784
-0.07639
-0.12837
-0.21808
-0.31195
-0.37487
-0.38725
-0.35177
-0.28789
-0.21997
-0.16653
-0.13526
-0.12415
-0.12554
-0.1305
-0.13177
-0.1255
-0.11173
-0.09373
-0.07616
-0.06293
-0.05566
-0.05346
-0.05358
-0.05279
-0.04873
-0.04078
-0.03012
-0.01905
-0.01001
-0.00469
-0.00351
-0.00577
-0.01006
-0.01494
-0.01918
-0.02175
-0.02176
-0.01875
-0.01306
-0.00595
0.00083
0.00569
0.00775
0.00703
0.0044
0.0014
-0.00019
0.00086
0.00446
0.00916
0.01294
0.01415
0.01198
0.00656
-0.00108
-0.00901
-0.0149
-0.01659
-0.01272
-0.00296
0.01175
0.02924
0.0465
0.06066
0.07024
0.07566
0.07848
0.08015
0.08137
0.08289
0.08689
0.09713
0.11685
0.14587
0.17993
0.2132
0.24138
0.26279
0.27703
0.2832
0.27946
0.26429
0.23822
0.2047
0.1691
0.13647
0.10951
0.08827
0.07113
0.05623
0.04227
0.02871
0.01578
0.0044
-0.00407
-0.00833
-0.00788
-0.00338
0.00329
0.00959
0.01325
0.01328
0.01078
0.00869
0.01021
0.01676
0.02685
0.03688
0.04315
0.04383
0.0395
0.03203
0.02164
0.00392
-0.02845
-0.07588
-0.12242
-0.14134
-0.11633
-0.05781
0.00373
0.04106
0.04756
0.03581
0.02343
0.02035
0.02514
0.02955
0.0257
0.01156
-0.00738
-0.02138
-0.02288
-0.01228
0.00178
0.00788
-0.00067
-0.02163
-0.04578
-0.06294
-0.06764
-0.06075
-0.0476
-0.03485
-0.02777
-0.02861
-0.03632
-0.04749
-0.0579
-0.06401
-0.06411
-0.05883
-0.0507
-0.04292
-0.03798
-0.03666
-0.03807
-0.04037
-0.04179
-0.04122
-0.03855
-0.03474
-0.03164
-0.03125
-0.03447
-0.04038
-0.04674
-0.05156
-0.0543
-0.05551
-0.05545
-0.05323
-0.04735
-0.03694
-0.02269
-0.00677
0.00799
0.0189
0.02401
0.02246
0.01498
0.00405
-0.00655
-0.01286
-0.0125
-0.00594
0.00358
0.01178
0.01549
0.01398
0.00889
0.00295
-0.00159
-0.00397
-0.005
-0.00621
-0.00878
-0.01294
-0.01785
-0.02219
-0.0248
-0.0252
-0.02372
-0.02117
-0.01839
-0.01581
-0.01338
-0.01091
-0.00825
-0.00527
-0.00184
0.00203
0.00601
0.0097
0.0128
0.01527
0.01712
0.01831
0.01886
0.01892
0.0188
0.01872
0.01876
0.01889
0.01901
0.01896
0.01852
0.01742
0.01555
0.01307
0.01033
0.00764
0.00518
0.00303
0.00128
-0.00001
-0.00099
-0.0021
-0.00396
-0.00713
-0.01163
-0.01674
-0.02118
-0.02368
-0.02357
-0.02099
-0.01668
-0.01153
-0.00623
-0.001
0.00435
0.01021
0.01687
0.02425
0.03173
0.03825
0.0427
0.0445
0.04387
0.04174
0.03934
0.03751
0.03628
0.03495
0.03275
0.02933
0.02486
0.01965
0.01395
0.00799
0.00213
-0.00331
-0.00831
-0.01309
-0.01802
-0.02359
-0.03053
-0.04001
-0.05361
-0.07236
-0.09432
-0.113
-0.11948
-0.10827
-0.08234
-0.05252
-0.03112
-0.0248
-0.0317
-0.04385
-0.05249
-0.05278
-0.04552
-0.03559
-0.02845
-0.02721
-0.03154
-0.03853
-0.04459
-0.04729
-0.04643
-0.04394
-0.0427
-0.04478
-0.05016
-0.05651
-0.06038
-0.05904
-0.05213
-0.04205
-0.03278
-0.02768
-0.02779
-0.03143
-0.03534
-0.0365
-0.0337
-0.02783
-0.02121
-0.01622
-0.01431
-0.01553
-0.01875
-0.02232
-0.02479
-0.0255
-0.02464
-0.02287
-0.02073
-0.01844
-0.01598
-0.0133
-0.01042
-0.00727
-0.00361
0.00073
0.00584
0.01172
0.01849
0.02642
0.03572
0.04641
0.05817
0.07039
0.08225
0.09264
0.10009
0.10307
0.10074
0.09364
0.08365
0.07325
0.06454
0.05845
0.05423
0.04962
0.04172
0.02878
0.01237
-0.00221
-0.0086
-0.00411
0.0079
0.02023
0.02695
0.02674
0.02219
0.01683
0.0127
0.00994
0.00785
0.00604
0.00484
0.00489
0.00644
0.00906
0.01175
0.01348
0.01373
0.0127
0.0111
0.00974
0.00913
0.00934
0.01008
0.01094
0.01153
0.01153
0.01075
0.00917
0.00698
0.00461
0.00255
0.00097
-0.00024
-0.00135
-0.00235
-0.00293
-0.00265
-0.00121
0.00131
0.00442
0.00748
0.01008
0.0123
0.0145
0.01692
0.01929
0.02105
0.02164
0.02091
0.01916
0.017
0.0149
0.01291
0.01071
0.00786
0.00418
-0.00007
-0.00435
-0.00815
-0.01128
-0.01386
-0.01611
-0.01813
-0.01993
-0.0215
-0.02292
-0.0244
-0.02608
-0.02797
-0.0298
-0.03112
-0.03149
-0.03083
-0.02943
-0.02778
-0.02627
-0.02506
-0.02418
-0.02362
-0.0234
-0.02357
-0.02415
-0.02513
-0.02641
-0.02786
-0.02942
-0.03116
-0.03321
-0.03582
-0.03938
-0.04451
-0.05179
-0.0612
-0.07201
-0.08316
-0.09416
-0.10611
-0.12299
-0.15206
-0.2004
-0.26741
-0.3392
-0.39161
-0.40141
-0.35917
-0.27661
-0.18365
-0.11391
-0.08688
-0.09889
-0.1285
-0.15113
-0.15211
-0.13101
-0.09688
-0.06029
-0.02786
-0.00187
0.01731
0.02914
0.03301
0.02945
0.02097
0.01134
0.00405
0.00103
0.00227
0.00636
0.01122
0.01483
0.0158
0.01378
0.00951
0.00449
0.00036
-0.00176
-0.00158
0.00033
0.00295
0.00538
0.00714
0.00833
0.00944
0.01096
0.01301
0.01539
0.01781
0.02017
0.02266
0.02557
0.02912
0.03324
0.0375
0.04135
0.04441
0.0468
0.04966
0.05633
0.07365
0.11095
0.17435
0.25563
0.32036
0.31178
0.1906
-0.00973
-0.181
-0.21952
-0.11383
0.05144
0.17313
0.20456
0.16675
0.10918
0.06887
0.05644
0.06417
0.07902
0.09075
0.09432
0.08898
0.07613
0.05784
0.03677
0.01647
0.00068
-0.00798
-0.00906
-0.00423
0.00358
0.01141
0.01731
0.02077
0.02241
0.0233
0.02434
0.02589
0.0278
0.02967
0.031
0.03092
0.02811
0.02169
0.01255
0.00311
-0.00432
-0.00897
-0.01153
-0.01311
-0.0143
-0.01506
-0.01497
-0.0138
-0.01224
-0.01213
-0.01528
-0.02175
-0.02945
-0.03532
-0.03698
-0.03387
-0.0272
-0.01929
-0.01249
-0.00854
-0.00853
-0.01337
-0.02375
-0.03949
-0.05901
-0.07971
-0.09918
-0.11647
-0.13262
-0.15039
-0.17332
-0.20385
-0.24011
-0.27327
-0.28947
-0.27788
-0.23964
-0.18867
-0.1421
-0.1096
-0.09164
-0.08508
-0.0874
-0.09547
-0.10287
-0.10075
-0.08231
-0.047
-0.00123
0.04463
0.0806
0.10056
0.10367
0.09384
0.07792
0.06338
0.05579
0.05725
0.06608
0.07779
0.08713
0.09017
0.08591
0.07661
0.06647
0.05947
0.05755
0.06
0.06433
0.06793
0.06951
0.06952
0.06939
0.0704
0.07299
0.07672
0.08066
0.08371
