-0.00006
-0.00042
-0.00139
-0.00295
-0.00466
-0.00596
-0.00656
-0.00653
-0.00615
-0.00574
-0.00547
-0.0054
-0.00544
-0.00551
-0.00555
-0.00553
-0.00546
-0.00538
-0.0053
-0.00525
-0.0052
-0.00517
-0.00513
-0.00509
-0.00504
-0.00499
-0.00494
-0.00489
-0.00484
-0.00479
-0.00474
-0.00469
-0.00464
-0.00458
-0.00453
-0.00447
-0.00442
-0.00436
-0.0043
-0.00425
-0.00419
-0.00413
-0.00406
-0.004
-0.00394
-0.00388
-0.00382
-0.00377
-0.00372
-0.00368
-0.00363
-0.00359
-0.00355
-0.00351
-0.00348
-0.00345
-0.00342
-0.0034
-0.00338
-0.00334
-0.00329
-0.00323
-0.00315
-0.00307
-0.00298
-0.00291
-0.00283
-0.00275
-0.00266
-0.00258
-0.00249
-0.0024
-0.00231
-0.00222
-0.00212
-0.00203
-0.00194
-0.00184
-0.00175
-0.00165
-0.00155
-0.00145
-0.00134
-0.00124
-0.00113
-0.00102
-0.00091
-0.0008
-0.00068
-0.00056
-0.00048
-0.00047
-0.0006
-0.00089
-0.00137
-0.00198
-0.00261
-0.00312
-0.00337
-0.0033
-0.00297
-0.00247
-0.00192
-0.0014
-0.00093
-0.0005
-0.00011
0.00022
0.00045
0.0005
0.00037
0.00011
-0.00017
-0.00032
-0.0003
-0.00013
0.00011
0.00034
0.00054
0.0007
0.00085
0.00102
0.0012
0.00139
0.00157
0.00172
0.0018
0.00182
0.00177
0.00171
0.00166
0.00163
0.00164
0.00169
0.00176
0.00184
0.00192
0.00199
0.00207
0.0022
0.00246
0.00292
0.00358
0.00437
0.00523
0.0061
0.007
0.00789
0.0086
0.00883
0.00838
0.00723
0.00556
0.00363
0.00163
-0.00031
-0.00207
-0.00351
-0.00448
-0.00479
-0.00433
-0.00316
-0.00149
0.00028
0.00179
0.0028
0.0033
0.00347
0.00351
0.00356
0.00368
0.00385
0.00404
0.00421
0.00435
0.00447
0.00458
0.00469
0.00481
0.00494
0.00508
0.00522
0.00535
0.00548
0.00561
0.00575
0.00589
0.00604
0.00621
0.00634
0.00625
0.00564
0.00425
0.00213
-0.00026
-0.00233
-0.00365
-0.00421
-0.0043
-0.00424
-0.00419
-0.00407
-0.0037
-0.00296
-0.00184
-0.00046
0.00089
0.00181
0.00202
0.00155
0.00072
-0.00012
-0.00074
-0.00105
-0.00103
-0.00073
-0.00022
0.0005
0.00153
0.00291
0.00443
0.00554
0.00562
0.00422
0.0013
-0.00275
-0.00698
-0.00975
-0.00923
-0.00441
0.00389
0.01302
0.01947
0.02051
0.01549
0.00609
-0.00467
-0.01359
-0.01816
-0.01728
-0.01174
-0.00386
0.00352
0.0084
0.01029
0.01001
0.00887
0.00796
0.00768
0.0079
0.00827
0.00852
0.00854
0.00841
0.00829
0.00824
0.00813
0.00761
0.00642
0.00457
0.00251
0.00089
0.00027
0.00084
0.00239
0.0045
0.00677
0.00888
0.01037
0.01041
0.00788
0.00208
-0.00641
-0.01512
-0.02055
-0.02033
-0.01483
-0.00679
0.00073
0.00624
0.01011
0.01357
0.01738
0.02108
0.02309
0.02184
0.01705
0.0101
0.0032
-0.00198
-0.00497
-0.00632
-0.00688
-0.00726
-0.00767
-0.00795
-0.00767
-0.00626
-0.00313
0.00188
0.00792
0.01318
0.01583
0.01526
0.01239
0.00894
0.00626
0.00475
0.00401
0.00345
0.00266
0.0016
0.00041
-0.00071
-0.00159
-0.0021
-0.00212
-0.00169
-0.00101
-0.00046
-0.0004
-0.00097
-0.00162
-0.00087
0.00298
0.01068
0.02138
0.033
0.04231
0.04497
0.03696
0.01751
-0.00899
-0.03415
-0.04914
-0.049
-0.03496
-0.01319
0.00862
0.02438
0.03114
0.02947
0.0226
0.01448
0.00788
0.00362
0.00118
-0.00036
-0.00161
-0.00279
-0.00378
-0.00433
-0.00431
-0.00378
-0.00298
-0.00216
-0.00144
-0.00084
-0.00029
0.00025
0.00082
0.00142
0.00204
0.00265
0.00325
0.00383
0.00441
0.00497
0.00554
0.00611
0.00675
0.00753
0.00857
0.00989
0.01141
0.01299
0.01454
0.01587
0.01658
0.01595
0.01343
0.00908
0.00365
-0.00197
-0.00716
-0.01148
-0.01449
-0.0156
-0.01436
-0.01074
-0.00521
0.00154
0.00879
0.01589
0.02172
0.02432
0.02163
0.01326
0.00157
-0.00931
-0.01584
-0.01698
-0.0145
-0.01164
-0.01132
-0.01494
-0.02189
-0.02976
-0.03512
-0.03473
-0.02682
-0.01185
0.00774
0.02865
0.04726
0.05949
0.06127
0.05075
0.03062
0.00792
-0.00914
-0.0155
-0.01146
-0.00138
0.00943
0.01695
0.01879
0.01392
0.00291
-0.01179
-0.02621
-0.03611
-0.03884
-0.03433
-0.02465
-0.01242
0.00043
0.01299
0.02513
0.03686
0.0471
0.05242
0.04786
0.03077
0.00492
-0.0198
-0.03313
-0.03086
-0.0164
0.00292
0.021
0.03538
0.04623
0.0539
0.05783
0.05745
0.05359
0.04844
0.04413
0.04155
0.04035
0.03974
0.0392
0.03854
0.03777
0.03695
0.03613
0.03537
0.03469
0.03407
0.03348
0.03287
0.03223
0.0316
0.03108
0.03092
0.03144
0.03264
0.03364
0.03251
0.02697
0.01586
0.00002
-0.01821
-0.03636
-0.05255
-0.06494
-0.07121
-0.0694
-0.05937
-0.04318
-0.02391
-0.0039
0.01596
0.03581
0.05595
0.07629
0.09584
0.11263
0.12423
0.12878
0.12525
0.11302
0.09163
0.06158
0.02548
-0.01128
-0.04154
-0.05889
-0.06085
-0.05021
-0.03323
-0.0159
-0.00128
0.01067
0.02151
0.03268
0.04476
0.05761
0.07075
0.0838
0.09662
0.10913
0.12058
0.1291
0.13221
0.12839
0.11817
0.1037
0.08705
0.0684
0.04524
0.01311
-0.03202
-0.0909
-0.15917
-0.22747
-0.28348
-0.31643
-0.32234
-0.30629
-0.27968
-0.25421
-0.23673
-0.2278
-0.22379
-0.22071
-0.21741
-0.21746
-0.22832
-0.2565
-0.30085
-0.35002
-0.38715
-0.39742
-0.37286
-0.31354
-0.22858
-0.13647
-0.06053
-0.0182
-0.01169
-0.0281
-0.04911
-0.0616
-0.06214
-0.05452
-0.04439
-0.03518
-0.02642
-0.0141
0.00684
0.0381
0.07463
0.10662
0.12588
0.13119
0.12837
0.12657
0.13468
0.15919
0.20198
0.2584
0.31821
0.37019
0.40782
0.43171
0.4475
0.46129
0.47594
0.49004
0.4996
0.50123
0.49444
0.48142
0.46494
0.4456
0.42029
0.38344
0.33132
0.26669
0.20003
0.14536
0.11296
0.10399
0.11111
0.12393
0.13486
0.14136
0.14435
0.14535
0.14492
0.14293
0.13926
0.13404
0.12727
0.11825
0.10561
0.08806
0.06564
0.04071
0.0179
0.00205
-0.00492
-0.00588
-0.00749
-0.0172
-0.03968
-0.07495
-0.11907
-0.16665
-0.21307
-0.25493
-0.28871
-0.30976
-0.3138
-0.3004
-0.2747
-0.24512
-0.21854
-0.19729
-0.17977
-0.16311
-0.14531
-0.12589
-0.10612
-0.08942
-0.08112
-0.08603
-0.10512
-0.13418
-0.16598
-0.1935
-0.21169
-0.2181
-0.21327
-0.20067
-0.18536
-0.17234
-0.16624
-0.17124
-0.18981
-0.22082
-0.25958
-0.30004
-0.33722
-0.36849
-0.39342
-0.41301
-0.42895
-0.44296
-0.45628
-0.46928
-0.48154
-0.49219
-0.50024
-0.5046
-0.50367
-0.49496
-0.4756
-0.44423
-0.40327
-0.35952
-0.3219
-0.29706
-0.28574
-0.2826
-0.27964
-0.27073
-0.25412
-0.23197
-0.20784
-0.18446
-0.16287
-0.14274
-0.12318
-0.10308
-0.0807
-0.05307
-0.01693
0.02896
0.08199
0.13625
0.18522
0.22465
0.25389
0.27532
0.29255
0.30873
0.32569
0.34422
0.36505
0.38902
0.41484
0.43535
0.43613
0.3986
0.30908
0.17241
0.01955
-0.10369
-0.16292
-0.1544
-0.10149
-0.03472
0.02577
0.0747
0.1155
0.1522
0.18538
0.21305
0.23379
0.24858
0.26004
0.27054
0.28077
0.28944
0.29407
0.29256
0.28435
0.27021
0.25091
0.22619
0.19519
0.15846
0.11963
0.0849
0.06024
0.04818
0.04684
0.05177
0.0588
0.06574
0.0722
0.07834
0.08337
0.08453
0.0776
0.05917
0.02944
-0.00689
-0.04246
-0.07119
-0.09117
-0.10464
-0.11533
-0.125
-0.13106
-0.12707
-0.10709
-0.07095
-0.02602
0.01607
0.04524
0.05766
0.05662
0.04935
0.04238
0.03874
0.0381
0.03874
0.03954
0.04074
0.04353
0.049
0.05727
0.06746
0.07821
0.08833
0.09722
0.10488
0.11167
0.11786
0.12303
0.12544
0.12191
0.10875
0.08342
0.04555
-0.00258
-0.05609
-0.10859
-0.15466
-0.19229
-0.22305
-0.25003
-0.2754
-0.29952
-0.32144
-0.33949
-0.35094
-0.35127
-0.33401
-0.2934
-0.22899
-0.14822
-0.06352
0.01412
0.07945
0.13219
0.17311
0.20161
0.21687
0.22026
0.21574
0.20778
0.19898
0.18894
0.17448
0.15103
0.11523
0.06742
0.01231
-0.04187
-0.08525
-0.10879
-0.10655
-0.07717
-0.0248
0.04088
0.10668
0.16057
0.19664
0.21658
0.2265
0.23185
0.23465
0.23443
0.23059
0.22369
0.21482
0.20453
0.19231
0.17707
0.15796
0.13467
0.1068
0.07318
0.03257
-0.01461
-0.06454
-0.10983
-0.14235
-0.15822
-0.16066
-0.15778
-0.15736
-0.16272
-0.17195
-0.18005
-0.18143
-0.17109
-0.14463
-0.0997
-0.03939
0.02552
0.07937
0.10844
0.10718
0.07958
0.03611
-0.01071
-0.0501
-0.0752
-0.08394
-0.07857
-0.06422
-0.04652
-0.02936
-0.0138
0.00148
0.01854
0.03854
0.0613
0.08591
0.11128
0.13536
0.15398
0.16172
0.15509
0.13517
0.10708
0.07652
0.04643
0.01613
-0.01755
-0.05846
-0.10922
-0.16843
-0.22855
-0.27736
-0.30372
-0.30392
-0.28344
-0.25329
-0.22363
-0.19943
-0.18013
-0.16253
-0.14411
-0.12445
-0.10457
-0.08557
-0.06771
-0.05009
-0.03071
-0.00755
0.01959
0.04754
0.07048
0.08302
0.08337
0.07409
0.0601
0.04575
0.03316
0.02229
0.01217
0.00199
-0.00826
-0.01787
-0.02571
-0.03079
-0.03267
-0.03181
-0.02933
-0.0265
-0.02406
-0.02212
-0.02063
-0.02063
-0.0256
-0.04104
-0.07081
-0.11233
-0.15518
-0.18619
-0.19753
-0.19088
-0.17459
-0.15699
-0.1411
-0.12342
-0.09741
-0.06018
-0.01774
0.01658
0.03066
0.02174
-0.00295
-0.03256
-0.05967
-0.08299
-0.10509
-0.1281
-0.15003
-0.16408
-0.16195
-0.14014
-0.10534
-0.07441
-0.06634
-0.08823
-0.12405
-0.13824
-0.098
0.00067
0.12609
0.23121
0.28457
0.28707
0.26514
0.25011
0.25983
0.29202
0.33013
0.35592
0.36014
0.3453
0.32064
0.29405
0.26602
0.22967
0.17742
0.10988
0.03952
-0.01556
-0.04322
-0.04439
-0.03037
-0.01406
-0.00254
0.00527
0.0161
0.03704
0.07048
0.11281
0.15724
0.1979
0.23193
0.25863
0.27785
0.28923
0.2928
0.28985
0.28285
0.27436
0.26602
0.2582
0.25053
0.2426
0.23431
0.22577
0.21715
0.20848
0.19941
0.18845
0.17177
0.14287
0.09455
0.02314
-0.06776
-0.1669
-0.2595
-0.33416
-0.38819
-0.42736
-0.46041
-0.49289
-0.52398
-0.54718
-0.55334
-0.53489
-0.48927
-0.41966
-0.33233
-0.23269
-0.12292
-0.00281
0.12672
0.25969
0.38497
0.49107
0.57068
0.6207
0.63986
0.62796
0.58637
0.51807
0.42657
0.31363
0.17855
0.02299
-0.14178
-0.29482
-0.41573
-0.49681
-0.54627
-0.58058
-0.61371
-0.65116
-0.69006
-0.72271
-0.74161
-0.74392
-0.73253
-0.713
-0.68907
-0.66066
-0.62497
-0.57819
-0.51524
-0.42941
-0.31542
-0.17616
-0.02769
0.10427
0.19654
0.24113
0.2486
0.24086
0.24068
0.26419
0.31721
0.39366
0.47655
0.54392
0.57924
0.58011
0.55823
0.53101
0.51226
0.50795
0.51713
0.53494
0.5554
0.5725
0.57876
0.56281
0.51026
0.40982
0.2625
0.08829
-0.07678
-0.19593
-0.25074
-0.24976
-0.22049
-0.19261
-0.1849
-0.20187
-0.23704
-0.27729
-0.3058
-0.30554
-0.26496
-0.18347
-0.07259
0.04905
0.16356
0.25927
0.33176
0.38152
0.40985
0.41483
0.39029
0.32911
0.22917
0.09941
-0.03826
-0.15598
-0.23393
-0.27085
-0.28194
-0.28662
-0.29665
-0.31202
-0.32445
-0.32442
-0.30727
-0.27575
-0.23784
-0.20176
-0.17138
-0.14508
-0.11902
-0.09281
-0.07299
-0.07029
-0.09214
-0.13604
-0.18903
-0.23393
-0.25828
-0.25951
-0.24374
-0.22077
-0.20018
-0.18979
-0.1949
-0.21659
-0.25028
-0.28648
-0.31388
-0.3237
-0.31349
-0.28805
-0.25668
-0.22855
-0.20884
-0.1973
-0.18908
-0.17674
-0.15324
-0.11546
-0.06679
-0.01598
0.02778
0.06012
0.08307
0.10211
0.12199
0.14456
0.16932
0.19516
0.22182
0.25012
0.28113
0.31468
0.34821
0.37698
0.39661
0.40595
0.40785
0.40714
0.4081
0.41316
0.42288
0.43637
0.45193
0.46789
0.48315
0.49699
0.50783
0.51159
0.50076
0.46547
0.39712
0.29445
0.1695
0.0473
-0.04472
-0.09186
-0.09939
-0.08685
-0.07607
-0.08209
-0.10998
-0.15575
-0.21003
-0.2629
-0.30689
-0.33766
-0.35361
-0.35552
-0.34564
-0.32549
-0.29364
-0.2457
-0.17805
-0.09281
-0.00029
0.08386
0.14572
0.1801
0.19289
0.19748
0.20805
0.23298
0.27019
0.30688
0.32554
0.3138
0.27177
0.21167
0.15014
0.0988
0.05995
0.02918
0.00132
-0.02536
-0.04918
-0.06776
-0.08042
-0.08844
-0.09362
-0.09619
-0.09317
-0.07909
-0.04973
-0.0059
0.04612
0.09738
0.13962
0.16799
0.18254
0.18754
0.18884
0.19093
0.19597
0.205
0.2197
0.24207
0.27166
0.30277
0.32524
0.32936
0.31152
0.27583
0.23084
0.18452
0.14135
0.10234
0.06657
0.03246
-0.00144
-0.03587
-0.0708
-0.10563
-0.13999
-0.17445
-0.21072
-0.2514
-0.29934
-0.3565
-0.42233
-0.49285
-0.5612
-0.61939
-0.66086
-0.68318
-0.68952
-0.68748
-0.68552
-0.68919
-0.69865
-0.70845
-0.70966
-0.69386
-0.65749
-0.60359
-0.53937
-0.47162
-0.40372
-0.33603
-0.26799
-0.19941
-0.13079
-0.06356
-0.00094
0.05201
0.09044
0.11309
0.1236
0.12853
0.13367
0.14231
0.15699
0.18294
0.22937
0.30743
0.4249
0.57771
0.74355
0.88669
0.97537
0.99993
0.97737
0.93941
0.91387
0.91209
0.92814
0.94701
0.95464
0.94384
0.91397
0.8653
0.79174
0.67964
0.51846
0.31804
0.11531
-0.04177
-0.12288
-0.13275
-0.10347
-0.07137
-0.05777
-0.06479
-0.08324
-0.10286
-0.11841
-0.13052
-0.14351
-0.16228
-0.18988
-0.22655
-0.27054
-0.31996
-0.37417
-0.43362
-0.49782
-0.56276
-0.61966
-0.65774
-0.6706
-0.66154
-0.6426
-0.62777
-0.62544
-0.63531
-0.65068
-0.66269
-0.66297
-0.64446
-0.60233
-0.53634
-0.45253
-0.36217
-0.27835
-0.21189
-0.16749
-0.14195
-0.12647
-0.11201
-0.09366
-0.07139
-0.04823
-0.0281
-0.0143
-0.00836
-0.00935
-0.01461
-0.02117
-0.02721
-0.03247
-0.03778
-0.04419
-0.05249
-0.06312
-0.07621
-0.09132
-0.1071
-0.12144
-0.13231
-0.13872
-0.14116
-0.141
-0.13968
-0.138
-0.13575
-0.13188
-0.1253
-0.11558
-0.10284
-0.08734
-0.06945
-0.04989
-0.02952
-0.00896
0.01143
0.03086
0.04773
0.06017
0.0673
0.06992
0.07003
0.06991
0.07161
0.07745
0.09012
0.1119
0.14378
0.1858
0.23819
0.30164
0.3765
0.462
0.55481
0.64687
0.72565
0.77935
0.8041
0.80622
0.79725
0.78641
0.77647
0.76506
0.74887
0.72707
0.70198
0.67745
0.65634
0.63914
0.62428
0.60893
0.58937
0.56056
0.51648
0.45295
0.37268
0.28766
0.21435
0.16376
0.13523
0.11896
0.10434
0.08647
0.06685
0.04957
0.03731
0.02993
0.02555
0.02223
0.01881
0.01501
0.0112
0.00793
0.00557
0.00404
0.00296
0.00193
0.00072
-0.00068
-0.00215
-0.00362
-0.00503
-0.00642
-0.00797
-0.01003
-0.01317
-0.01813
-0.0256
-0.03623
-0.05047
-0.06844
-0.09003
-0.1154
-0.14573
-0.18328
-0.23076
-0.28995
-0.36004
-0.43683
-0.51338
-0.58189
-0.63615
-0.6732
-0.69327
-0.69855
-0.69227
-0.6782
-0.66009
-0.64061
-0.62035
-0.59702
-0.56534
-0.51795
-0.44848
-0.3567
-0.25285
-0.15596
-0.08455
-0.04601
-0.03312
-0.03041
-0.0244
-0.01037
0.00747
0.02046
0.02171
0.01038
-0.008
-0.02466
-0.03212
-0.02781
-0.01461
0.00179
0.01661
0.02809
0.03705
0.04526
0.05407
0.06437
0.0776
0.0967
0.12527
0.16531
0.21556
0.27155
0.32629
0.37049
0.39329
0.3855
0.3444
0.27772
0.20317
0.14174
0.10736
0.10006
0.1077
0.11431
0.10886
0.0894
0.06147
0.03311
0.01008
-0.00625
-0.01802
-0.02845
-0.03985
-0.05288
-0.06703
-0.08141
-0.09537
-0.10866
-0.12141
-0.13388
-0.14629
-0.15876
-0.17128
-0.18376
-0.19613
-0.20823
-0.21948
-0.22819
-0.23161
-0.2274
-0.21564
-0.19909
-0.1815
-0.16565
-0.15264
-0.14231
-0.13375
-0.12553
-0.11588
-0.10318
-0.0866
-0.06648
-0.0446
-0.02433
-0.01012
-0.00571
-0.01178
-0.02538
-0.04176
-0.05712
-0.0699
-0.08013
-0.08817
-0.09422
-0.0986
-0.10197
-0.10524
-0.10929
-0.11478
-0.12201
-0.13077
-0.14028
-0.14942
-0.15714
-0.16283
-0.16649
-0.16851
-0.16937
-0.16942
-0.16874
-0.16725
-0.16495
-0.16196
-0.15846
-0.15453
-0.15025
-0.14576
-0.14121
-0.13674
-0.13238
-0.12813
-0.12398
-0.11997
-0.11617
-0.11269
-0.10949
-0.10616
-0.1018
-0.09534
-0.08613
-0.07453
-0.06188
-0.0499
-0.0398
-0.03173
-0.0249
-0.01819
-0.01087
-0.00287
0.00546
0.01374
0.02175
0.02949
0.03706
0.04464
0.05241
0.06058
0.06932
0.07867
0.0885
0.09854
0.10829
0.11686
0.12276
0.12431
0.12059
0.11241
0.10196
0.09157
0.08258
0.07515
0.06875
0.06275
0.05678
0.05078
0.04483
0.03915
0.03392
0.02932
0.02555
0.02277
0.02106
0.02043
0.02079
0.02214
0.02456
0.02815
0.0329
0.03868
0.04528
0.05243
0.05982
0.06716
0.07433
0.08134
0.08827
0.09516
0.10205
0.10892
0.11574
0.12249
0.12919
0.13578
0.14218
0.14824
0.1538
0.15886
0.1635
0.16778
0.17126
0.17212
0.16711
0.15336
0.13126
0.10529
0.08161
0.06413
0.05265
0.04419
0.03601
0.02768
0.02092
0.01759
0.01798
0.0206
0.02326
0.02388
0.02111
0.01467
0.00566
-0.00379
-0.01131
-0.01536
-0.01591
-0.01417
-0.01172
-0.00966
-0.0083
-0.00739
-0.00651
-0.00523
-0.00296
0.00104
0.00747
0.01659
0.02805
0.0411
0.05491
0.06858
0.0808
0.08984
0.09436
0.09438
0.09148
0.08775
0.08475
0.08301
0.08243
0.08286
0.08439
0.08738
0.09203
0.09812
0.10499
0.11199
0.11872
0.12502
0.1307
0.13538
0.13864
0.14027
0.14033
0.13905
0.13667
0.13328
0.12868
0.12161
0.10828
0.08157
0.03323
-0.04002
-0.13096
-0.22357
-0.30251
-0.36137
-0.40231
-0.42912
-0.44215
-0.4397
-0.42252
-0.39579
-0.36669
-0.3406
-0.31923
-0.30131
-0.28468
-0.26786
-0.25056
-0.23317
-0.21631
-0.20064
-0.1868
-0.17505
-0.16502
-0.15585
-0.1467
-0.13722
-0.12763
-0.11879
-0.11182
-0.10748
-0.10547
-0.10463
-0.10359
-0.10102
-0.09564
-0.08632
-0.07276
-0.05606
-0.03866
-0.02331
-0.01178
-0.00408
0.0013
0.0066
0.01395
0.02441
0.03712
0.04962
0.05951
0.06637
0.0724
0.08151
0.09748
0.12223
0.15482
0.19159
0.22745
0.25798
0.28113
0.29734
0.30822
0.31497
0.31791
0.31689
0.31156
0.30091
0.28333
0.25804
0.22681
0.19355
0.16205
0.13453
0.11203
0.09495
0.08272
0.07349
0.06513
0.05658
0.04829
0.0414
0.03696
0.0356
0.03745
0.04214
0.04885
0.05657
0.06432
0.07151
0.07841
0.08652
0.09858
0.1182
0.14846
0.18864
0.23134
0.26368
0.2735
0.25566
0.21427
0.16033
0.1068
0.06364
0.03501
0.01923
0.01095
0.004
-0.00611
-0.02129
-0.04201
-0.06859
-0.10039
-0.13397
-0.16407
-0.18747
-0.20479
-0.21806
-0.22773
-0.23273
-0.23288
-0.23004
-0.22685
-0.22495
-0.22475
-0.22663
-0.23149
-0.23965
-0.24934
-0.25661
-0.25739
-0.25005
-0.23652
-0.22096
-0.20749
-0.1984
-0.19365
-0.19107
-0.18702
-0.17775
-0.16118
-0.13834
-0.11329
-0.09145
-0.07721
-0.07212
-0.0746
-0.08087
-0.08669
-0.08881
-0.08585
-0.07813
-0.06703
-0.05428
-0.04168
-0.031
-0.02357
-0.01974
-0.0185
-0.01774
-0.01493
-0.00789
0.00458
0.02203
0.04219
0.06166
0.07729
0.08737
0.0921
0.09307
0.09229
0.0913
0.09071
0.09048
0.09068
0.09194
0.09485
0.09844
0.0996
0.0944
0.08089
0.0613
0.04184
0.02972
0.02937
0.04022
0.05742
0.07469
0.08752
0.09479
0.0982
0.10042
0.10355
0.1087
0.11646
0.12732
0.14129
0.15688
0.17049
0.17715
0.17284
0.15705
0.13362
0.10911
0.08964
0.07826
0.07431
0.07469
0.07603
0.07614
0.07441
0.07125
0.06738
0.06359
0.0607
0.05944
0.06013
0.06237
0.06518
0.06711
0.06622
0.0602
0.0474
0.02822
0.0052
-0.01931
-0.046
-0.07684
-0.10895
-0.13278
-0.14018
-0.13428
-0.12865
-0.13624
-0.15923
-0.18887
-0.21337
-0.22601
-0.22801
-0.22583
-0.22633
-0.23317
-0.24509
-0.2559
-0.25662
-0.24026
-0.20664
-0.1635
-0.12259
-0.09352
-0.07975
-0.07864
-0.08406
-0.08952
-0.09054
-0.08582
-0.07698
-0.0669
-0.05772
-0.05004
-0.04357
-0.03836
-0.03528
-0.03527
-0.03829
-0.04278
-0.04618
-0.04604
-0.04123
-0.03239
-0.02167
-0.0118
-0.00499
-0.00221
-0.00304
-0.00608
-0.0095
-0.01153
-0.01091
-0.00726
-0.0013
0.00545
0.01134
0.01508
0.01583
0.01326
0.00781
0.00094
-0.00513
-0.00831
-0.00778
-0.00431
0.00043
0.00497
0.00859
0.01129
0.01317
0.01399
0.01316
0.0102
0.00528
-0.00048
-0.00528
-0.00731
-0.0054
0.00034
0.00858
0.0173
0.02461
0.02941
0.03158
0.03179
0.03114
0.03089
0.03216
0.03575
0.04196
0.05021
0.05883
0.06553
0.06884
0.06896
0.06732
0.06531
0.06373
0.06309
0.064
0.06699
0.07189
0.07739
0.08158
0.08353
0.0844
0.08599
0.08841
0.09003
0.09012
0.09043
0.09356
0.09999
0.10715
0.11128
0.11012
0.10426
0.09651
0.09031
0.08793
0.08926
0.09194
0.09299
0.09045
0.08412
0.07545
0.06695
0.06108
0.05895
0.05954
0.06008
0.0576
0.05071
0.04057
0.03044
0.02387
0.02298
0.02727
0.03375
0.03813
0.03688
0.02894
0.01623
0.00267
-0.00766
-0.01231
-0.01124
-0.00649
-0.00111
0.00212
0.00144
-0.00366
-0.01267
-0.02419
-0.03612
-0.04628
-0.05343
-0.05769
-0.05989
-0.06084
-0.06109
-0.06112
-0.06158
-0.06321
-0.0666
-0.07159
-0.07669
-0.07951
-0.0783
-0.07343
-0.06734
-0.06295
-0.06184
-0.0635
-0.06562
-0.06545
-0.0613
-0.05339
-0.0438
-0.03566
-0.03209
-0.03476
-0.04268
-0.0523
-0.05908
-0.05955
-0.05283
-0.04079
-0.02716
-0.01603
-0.01049
-0.01156
-0.01783
-0.02606
-0.03259
-0.03493
-0.03263
-0.02691
-0.01956
-0.01223
-0.00623
-0.0025
-0.00143
-0.0025
-0.00439
-0.00563
-0.00548
-0.00415
-0.00229
-0.00028
0.00185
0.00423
0.00705
0.01051
0.01453
0.01864
0.0222
0.02492
0.02709
0.02936
0.03224
0.03591
0.0404
0.04568
0.05186
0.05918
0.06789
0.07818
0.08983
0.10215
0.11391
0.12363
0.13
0.13235
0.13087
0.12658
0.12097
0.11562
0.11174
0.10983
0.10946
0.10947
0.10865
0.10702
0.10662
0.11031
0.11899
0.12985
0.1381
0.14068
0.1385
0.13554
0.13605
0.142
0.1523
0.1637
0.17278
0.17756
0.17787
0.17464
0.1691
0.16231
0.15505
0.1478
0.14061
0.13317
0.12493
0.1155
0.10506
0.09427
0.08394
0.07468
0.06688
0.0608
0.05637
0.05304
0.0499
0.0461
0.04136
0.03609
0.03114
0.02723
0.02434
0.02172
0.01836
0.01376
0.00829
0.00313
-0.00035
-0.00132
-0.00002
0.00238
0.00451
0.0055
0.00521
0.00412
0.0029
0.00215
0.00208
0.00258
0.00331
0.00392
0.00408
0.0036
0.00238
0.00039
-0.00245
-0.0061
-0.01022
-0.01404
-0.01666
-0.01742
-0.01634
-0.01413
-0.01189
-0.01063
-0.01072
-0.01174
-0.01288
-0.01348
-0.0134
-0.01284
-0.01207
-0.01127
-0.01063
-0.01035
-0.01058
-0.01133
-0.01239
-0.01349
-0.01433
-0.01458
-0.01393
-0.01225
-0.00985
-0.00753
-0.0064
-0.00755
-0.01175
-0.01918
-0.02914
-0.04006
-0.05011
-0.05828
-0.06543
-0.07461
-0.09034
-0.11615
-0.15154
-0.19065
-0.22457
-0.24634
-0.25497
-0.25531
-0.25389
-0.25472
-0.25779
-0.26086
-0.2622
-0.26215
-0.26268
-0.26547
-0.27021
-0.27409
-0.27312
-0.26414
-0.24619
-0.22078
-0.19132
-0.16237
-0.13841
-0.1222
-0.11351
-0.10949
-0.10635
-0.10131
-0.09361
-0.08429
-0.07513
-0.06741
-0.06124
-0.05583
-0.05033
-0.04436
-0.03819
-0.03252
-0.02818
-0.02566
-0.02477
-0.02444
-0.0232
-0.02
-0.01482
-0.00863
-0.00279
0.00164
0.00427
0.00549
0.0063
0.00799
0.01171
0.01811
0.0274
0.03961
0.05529
0.07675
0.10957
0.16257
0.24432
0.35546
0.47731
0.56651
0.57602
0.4985
0.38509
0.30733
0.29912
0.33885
0.381
0.39677
0.388
0.37382
0.37055
0.38169
0.40001
0.41497
0.41815
0.40516
0.37576
0.33376
0.2862
0.24094
0.20356
0.1757
0.15549
0.13943
0.12439
0.10886
0.09294
0.07762
0.06379
0.05179
0.04142
0.03236
0.02465
0.0187
0.01488
0.0131
0.01285
0.0133
0.01327
0.01147
0.00698
-0.00017
-0.00896
-0.01776
-0.02484
-0.029
-0.02994
-0.02848
-0.02623
-0.02489
-0.02584
-0.03004
-0.03777
-0.04824
-0.05957
-0.06948
-0.07631
-0.07971
-0.08056
-0.0803
-0.08018
-0.0808
-0.08226
-0.08485
-0.08983
-0.09952
-0.11642
-0.14184
-0.17461
-0.21099
-0.24663
-0.27939
-0.30974
-0.33794
-0.36133
-0.37588
-0.38085
-0.38103
-0.38331
-0.39081
-0.40051
-0.40628
-0.40397
-0.39408
-0.38054
-0.36755
-0.35711
-0.3483
-0.33798
-0.32229
-0.29864
-0.26755
-0.23292
-0.20044
-0.17477
-0.1574
-0.14639
-0.13804
-0.12913
-0.11838
-0.10667
-0.09613
-0.0886
-0.08445
-0.08244
-0.08051
-0.07704
-0.07166
-0.06521
-0.05907
-0.05446
-0.05186
-0.05089
-0.05051
-0.04953
-0.04713
-0.0432
-0.03819
-0.03274
-0.02735
-0.02215
-0.01696
-0.01164
-0.00642
-0.00192
0.00125
0.00309
0.00432
0.00611
0.00944
0.01462
0.02128
0.02855
0.03555
0.04175
0.04702
0.05152
0.05537
0.05855
0.06101
0.06293
0.06492
0.06788
0.07255
0.07896
0.08622
0.09304
0.09851
0.10266
0.10643
0.11105
0.11716
0.12444
0.13197
0.13905
0.14577
0.15322
0.16314
0.17676
0.19366
0.21136
0.22609
0.2343
0.23403
0.2255
0.21074
0.19289
0.17531
0.1607
0.15015
0.14307
0.13785
0.13294
0.12777
0.12297
0.11975
0.11902
0.12067
0.12351
0.1259
0.12657
0.12526
0.1227
0.12007
0.11825
0.11728
0.11633
0.11427
0.11046
0.10541
0.1005
0.09716
0.09595
0.09633
0.09715
0.0974
0.09668
0.09525
0.09359
0.09187
0.08981
0.0869
0.08303
0.07871
0.0748
0.07202
0.07045
0.06958
0.06843
0.06576
0.06038
0.05178
0.04065
0.02888
0.01876
0.0119
0.00842
0.00694
0.00533
0.00188
-0.00392
-0.01115
-0.018
-0.02259
-0.02388
-0.02218
-0.01905
-0.0166
-0.01651
-0.01923
-0.02387
-0.02873
-0.03212
-0.0331
-0.03161
-0.02833
-0.02417
-0.01996
-0.01642
-0.01415
-0.01347
-0.01431
-0.01625
-0.01872
-0.02107
-0.02272
-0.02326
-0.02279
-0.02198
-0.02187
-0.02333
-0.02655
-0.03095
-0.03543
-0.03878
-0.04015
-0.03937
-0.03708
-0.03453
-0.03314
-0.03379
-0.03638
-0.04001
-0.04358
-0.04641
-0.04819
-0.04877
-0.04806
-0.04623
-0.04385
-0.04176
-0.04083
-0.04152
-0.04362
-0.04635
-0.04855
-0.04908
-0.04717
-0.04285
-0.03693
-0.03087
-0.02619
-0.02399
-0.02459
-0.02748
-0.03153
-0.03532
-0.03739
-0.03669
-0.03295
-0.02694
-0.02021
-0.01438
-0.01048
-0.00869
-0.00862
-0.00958
-0.01088
-0.01188
-0.01204
-0.01088
-0.00799
-0.00325
0.00301
0.00992
0.01621
0.0205
0.02158
0.0189
0.01298
0.00554
-0.00106
-0.00487
-0.00519
-0.00278
0.00057
0.00293
0.00305
0.00081
-0.00291
-0.00684
-0.00994
-0.01181
-0.0127
-0.01318
-0.01372
-0.01435
-0.01487
-0.01519
-0.0156
-0.01666
-0.01861
-0.02108
-0.02316
-0.02397
-0.02316
-0.02116
-0.01899
-0.01784
-0.01849
-0.0209
-0.0242
-0.02709
-0.02838
-0.02771
-0.02582
-0.02418
-0.02401
-0.02562
-0.02833
-0.03116
-0.03352
-0.03546
-0.03732
-0.03934
-0.04151
-0.04367
-0.04569
-0.04753
-0.04933
-0.05135
-0.05386
-0.05698
-0.06062
-0.06449
-0.06828
-0.07178
-0.07487
-0.07745
-0.07928
-0.08008
-0.07976
-0.07845
-0.07657
-0.07469
-0.07342
-0.0732
-0.07418
-0.07609
-0.07836
-0.08031
-0.08133
-0.08107
-0.07971
-0.07803
-0.0771
-0.07766
-0.07963
-0.08227
-0.0847
-0.08638
-0.08715
-0.08718
-0.08684
-0.0865
-0.08625
-0.08568
-0.08394
-0.08028
-0.0746
-0.06778
-0.06129
-0.05646
-0.05381
-0.05294
-0.05288
-0.0527
-0.05174
-0.0497
-0.0466
-0.04273
-0.0386
-0.03474
-0.0316
-0.02948
-0.02835
-0.02784
-0.02734
-0.02626
-0.02428
-0.02146
-0.01827
-0.01533
-0.01318
-0.01199
-0.01139
-0.01055
-0.00854
-0.00486
0.0004
0.00676
0.0138
0.02154
0.03041
0.04101
0.05359
0.06829
0.08609
0.10882
0.13749
0.17013
0.20113
0.22281
0.2286
0.21659
0.1909
0.15969
0.13087
0.10868
0.09292
0.08064
0.06875
0.05657
0.04649
0.04215
0.04503
0.05246
0.05899
0.05998
0.05455
0.04562
0.03749
0.033
0.03227
0.03337
0.03399
0.0329
0.03027
0.02725
0.02504
0.02406
0.02368
0.02275
0.02039
0.01662
0.01232
0.00864
0.00631
0.00536
0.00513
0.00474
0.00349
0.00128
-0.00126
-0.00304
-0.00318
-0.00158
0.00102
0.00345
0.00473
0.0045
0.00315
0.0015
0.00039
0.00033
0.00133
0.00303
0.0049
0.00644
0.00729
0.00729
0.00641
0.00455
0.00148
-0.003
-0.00867
-0.01477
-0.02018
-0.02391
-0.02549
-0.02516
-0.02391
-0.02324
-0.02453
-0.02831
-0.03404
-0.04047
-0.04633
-0.05076
-0.05339
-0.05418
-0.05339
-0.05172
-0.05027
-0.05028
-0.05258
-0.05727
-0.06374
-0.07082
-0.07709
-0.08123
-0.08243
-0.08074
-0.07712
-0.07309
-0.0701
-0.06911
-0.07038
-0.07362
-0.07803
-0.08234
-0.08508
-0.08514
-0.08226
-0.07725
-0.07172
-0.06738
-0.06532
-0.0656
-0.06732
-0.06906
-0.06951
-0.06795
-0.06443
-0.05965
-0.05456
-0.04992
-0.04613
-0.04323
-0.04101
-0.03914
-0.03735
-0.03551
-0.03364
-0.03184
-0.03029
-0.02933
-0.02937
-0.03059
-0.03284
-0.03566
-0.03844
-0.04074
-0.04241
-0.04365
-0.04479
-0.04607
-0.04763
-0.04957
-0.05202
-0.05498
-0.0581
-0.06069
-0.06181
-0.06073
-0.0573
-0.05227
-0.04708
-0.04328
-0.04191
-0.04312
-0.0463
-0.05027
-0.05363
-0.05511
-0.05412
-0.05108
-0.04728
-0.04433
-0.04342
-0.04478
-0.04764
-0.0507
-0.05276
-0.0532
-0.05213
-0.04998
-0.04717
-0.04392
-0.04044
-0.03704
-0.03409
-0.03183
-0.03003
-0.02794
-0.02474
-0.02016
-0.01458
-0.00863
-0.0027
0.00305
0.0085
0.01327
0.01679
0.01859
0.01842
0.01637
0.01293
0.00891
0.00537
0.00335
0.00364
0.00637
0.01088
0.0159
0.02009
0.02245
0.02258
0.02056
0.01706
0.01318
0.01014
0.00886
0.00973
0.01254
0.01642
0.01989
0.02141
0.02015
0.0166
0.01236
0.00929
0.00856
0.01032
0.01389
0.01832
0.02286
0.02717
0.03129
0.03556
0.04076
0.04809
0.05887
0.07427
0.09542
0.12341
0.15785
0.19463
0.22598
0.24399
0.24562
0.23476
0.22001
0.2102
0.21081
0.22213
0.23981
0.25756
0.271
0.27984
0.28675
0.29374
0.29933
0.29911
0.28921
0.27002
0.2467
0.22615
0.21265
0.20575
0.20115
0.19349
0.17928
0.1584
0.13382
0.10987
0.09005
0.07553
0.06509
0.05634
0.0472
0.03686
0.02597
0.01609
0.00887
0.00517
0.00465
0.00598
0.00747
0.00779
0.00642
0.00363
0.00027
-0.00251
-0.00376
-0.00315
-0.00103
0.00186
0.00483
0.0075
0.00971
0.01138
0.01236
0.01259
0.01227
0.01189
0.01201
0.01294
0.01448
0.01604
0.01694
0.01675
0.01538
0.013
0.00998
0.00682
0.00403
0.00192
0.0003
-0.00137
-0.00356
-0.00637
-0.00945
-0.01243
-0.01519
-0.01782
-0.02036
-0.02255
-0.02396
-0.02436
-0.02398
-0.02347
-0.02356
-0.02475
-0.02701
-0.02993
-0.03294
-0.03556
-0.03752
-0.03869
-0.0391
-0.03893
-0.03842
-0.03782
-0.03737
-0.03727
-0.03771
-0.03882
-0.04057
-0.04275
-0.04495
-0.04684
-0.04835
-0.04969
-0.05114
-0.05279
-0.05441
-0.05559
-0.05594
-0.05532
-0.05396
-0.05237
-0.05133
-0.05161
-0.05367
-0.05734
-0.06176
-0.06573
-0.06824
-0.06884
-0.06774
-0.06564
-0.06338
-0.06166
-0.06084
-0.06083
-0.06133
-0.062
-0.06266
-0.06323
-0.06367
-0.06392
-0.06395
-0.06372
-0.06313
-0.06215
-0.06083
-0.05948
-0.05862
-0.05883
-0.06042
-0.06321
-0.06668
-0.07009
-0.07279
-0.07427
-0.07429
-0.07299
-0.07087
-0.06869
-0.06725
-0.06712
-0.06846
-0.07087
-0.07354
-0.07552
-0.07609
-0.07505
-0.07277
-0.06998
-0.06751
-0.06597
-0.06564
-0.06642
-0.06801
-0.06997
-0.07178
-0.07297
-0.07334
-0.07306
-0.07252
-0.07206
-0.07186
-0.07198
-0.07242
-0.07316
-0.07412
-0.0751
-0.07579
-0.0758
-0.07489
-0.0731
-0.07076
-0.0684
-0.06665
-0.06603
-0.06681
-0.06869
-0.07084
-0.0721
-0.07138
-0.06809
-0.06237
-0.05514
-0.04779
-0.04171
-0.03769
-0.03571
-0.03509
-0.03491
-0.0343
-0.03269
-0.02992
-0.0262
-0.02199
-0.01789
-0.01443
-0.01186
-0.01009
-0.00875
-0.00735
-0.00547
-0.00291
0.00009
0.00307
0.00556
0.0074
0.0087
0.00975
0.01073
0.01177
0.01289
0.01413
0.01554
0.01717
0.01906
0.02116
0.02333
0.02542
0.02731
0.02896
0.03041
0.03172
0.03299
0.03434
0.03581
0.03735
0.03886
0.04025
0.04149
0.04256
0.04342
0.04406
0.04463
0.04537
0.0465
0.04798
0.04944
0.0503
0.05018
0.04904
0.04727
0.04545
0.04412
0.04356
0.04374
0.04439
0.04507
0.04525
0.04444
0.04241
0.03929
0.03566
0.03237
0.03034
0.03031
0.03241
0.03595
0.03948
0.04147
0.04107
0.03851
0.03497
0.03184
0.03021
0.03045
0.03224
0.03487
0.03753
0.03965
0.04097
0.04144
0.04119
0.04045
0.03961
0.03899
0.03879
0.03898
0.0394
0.03982
0.04
0.03969
0.0387
0.03702
0.0349
0.03281
0.03131
0.03083
0.03148
0.03287
0.03421
0.03468
0.03388
0.03219
0.03063
0.03033
0.03196
0.03531
0.03941
0.04286
0.04446
0.04369
0.04095
0.03735
0.0341
0.03197
0.03107
0.03092
0.03084
0.03021
0.02867
0.02622
0.02325
0.02044
0.0184
0.01736
0.01704
0.01685
0.01616
0.01456
0.01201
0.00896
0.00625
0.00471
0.00477
0.00631
0.00875
0.01133
0.01342
0.01462
0.01493
0.01457
0.01392
0.0134
0.01336
0.01401
0.01533
0.01719
0.01941
0.02188
0.02444
0.0268
0.02856
0.02925
0.02861
0.02675
0.02422
0.02176
0.02007
0.01952
0.02005
0.02113
0.02205
0.02218
0.02134
0.0198
0.01809
0.01665
0.0157
0.01518
0.01493
0.01492
0.01519
0.01574
0.01644
0.01698
0.01708
0.01651
0.0152
0.01321
0.01082
0.00845
0.00661
0.00564
0.00556
0.00596
0.00624
0.00581
0.00442
0.00226
-0.00016
-0.00235
-0.00397
-0.0049
-0.0052
-0.00503
-0.00456
-0.0039
-0.00302
-0.00175
0
0.00198
0.00371
0.00475
0.00505
0.00487
0.00459
0.00442
0.00451
0.00507
0.00626
0.00801
0.00987
0.01119
0.01145
0.01037
0.00789
0.00419
-0.00031
-0.00486
-0.00863
-0.01107
-0.01215
-0.01225
-0.01185
-0.01137
-0.01104
-0.01101
-0.01135
-0.01218
-0.01357
-0.01559
-0.01812
-0.02078
-0.02293
-0.02398
-0.02369
-0.02235
-0.02074
-0.01978
-0.02023
-0.0223
-0.02549
-0.02873
-0.03087
-0.03131
-0.0303
-0.02879
-0.02787
-0.02832
-0.03024
-0.03297
-0.03529
-0.03604
-0.03477
-0.03196
-0.02881
-0.02664
-0.02627
-0.02772
-0.03022
-0.03261
-0.03388
-0.03355
-0.03185
-0.02946
-0.0271
-0.02542
-0.02483
-0.02552
-0.02729
-0.02959
-0.0317
-0.03311
-0.03374
-0.03386
-0.03382
-0.03384
-0.03396
-0.03412
-0.0343
-0.0346
-0.0352
-0.03615
-0.03729
-0.03827
-0.03884
-0.03896
-0.03888
-0.03883
-0.03893
-0.03904
-0.03899
-0.03867
-0.03812
-0.0375
-0.03695
-0.03651
-0.03612
-0.0357
-0.03522
-0.03468
-0.03416
-0.03372
-0.03334
-0.03293
-0.03232
-0.03141
-0.03024
-0.02901
-0.02794
-0.02713
-0.02649
-0.02586
-0.02507
-0.0241
-0.023
-0.02186
-0.02078
-0.01992
-0.0196
-0.02008
-0.02137
-0.02308
-0.02459
-0.02536
-0.0252
-0.02424
-0.02285
-0.0214
-0.02009
-0.01886
-0.01746
-0.01563
-0.01325
-0.01051
-0.0079
-0.00591
-0.00485
-0.00466
-0.00496
-0.00522
-0.00486
-0.00338
-0.00055
0.00343
0.00808
0.01291
0.01775
0.02282
0.02861
0.0356
0.04405
0.05383
0.06451
0.07528
0.08504
0.0926
0.09706
0.09815
0.09628
0.09245
0.0879
0.08354
0.0797
0.07643
0.07389
0.07244
0.07222
0.07286
0.07356
0.07347
0.07218
0.06983
0.06708
0.06489
0.06436
0.06643
0.07156
0.0793
0.08827
0.09667
0.10292
0.10626
0.10682
0.1054
0.10289
0.09985
0.09643
0.09256
0.0881
0.08306
0.07759
0.07196
0.06648
0.06137
0.05676
0.05257
0.04857
0.04442
0.03985
0.03484
0.02963
0.02463
0.02019
0.01654
0.01373
0.01165
0.01012
0.00895
0.00796
0.00702
0.00606
0.00507
0.00405
0.00294
0.00158
-0.00017
-0.00229
-0.00453
-0.00656
-0.00814
-0.00926
-0.01009
-0.01086
-0.01171
-0.01257
-0.0131
-0.013
-0.01225
-0.01124
-0.01063
-0.01092
-0.01226
-0.01435
-0.01677
-0.01916
-0.02135
-0.02333
-0.02522
-0.02721
-0.02952
-0.03216
-0.03479
-0.03687
-0.03799
-0.03818
-0.0379
-0.03784
-0.03858
-0.04035
-0.04299
-0.04597
-0.04854
-0.05006
-0.05023
-0.04927
-0.0478
-0.04659
-0.0463
-0.04719
-0.04908
-0.05133
-0.05301
-0.05318
-0.05122
-0.04712
-0.04158
-0.03569
-0.03061
-0.0272
-0.02562
-0.02537
-0.0255
-0.02507
-0.02348
-0.0206
-0.0167
-0.01237
-0.00836
-0.0054
-0.00392
-0.00385
-0.00472
-0.00576
-0.00627
-0.00583
-0.00455
-0.00292
-0.00153
-0.0007
-0.00044
-0.00055
-0.00088
-0.00131
-0.00177
-0.00225
-0.00277
-0.00344
-0.00434
-0.00546
-0.00668
-0.00784
-0.0088
-0.00947
-0.00987
-0.01013
-0.01047
-0.01108
-0.01197
-0.01295
-0.01374
-0.0142
-0.01438
-0.0144
-0.01439
-0.01438
-0.0144
-0.0145
-0.01473
-0.01506
-0.01542
-0.0158
-0.01628
-0.01696
-0.01788
-0.01895
-0.01999
-0.02077
-0.02116
-0.02113
-0.02077
-0.02023
-0.01964
-0.01917
-0.01898
-0.01916
-0.01959
-0.01991
-0.01975
-0.01887
-0.01741
-0.01584
-0.01466
-0.01411
-0.01406
-0.01419
-0.0142
-0.01394
-0.01336
-0.01239
-0.01103
-0.00939
-0.00782
-0.0067
-0.00634
-0.00691
-0.00832
-0.01023
-0.01197
-0.01275
-0.01199
-0.00966
-0.00636
-0.00296
-0.00026
0.00123
0.00146
0.00073
-0.00043
-0.00142
-0.00166
-0.00071
0.00152
0.00459
0.00781
0.01047
0.01224
0.01318
0.01361
0.01395
0.01446
0.01519
0.01601
0.01669
0.01705
0.01701
0.01662
0.01595
0.015
0.01365
0.01187
0.00987
0.008
0.00655
0.00555
0.00478
0.00396
0.00288
0.00157
0.00031
-0.00058
-0.00092
-0.00077
-0.00034
0.00017
0.00074
0.00153
0.00281
0.00479
0.00749
0.01078
0.01439
0.01811
0.02191
0.02593
0.03009
0.03403
0.03727
0.03954
0.04111
0.04262
0.04486
0.04836
0.05309
0.05843
0.06348
0.06748
0.06998
0.07093
0.07046
0.06886
0.06645
0.06339
0.05961
0.05496
0.04942
0.04323
0.03687
0.03083
0.02547
0.02072
0.01611
0.01117
0.00587
0.00068
-0.00371
-0.00674
-0.00837
-0.00908
-0.00963
-0.01067
-0.01235
-0.01427
-0.01574
-0.01626
-0.01587
-0.01511
-0.01469
-0.01504
-0.016
-0.01683
-0.0167
-0.01515
-0.01245
-0.00934
-0.00666
-0.00506
-0.0048
-0.00569
-0.00709
-0.00816
-0.00821
-0.00716
-0.00561
-0.00447
-0.00443
-0.00556
-0.00734
-0.00901
-0.00989
-0.00972
-0.00872
-0.00746
-0.00657
-0.00646
-0.00718
-0.0085
-0.01005
-0.01147
-0.0125
-0.01313
-0.0136
-0.01426
-0.01541
-0.01706
-0.01892
-0.02056
-0.02164
-0.02214
-0.02242
-0.02292
-0.02399
-0.02566
-0.02764
-0.02944
-0.03063
-0.03104
-0.03094
-0.03085
-0.03118
-0.03204
-0.0331
-0.03381
-0.03374
-0.03281
-0.03136
-0.02994
-0.02902
-0.02869
-0.02872
-0.02871
-0.02834
-0.02747
-0.02615
-0.02458
-0.02307
-0.02195
-0.02138
-0.02134
-0.02162
-0.02193
-0.02198
-0.02162
-0.02087
-0.01994
-0.01909
-0.0184
-0.0178
-0.01719
-0.01654
-0.01596
-0.01554
-0.01518
-0.01459
-0.01344
-0.01165
-0.00936
-0.00683
-0.00432
-0.002
-0.00005
0.00144
0.00249
0.0032
0.00382
0.0046
0.00582
0.00757
0.0097
0.01183
0.01347
0.0143
0.01428
0.01375
0.01323
0.01326
0.0142
0.01599
0.01814
0.01998
0.02101
0.0211
0.02044
0.01938
0.01829
0.01752
0.0173
0.01777
0.01895
0.02076
0.02297
0.02511
0.02652
0.02671
0.02561
0.02351
0.0209
0.01823
0.01582
0.01389
0.01258
0.01194
0.0118
0.01178
0.01144
0.01052
0.00906
0.00733
0.00573
0.00459
0.00406
0.00401
0.00415
0.00423
0.00425
0.00443
0.00508
0.00643
0.00847
0.01096
0.01351
0.01574
0.01746
0.01875
0.01987
0.02109
0.02263
0.02456
0.02675
0.02896
0.03094
0.03246
0.03339
0.03359
0.03296
0.03148
0.02926
0.0266
0.02392
0.02166
0.02008
0.01912
0.01837
0.01739
0.01595
0.0141
0.0121
0.01024
0.00876
0.0078
0.00735
0.00731
0.00746
0.00755
0.00742
0.00712
0.00684
0.00676
0.00682
0.00674
0.00632
0.00554
0.00454
0.00341
0.00214
0.00067
-0.00099
-0.00274
-0.00438
-0.00564
-0.00634
-0.00652
-0.00643
-0.00642
-0.00674
-0.00743
-0.00832
-0.00917
-0.00985
-0.01044
-0.01101
-0.01156
-0.01196
-0.01222
-0.01248
-0.01293
-0.01369
-0.01477
-0.01609
-0.01742
-0.01851
-0.01908
-0.01901
-0.01835
-0.0173
-0.01613
-0.01511
-0.0144
-0.01399
-0.01379
-0.01357
-0.01306
-0.01197
-0.01017
-0.00777
-0.00513
-0.00272
-0.00097
-0.00003
0.00023
0.00018
0.00025
0.00078
0.00193
0.00366
0.00578
0.00802
0.01008
0.01171
0.01266
0.0128
0.01218
0.01111
0.01009
0.00954
0.00969
0.01047
0.0116
0.01274
0.01365
0.01424
0.01456
0.01473
0.01484
0.0149
0.01492
0.01502
0.01533
0.01596
0.01698
0.01848
0.02069
0.02389
0.02826
0.03368
0.03977
0.04596
0.05169
0.05644
0.05989
0.06187
0.06235
0.06133
0.05883
0.05486
0.04936
0.04223
0.03362
0.02412
0.01479
0.0068
0.0009
-0.00289
-0.00532
-0.00763
-0.01099
-0.01591
-0.02193
-0.02776
-0.03199
-0.03389
-0.03372
-0.03247
-0.03123
-0.03068
-0.03091
-0.03164
-0.03265
-0.03394
-0.0356
-0.03763
-0.03977
-0.04162
-0.04282
-0.04319
-0.04286
-0.04213
-0.04138
-0.04092
-0.04098
-0.04174
-0.04322
-0.04518
-0.04713
-0.04854
-0.04911
-0.04891
-0.04833
-0.04783
-0.04765
-0.04775
-0.04791
-0.04787
-0.04747
-0.04667
-0.04554
-0.04424
-0.04303
-0.0421
-0.0415
-0.04106
-0.04041
-0.03917
-0.03712
-0.03432
-0.03115
-0.02811
-0.02566
-0.02411
-0.02356
-0.02388
-0.02472
-0.02559
-0.02592
-0.02525
-0.02343
-0.02075
-0.01782
-0.01534
-0.01382
-0.01346
-0.01404
-0.01498
-0.01555
-0.01521
-0.01373
-0.01128
-0.0083
-0.00527
-0.00258
-0.00058
0.00048
0.00058
0.00006
-0.00044
-0.00028
0.0009
0.003
0.00552
0.00785
0.00951
0.01021
0.00991
0.00891
0.00768
0.0067
0.00622
0.00629
0.00686
0.00788
0.00935
0.01121
0.01327
0.0152
0.01669
0.01766
0.01829
0.01889
0.01978
0.02115
0.02305
0.02549
0.02844
0.03178
0.03526
0.03859
0.04149
0.04362
0.04467
0.04456
0.04363
0.04254
0.04195
0.04215
0.043
0.04411
0.0451
0.04569
0.04573
0.04513
0.04396
0.04247
0.04097
0.03976
0.03901
0.03879
0.03906
0.03966
0.04034
0.04078
0.0405
0.03872
0.0349
0.03017
0.02762
0.03015
0.03762
0.04662
0.05296
0.0543
0.05106
0.04554
0.04058
0.03821
0.03886
0.04135
0.04362
0.04383
0.04133
0.03692
0.03215
0.02831
0.02573
0.02388
0.02193
0.01943
0.0164
0.01328
0.0105
0.00831
0.00672
0.0056
0.00484
0.00439
0.00417
0.00403
0.00381
0.00336
0.00259
0.00156
0.00034
-0.00092
-0.00201
-0.0027
-0.00281
-0.00243
-0.00186
-0.00147
-0.00151
-0.00201
-0.00284
-0.00394
-0.00534
-0.00707
-0.00891
-0.01045
-0.01132
-0.01153
-0.01141
-0.01144
-0.01197
-0.01316
-0.01496
-0.01719
-0.01954
-0.02155
-0.0228
-0.02307
-0.02244
-0.02129
-0.02012
-0.01927
-0.01884
-0.01871
-0.0186
-0.01823
-0.01735
-0.01588
-0.01401
-0.01217
-0.01081
-0.01013
-0.01006
-0.01037
-0.01076
-0.01097
-0.01084
-0.01033
-0.00955
-0.00874
-0.00819
-0.00815
-0.00869
-0.00969
-0.01079
-0.01159
-0.01182
-0.01149
-0.01094
-0.01067
-0.01105
-0.01204
-0.01324
-0.01416
-0.01455
-0.01447
-0.01411
-0.01368
-0.01329
-0.01305
-0.013
-0.01321
-0.01371
-0.01455
-0.01572
-0.0171
-0.01846
-0.01957
-0.02035
-0.02085
-0.02117
-0.02146
-0.0219
-0.02269
-0.02386
-0.02526
-0.02673
-0.02816
-0.02958
-0.03104
-0.03249
-0.03384
-0.03506
-0.03618
-0.03722
-0.03815
-0.03883
-0.03907
-0.0388
-0.03807
-0.03705
-0.03595
-0.03491
-0.03401
-0.03333
-0.0329
-0.0327
-0.03254
-0.03226
-0.03172
-0.03095
-0.03011
-0.02938
-0.02887
-0.02856
-0.02839
-0.02829
-0.02815
-0.02784
-0.02715
-0.0259
-0.02413
-0.02208
-0.02013
-0.01864
-0.01781
-0.01762
-0.01778
-0.01787
-0.01746
-0.01632
-0.01443
-0.01198
-0.00927
-0.00665
-0.00433
-0.00235
-0.00072
0.00039
0.00089
0.00107
0.00155
0.00283
0.00493
0.00735
0.00952
0.01117
0.01235
0.01333
0.01434
0.01554
0.01693
0.01848
0.0201
0.02172
0.02325
0.02465
0.02594
0.02717
0.02844
0.02977
0.0311
0.0323
0.03316
0.03355
0.03345
0.033
0.03246
0.03206
0.03195
0.03214
0.03249
0.03281
0.03291
0.03276
0.03234
0.03172
0.03097
0.03026
0.02981
0.02982
0.03038
0.03143
0.03277
0.03418
0.03549
0.03668
0.03785
0.03917
0.04072
0.04237
0.04376
0.04449
0.04429
0.04314
0.0412
0.0386
0.03539
0.03163
0.02755
0.02346
0.01966
0.01639
0.01378
0.01186
0.01051
0.00948
0.00846
0.00726
0.00587
0.00443
0.00307
0.002
0.00152
0.0019
0.00305
0.00454
0.00577
0.00627
0.00589
0.00478
0.00324
0.00157
0.00002
-0.0012
-0.0019
-0.00199
-0.00152
-0.00073
-0.00004
0.00023
-0.00008
-0.0008
-0.00154
-0.00182
-0.00137
-0.00027
0.00105
0.00204
0.00228
0.00172
0.00073
-0.00011
-0.00043
-0.0002
0.00028
0.00069
0.0009
0.001
0.00117
0.00156
0.00223
0.00315
0.00421
0.00521
0.00597
0.00644
0.00671
0.00694
0.00722
0.00764
0.00818
0.0088
0.00937
0.00976
0.00975
0.00918
0.00804
0.00644
0.00464
0.00298
0.00178
0.00123
0.00127
0.00155
0.00161
0.00109
-0.00015
-0.00199
-0.00414
-0.00628
-0.00818
-0.00973
-0.01097
-0.012
-0.01297
-0.014
-0.0152
-0.0166
-0.01825
-0.02011
-0.0221
-0.02405
-0.02584
-0.02743
-0.02889
-0.03036
-0.03192
-0.0335
-0.03493
-0.03598
-0.0366
-0.03689
-0.03713
-0.03754
-0.0382
-0.0389
-0.0393
-0.03912
-0.03825
-0.03677
-0.03471
-0.03199
-0.02857
-0.02458
-0.02034
-0.01628
-0.01277
-0.00996
-0.00768
-0.00553
-0.00309
-0.00009
0.00349
0.00751
0.01177
0.01595
0.01973
0.02282
0.02518
0.027
0.0286
0.03019
0.03177
0.03319
0.03428
0.03486
0.03474
0.03366
0.03142
0.02811
0.02418
0.02011
0.01606
0.01183
0.00718
0.0022
-0.00263
-0.00673
-0.00981
-0.01207
-0.01397
-0.01603
-0.01847
-0.02119
-0.02383
-0.02601
-0.02756
-0.02859
-0.02937
-0.03012
-0.03086
-0.0315
-0.03189
-0.0319
-0.03148
-0.03063
-0.02945
-0.02807
-0.02659
-0.02508
-0.02359
-0.02214
-0.02077
-0.01949
-0.01829
-0.0171
-0.01583
-0.01443
-0.01289
-0.0113
-0.00977
-0.00844
-0.00737
-0.00652
-0.00576
-0.00496
-0.004
-0.00283
-0.00144
0.00008
0.00155
0.00281
0.00373
0.00428
0.00447
0.00435
0.00405
0.00373
0.00351
0.00335
0.00297
0.00204
0.00037
-0.00201
-0.00486
-0.00783
-0.01043
-0.01222
-0.01311
-0.01345
-0.01386
-0.01472
-0.01595
-0.01712
-0.01772
-0.01751
-0.01654
-0.01515
-0.01377
-0.01275
-0.01223
-0.01217
-0.01229
-0.01219
-0.01155
-0.01031
-0.00878
-0.0075
-0.00688
-0.00702
-0.00774
-0.00863
-0.0093
-0.00941
-0.0088
-0.00756
-0.00608
-0.00497
-0.00476
-0.00559
-0.00713
-0.00881
-0.01019
-0.01102
-0.01125
-0.01094
-0.01028
-0.00956
-0.00905
-0.00885
-0.00889
-0.00895
-0.00888
-0.00864
-0.0083
-0.00793
-0.00763
-0.00744
-0.00731
-0.00712
-0.00677
-0.0062
-0.00545
-0.00466
-0.00399
-0.00359
-0.00347
-0.00346
-0.00334
-0.00298
-0.00238
-0.00169
-0.00108
-0.00071
-0.00069
-0.001
-0.00146
-0.0018
-0.0018
-0.00144
-0.0009
-0.00043
-0.00019
-0.00021
-0.00042
-0.00068
-0.00091
-0.00104
-0.00104
-0.00089
-0.00062
-0.00029
0.00001
0.00024
0.00048
0.0009
0.0017
0.00296
0.00464
0.00652
0.00834
0.00988
0.0111
0.0121
0.01307
0.0141
0.01521
0.01627
0.0171
0.01753
0.01753
0.01726
0.017
0.01696
0.01713
0.01727
0.01709
0.01635
0.01509
0.01365
0.01248
0.01191
0.01196
0.01239
0.01284
0.01299
0.01267
0.0119
0.01087
0.00989
0.00921
0.00892
0.00894
0.00914
0.00936
0.00939
0.00894
0.00769
0.00547
0.00241
-0.00101
-0.00428
-0.00707
-0.00937
-0.01141
-0.01344
-0.01563
-0.018
-0.02044
-0.02279
-0.02489
-0.02665
-0.02805
-0.02908
-0.02972
-0.02993
-0.02966
-0.02886
-0.02752
-0.02579
-0.0239
-0.02204
-0.0203
-0.01868
-0.01716
-0.01572
-0.0143
-0.01276
-0.01102
-0.00912
-0.00722
-0.00552
-0.0042
-0.00335
-0.00292
-0.00275
-0.0026
-0.00226
-0.00164
-0.00078
0.00024
0.0013
0.0023
0.00314
0.00379
0.0043
0.00479
0.00544
0.00638
0.00771
0.00937
0.01115
0.01279
0.01406
0.01488
0.01541
0.01589
0.01644
0.01703
0.01759
0.01815
0.01879
0.01953
0.02014
0.02028
0.01973
0.01855
0.0171
0.01575
0.01476
0.01407
0.01348
0.01281
0.01208
0.01142
0.01099
0.01086
0.01099
0.01125
0.01154
0.01175
0.01181
0.01167
0.0113
0.01078
0.01025
0.00987
0.0097
0.00971
0.00977
0.00969
0.00933
0.00862
0.0076
0.00652
0.00568
0.00529
0.00522
0.00501
0.00415
0.00248
0.00035
-0.00164
-0.00306
-0.0039
-0.00439
-0.00485
-0.00547
-0.00627
-0.00721
-0.00819
-0.00906
-0.00977
-0.01034
-0.01086
-0.01141
-0.01212
-0.01306
-0.01422
-0.01553
-0.01683
-0.01799
-0.01888
-0.0195
-0.01987
-0.02004
-0.02006
-0.02
-0.01989
-0.0197
-0.01929
-0.01845
-0.01706
-0.01521
-0.01322
-0.01138
-0.00981
-0.00843
-0.00704
-0.00553
-0.00396
-0.0025
-0.00138
-0.00076
-0.00062
-0.00079
-0.00103
-0.00121
-0.00131
-0.00147
-0.00189
-0.0027
-0.00387
-0.00526
-0.00668
-0.00801
-0.00924
-0.01043
-0.0116
-0.01281
-0.01406
-0.01538
-0.01677
-0.01821
-0.01964
-0.02099
-0.02215
-0.02304
-0.02359
-0.02373
-0.02346
-0.02285
-0.02206
-0.02126
-0.02054
-0.0199
-0.01932
-0.01878
-0.01823
-0.01753
-0.01655
-0.01531
-0.01398
-0.01275
-0.01175
-0.0111
-0.01083
-0.01093
-0.01127
-0.01165
-0.01186
-0.01174
-0.01128
-0.01062
-0.00998
-0.00948
-0.00919
-0.00922
-0.00971
-0.01066
-0.01179
-0.01258
-0.01269
-0.01217
-0.01135
-0.0105
-0.00968
-0.0088
-0.00779
-0.0067
-0.0057
-0.00495
-0.00449
-0.00426
-0.00411
-0.00386
-0.00335
-0.00256
-0.00161
-0.00069
0.00004
0.00054
0.00089
0.00122
0.00167
0.00227
0.00305
0.00405
0.00528
0.00669
0.00813
0.0094
0.01044
0.01132
0.01216
0.013
0.01385
0.01467
0.01543
0.01609
0.01672
0.01743
0.01831
0.01945
0.02082
0.02238
0.02402
0.0256
0.02703
0.02836
0.02969
0.03109
0.03252
0.03381
0.0348
0.03549
0.03592
0.03617
0.03621
0.03601
0.03551
0.03468
0.03358
0.03235
0.03116
0.03011
0.02918
0.02824
0.02716
0.02579
0.02412
0.02228
0.02056
0.01929
0.0187
0.0188
0.01933
0.01997
0.02045
0.02073
0.02092
0.02115
0.02154
0.02211
0.02283
0.02366
0.0245
0.0252
0.02561
0.02564
0.02533
0.02484
0.02431
0.02379
0.02325
0.02263
0.02179
0.02057
0.01887
0.01673
0.01434
0.01187
0.00945
0.00711
0.00483
0.00254
0.00026
-0.00194
-0.00403
-0.00606
-0.00808
-0.01004
-0.01182
-0.01336
-0.01474
-0.01617
-0.01784
-0.01978
-0.02187
-0.02387
-0.02552
-0.02664
-0.02719
-0.02733
-0.02728
-0.02728
-0.02747
-0.02782
-0.02815
-0.02814
-0.02752
-0.0262
-0.02428
-0.02201
-0.01959
-0.01718
-0.01485
-0.01257
-0.01023
-0.0077
-0.0049
-0.00186
0.00129
0.00439
0.00735
0.01017
0.01289
0.01543
0.01771
0.01964
0.02116
0.02228
0.02304
0.02346
0.02358
0.02345
0.02312
0.02267
0.02213
0.0215
0.02068
0.01954
0.01797
0.01598
0.01372
0.01143
0.00939
0.00776
0.00646
0.00528
0.00401
0.00262
0.00125
0.00016
-0.00047
-0.00063
-0.00048
-0.00023
0.00002
0.00037
0.00097
0.00188
0.00299
0.00413
0.00517
0.00608
0.00698
0.00798
0.00918
0.01054
0.01191
0.01307
0.01389
0.01437
0.01463
0.01488
0.01529
0.01585
0.01626
0.01612
0.01523
0.01377
0.01219
0.0109
0.01006
0.00957
0.00925
0.00899
0.00874
0.00853
0.00829
0.0079
0.00724
0.00628
0.00512
0.00396
0.00304
0.0025
0.00226
0.00209
0.00173
0.00107
0.00014
-0.00091
-0.00189
-0.00271
-0.00327
-0.00356
-0.00362
-0.00353
-0.00338
-0.00322
-0.00308
-0.00296
-0.00286
-0.00279
-0.0027
-0.00253
-0.0022
-0.00168
-0.00098
-0.00024
0.00032
0.00046
0.00011
-0.00064
-0.00154
-0.0023
-0.00272
-0.00274
-0.0025
-0.00223
-0.00217
-0.00247
-0.00309
-0.00385
-0.00441
-0.0045
-0.00403
-0.00311
-0.00196
-0.00076
0.00035
0.00137
0.00241
0.00368
0.00539
0.00764
0.01045
0.01368
0.01708
0.02032
0.02322
0.02595
0.02897
0.03268
0.03699
0.04132
0.04483
0.0469
0.04729
0.04611
0.04374
0.04064
0.03729
0.03412
0.03136
0.02902
0.02684
0.02456
0.02209
0.01957
0.01732
0.0156
0.01456
0.01411
0.01397
0.01377
0.01314
0.01193
0.01034
0.00883
0.00778
0.00724
0.00693
0.00646
0.00561
0.00443
0.00313
0.00198
0.00111
0.00048
-0.00012
-0.00091
-0.00199
-0.00338
-0.00498
-0.00667
-0.00829
-0.00969
-0.01087
-0.01194
-0.01307
-0.01434
-0.01574
-0.01718
-0.01854
-0.01974
-0.02076
-0.02161
-0.02237
-0.02317
-0.02407
-0.025
-0.02581
-0.02641
-0.02682
-0.02714
-0.02748
-0.02791
-0.0285
-0.02928
-0.03027
-0.03143
-0.03264
-0.03378
-0.03472
-0.03534
-0.03566
-0.03585
-0.03622
-0.03705
-0.0384
-0.04009
-0.04182
-0.04334
-0.04448
-0.04522
-0.04561
-0.04581
-0.04602
-0.04636
-0.0468
-0.04712
-0.04702
-0.0463
-0.045
-0.04338
-0.04176
-0.04035
-0.03924
-0.03838
-0.03756
-0.03652
-0.035
-0.03295
-0.03055
-0.02816
-0.02608
-0.02444
-0.02314
-0.02194
-0.02061
-0.01904
-0.01722
-0.01525
-0.01323
-0.01125
-0.00939
-0.00769
-0.00609
-0.00444
-0.00253
-0.00022
0.00249
0.00548
0.00846
0.01109
0.01316
0.01474
0.01622
0.01798
0.02025
0.02299
0.026
0.02907
0.03203
0.03475
0.03717
0.03935
0.04154
0.04399
0.04682
0.04987
0.0528
0.05533
0.05736
0.05896
0.0602
0.06111
0.06172
0.06202
0.06191
0.06108
0.05926
0.05645
0.0529
0.04901
0.0451
0.04146
0.03827
0.03559
0.03333
0.03133
0.02942
0.02757
0.02595
0.02472
0.02398
0.02366
0.02353
0.02328
0.02261
0.02129
0.01937
0.0171
0.01481
0.01274
0.01087
0.00902
0.00705
0.00495
0.00286
0.00091
-0.00085
-0.00246
-0.00404
-0.00568
-0.00741
-0.00911
-0.01053
-0.01141
-0.01171
-0.01162
-0.01153
-0.01178
-0.01246
-0.01343
-0.01442
-0.01519
-0.01564
-0.01582
-0.01587
-0.01582
-0.01559
-0.01507
-0.01426
-0.01329
-0.01231
-0.01139
-0.01051
-0.00959
-0.0086
-0.00752
-0.00642
-0.00544
-0.0047
-0.00418
-0.00377
-0.0033
-0.00273
-0.0021
-0.00155
-0.00113
-0.00083
-0.00054
-0.00018
0.00022
0.0005
0.00049
0.00016
-0.0003
-0.00063
-0.00068
-0.00052
-0.00044
-0.00072
-0.00143
-0.00236
-0.00322
-0.00383
-0.00418
-0.00435
-0.00446
-0.0046
-0.00488
-0.00535
-0.006
-0.00681
-0.00765
-0.00845
-0.00911
-0.00964
-0.01009
-0.01056
-0.01113
-0.01185
-0.01274
-0.01373
-0.01476
-0.01576
-0.0167
-0.01759
-0.01844
-0.01926
-0.01999
-0.02056
-0.02093
-0.02109
-0.02109
-0.02099
-0.0208
-0.02051
-0.02
-0.01918
-0.01794
-0.01629
-0.01423
-0.01189
-0.00946
-0.00716
-0.00512
-0.00339
-0.00191
-0.00057
0.00078
0.00224
0.00387
0.00564
0.00741
0.0089
0.00988
0.01022
0.01005
0.00966
0.00935
0.00928
0.00938
0.00946
0.00931
0.00882
0.00796
0.0069
0.00601
0.00563
0.00595
0.00683
0.00792
0.00885
0.00941
0.00956
0.00939
0.00903
0.0086
0.0082
0.00793
0.00788
0.00808
0.0085
0.00901
0.00945
0.00968
0.00958
0.00914
0.0085
0.00789
0.00748
0.00716
0.00661
0.00566
0.00449
0.0035
0.00297
0.00284
0.00278
0.00242
0.00159
0.00041
-0.00086
-0.00196
-0.00285
-0.00364
-0.00445
-0.00534
-0.00626
-0.00716
-0.00804
-0.00899
-0.01011
-0.01145
-0.01296
-0.0145
-0.01596
-0.01725
-0.01833
-0.0192
-0.01985
-0.02036
-0.02095
-0.02184
-0.02304
-0.02422
-0.02491
-0.0249
-0.02434
-0.02355
-0.02275
-0.02193
-0.021
-0.0199
-0.01866
-0.01733
-0.01593
-0.0144
-0.01272
-0.01087
-0.0089
-0.00691
-0.00497
-0.00311
-0.00136
0.00026
0.00168
0.00287
0.00386
0.00474
0.00561
0.00656
0.00761
0.00866
0.00958
0.01027
0.0107
0.01094
0.01106
0.01115
0.01125
0.01135
0.01145
0.01159
0.01179
0.01204
0.01236
0.01285
0.01357
0.01441
0.01511
0.01547
0.01553
0.01549
0.01563
0.01605
0.0167
0.01733
0.0177
0.01766
0.01723
0.01657
0.01585
0.01525
0.01481
0.01451
0.01428
0.01407
0.01392
0.01392
0.01406
0.01421
0.01427
0.01425
0.01428
0.01451
0.01495
0.01554
0.01625
0.01703
0.01785
0.0187
0.01958
0.0205
0.02141
0.02214
0.02254
0.02253
0.02223
0.02186
0.02161
0.02151
0.02149
0.02143
0.02121
0.02071
0.01987
0.01868
0.01721
0.0156
0.01396
0.01228
0.01043
0.00824
0.0057
0.00294
0.00019
-0.00235
-0.00461
-0.00663
-0.00848
-0.01021
-0.01195
-0.01389
-0.01619
-0.01885
-0.02165
-0.02425
-0.02638
-0.02791
-0.02889
-0.02949
-0.02998
-0.03062
-0.03159
-0.03293
-0.03449
-0.03597
-0.03699
-0.03733
-0.03708
-0.03649
-0.03582
-0.03519
-0.03463
-0.03421
-0.03397
-0.03388
-0.03381
-0.03358
-0.03311
-0.03243
-0.03166
-0.03092
-0.03029
-0.02976
-0.02926
-0.02861
-0.02758
-0.02611
-0.02435
-0.02254
-0.02079
-0.01907
-0.01733
-0.0156
-0.01392
-0.01234
-0.01088
-0.00957
-0.00841
-0.00728
-0.00602
-0.00453
-0.00287
-0.00123
0.00024
0.00149
0.00264
0.00391
0.00545
0.00713
0.00862
0.00958
0.01002
0.01026
0.01066
0.01134
0.01218
0.01305
0.0139
0.01467
0.01527
0.01564
0.0158
0.01583
0.0157
0.01537
0.01481
0.01405
0.01309
0.0119
0.01049
0.009
0.00768
0.00682
0.00656
0.0068
0.00722
0.0074
0.00709
0.00635
0.00548
0.00489
0.00485
0.0054
0.00632
0.00727
0.00797
0.00836
0.00855
0.00868
0.00882
0.00899
0.00916
0.00936
0.0096
0.00991
0.01034
0.01093
0.01165
0.0124
0.01304
0.01352
0.01381
0.01398
0.0141
0.01424
0.01441
0.01462
0.01488
0.0152
0.01555
0.01593
0.0163
0.01662
0.01683
0.01684
0.0166
0.01618
0.01573
0.01545
0.01545
0.01564
0.01577
0.01561
0.01518
0.0147
0.01446
0.01461
0.01506
0.01557
0.01589
0.01595
0.01584
0.01571
0.01558
0.01539
0.01507
0.01463
0.01409
0.01344
0.01269
0.01189
0.0111
0.01029
0.0094
0.00839
0.00735
0.00643
0.00565
0.00488
0.00395
0.00281
0.00159
0.00047
-0.00046
-0.00118
-0.00179
-0.00242
-0.00323
-0.00426
-0.0054
-0.00641
-0.0071
-0.0074
-0.00739
-0.00721
-0.00699
-0.00692
-0.0071
-0.00759
-0.00833
-0.00916
-0.00991
-0.01048
-0.01083
-0.01104
-0.01121
-0.01138
-0.01159
-0.01187
-0.01231
-0.01292
-0.01359
-0.01402
-0.01401
-0.01363
-0.01323
-0.01321
-0.01374
-0.01467
-0.01578
-0.0168
-0.01757
-0.018
-0.01817
-0.01822
-0.01831
-0.0185
-0.0188
-0.01919
-0.01968
-0.02024
-0.02082
-0.02134
-0.02175
-0.02209
-0.02239
-0.0226
-0.02257
-0.02207
-0.021
-0.01948
-0.01783
-0.01638
-0.01528
-0.01442
-0.01358
-0.01256
-0.01117
-0.00934
-0.00709
-0.00461
-0.00213
0.00022
0.00251
0.00494
0.0077
0.01076
0.01395
0.01704
0.01986
0.02232
0.02432
0.02578
0.02668
0.02706
0.02699
0.02659
0.02592
0.02502
0.02393
0.02273
0.02153
0.02038
0.01924
0.0181
0.01705
0.01619
0.01552
0.0148
0.01382
0.01266
0.01166
0.01115
0.01117
0.01154
0.01202
0.0125
0.01287
0.01305
0.013
0.01282
0.01267
0.0126
0.01254
0.01235
0.01199
0.01146
0.01079
0.01001
0.00909
0.00798
0.0066
0.00496
0.00318
0.0014
-0.00037
-0.00221
-0.00426
-0.00656
-0.00906
-0.01165
-0.01427
-0.01687
-0.01936
-0.0216
-0.02348
-0.02503
-0.02645
-0.02797
-0.0297
-0.03153
-0.03318
-0.03437
-0.03502
-0.03523
-0.03521
-0.03511
-0.03498
-0.0348
-0.03451
-0.03405
-0.0333
-0.03223
-0.03096
-0.02971
-0.0286
-0.02762
-0.02672
-0.02593
-0.0253
-0.02477
-0.02421
-0.02355
-0.02284
-0.02226
-0.02192
-0.02178
-0.02159
-0.02109
-0.0202
-0.01909
-0.01807
-0.01738
-0.01702
-0.01676
-0.01627
-0.01532
-0.01389
-0.01213
-0.01027
-0.0085
-0.00691
-0.0055
-0.00422
-0.00298
-0.0017
-0.00034
0.00107
0.00241
0.00356
0.00445
0.00507
0.00556
0.00608
0.00673
0.0075
0.00835
0.00922
0.01
0.01054
0.01063
0.01019
0.00941
0.0086
0.00804
0.00779
0.00773
0.00768
0.00749
0.00709
0.00651
0.00576
0.00493
0.00412
0.00347
0.00302
0.00274
0.0025
0.00224
0.00197
0.00179
0.00175
0.00188
0.00211
0.00236
0.00254
0.00264
0.00268
0.00272
0.00283
0.00303
0.00326
0.00345
0.00359
0.00371
0.00383
0.00393
0.004
0.00407
0.00411
0.00411
0.00405
0.00397
0.00394
0.00397
0.00398
0.00393
0.00385
0.00383
0.00394
0.00416
0.0045
0.00495
0.00546
0.00601
0.00658
0.00718
0.00787
0.00876
0.00994
0.01139
0.01294
0.01434
0.01539
0.01612
0.01667
0.01718
0.01777
0.01857
0.01962
0.02078
0.02178
0.02238
0.02257
0.0226
0.02285
0.02352
0.02454
0.02553
0.02606
0.0259
0.0251
0.02389
0.0225
0.02106
0.01964
0.01829
0.01706
0.01595
0.01484
0.01357
0.01204
0.01031
0.00859
0.00713
0.00607
0.00544
0.00509
0.00473
0.00401
0.00271
0.00093
-0.00094
-0.0025
-0.00354
-0.00414
-0.00453
-0.00492
-0.00539
-0.00586
-0.00626
-0.00655
-0.0068
-0.0071
-0.00747
-0.00786
-0.00817
-0.00832
-0.00825
-0.00804
-0.00781
-0.00774
-0.00791
-0.00827
-0.00871
-0.00906
-0.00923
-0.0092
-0.00909
-0.00901
-0.00904
-0.00917
-0.00936
-0.00957
-0.00976
-0.00987
-0.00989
-0.00982
-0.00972
-0.00971
-0.00986
-0.0102
-0.01067
-0.01123
-0.01188
-0.01262
-0.01341
-0.01417
-0.01481
-0.01531
-0.0157
-0.01598
-0.01613
-0.01618
-0.01616
-0.01612
-0.01597
-0.01562
-0.01504
-0.01429
-0.01344
-0.01253
-0.01153
-0.01042
-0.00917
-0.00782
-0.00648
-0.00527
-0.00431
-0.00364
-0.00328
-0.00321
-0.00333
-0.00352
-0.0036
-0.00346
-0.00316
-0.0029
-0.00289
-0.00319
-0.00374
-0.00439
-0.00502
-0.00555
-0.00601
-0.00642
-0.00685
-0.00731
-0.00779
-0.00826
-0.00876
-0.00931
-0.00994
-0.01059
-0.01114
-0.01145
-0.0114
-0.01107
-0.01078
-0.01099
-0.0119
-0.0133
-0.01467
-0.01561
-0.01605
-0.01623
-0.01647
-0.0169
-0.01741
-0.01781
-0.01806
-0.0183
-0.01871
-0.01928
-0.01986
-0.02027
-0.02046
-0.02049
-0.02043
-0.02028
-0.02
-0.01947
-0.01859
-0.01736
-0.01585
-0.01423
-0.01264
-0.01114
-0.0097
-0.00825
-0.00675
-0.00518
-0.00354
-0.00188
-0.00023
0.00136
0.00285
0.00426
0.00562
0.00694
0.00822
0.00947
0.01068
0.01181
0.0128
0.0137
0.01464
0.01575
0.01701
0.01822
0.01918
0.01974
0.01991
0.01981
0.01961
0.01937
0.01915
0.01896
0.01886
0.01887
0.01893
0.01885
0.01838
0.0173
0.01567
0.01375
0.01188
0.01025
0.00889
0.00776
0.00675
0.00581
0.00483
0.0038
0.00282
0.0021
0.00179
0.00186
0.00206
0.00218
0.00211
0.00191
0.00171
0.00164
0.00171
0.00188
0.00209
0.00226
0.00238
0.00249
0.00264
0.00287
0.00317
0.00343
0.00354
0.0035
0.00353
0.0039
0.00466
0.00553
0.00604
0.00593
0.00532
0.00462
0.00414
0.00395
0.00388
0.00373
0.00336
0.00274
0.00197
0.00113
0.00029
-0.00056
-0.00143
-0.00233
-0.00327
-0.00426
-0.00526
-0.00619
-0.00699
-0.00764
-0.0082
-0.00882
-0.00966
-0.01079
-0.01214
-0.01347
-0.01454
-0.01524
-0.01564
-0.01592
-0.01631
-0.01698
-0.018
-0.01929
-0.02064
-0.02176
-0.0224
-0.02254
-0.02236
-0.0222
-0.02232
-0.02276
-0.02332
-0.02377
-0.02393
-0.02379
-0.02345
-0.02308
-0.02283
-0.02281
-0.02299
-0.02323
-0.02334
-0.02316
-0.02267
-0.02204
-0.02152
-0.02132
-0.0214
-0.02147
-0.02122
-0.02051
-0.01943
-0.01818
-0.01691
-0.01568
-0.0145
-0.01336
-0.01229
-0.01131
-0.01044
-0.00963
-0.00875
-0.00761
-0.00614
-0.00448
-0.00287
-0.00154
-0.00053
0.00022
0.00086
0.00148
0.00205
0.00251
0.00286
0.00318
0.00353
0.00388
0.00407
0.004
0.00368
0.00319
0.00262
0.00209
0.00175
0.00172
0.00197
0.00221
0.00202
0.00121
-0.00006
-0.00136
-0.00225
-0.00258
-0.00244
-0.00204
-0.00158
-0.00116
-0.00075
-0.00026
0.00038
0.00117
0.00206
0.00298
0.00384
0.00462
0.00536
0.00618
0.00716
0.00837
0.00973
0.0111
0.01237
0.01346
0.01441
0.0153
0.01615
0.01695
0.01763
0.01811
0.01834
0.01833
0.0181
0.01765
0.017
0.01615
0.01509
0.01385
0.01246
0.01101
0.00954
0.00802
0.00638
0.00461
0.0028
0.00111
-0.00033
-0.00153
-0.00262
-0.00371
-0.00482
-0.00581
-0.00653
-0.00692
-0.00707
-0.00712
-0.00714
-0.00709
-0.00692
-0.0067
-0.00661
-0.00677
-0.00714
-0.00754
-0.00775
-0.00764
-0.00721
-0.00654
-0.00582
-0.00521
-0.00478
-0.00443
-0.0039
-0.00295
-0.00154
0.00012
0.00175
0.00318
0.00438
0.00544
0.00643
0.00746
0.00859
0.00985
0.01124
0.01274
0.01424
0.01559
0.01675
0.01777
0.01879
0.01988
0.02102
0.02219
0.02329
0.02418
0.02465
0.0245
0.02384
0.02306
0.02263
0.0228
0.02336
0.02389
0.02403
0.02373
0.02318
0.02268
0.0224
0.02238
0.02255
0.02281
0.0231
0.02342
0.02378
0.02419
0.02461
0.02499
0.02534
0.02567
0.02596
0.02608
0.02593
0.02551
0.0249
0.02416
0.02332
0.02231
0.02114
0.0198
0.01831
0.01669
0.01503
0.01342
0.01194
0.01057
0.00922
0.00785
0.00643
0.00499
0.00359
0.00221
0.00082
-0.00055
-0.00185
-0.00305
-0.00422
-0.00549
-0.00692
-0.00847
-0.01001
-0.01146
-0.01282
-0.01411
-0.01531
-0.01633
-0.0171
-0.01768
-0.01821
-0.01883
-0.01956
-0.02035
-0.02115
-0.02187
-0.02246
-0.02285
-0.023
-0.02293
-0.02277
-0.02263
-0.02257
-0.02249
-0.0222
-0.02149
-0.02024
-0.01859
-0.01683
-0.0153
-0.01407
-0.013
-0.01184
-0.01046
-0.00887
-0.00715
-0.0054
-0.00372
-0.00216
-0.00071
0.00066
0.00196
0.00319
0.00431
0.00531
0.00623
0.00716
0.00823
0.00947
0.01071
0.01165
0.01208
0.01204
0.01182
0.01174
0.01199
0.0126
0.01345
0.01435
0.0151
0.01566
0.01611
0.01657
0.0171
0.01773
0.01851
0.01941
0.02039
0.02134
0.02222
0.02304
0.02382
0.02454
0.02518
0.02575
0.02629
0.02687
0.02751
0.02811
0.02851
0.02861
0.02841
0.02797
0.02735
0.02652
0.02541
0.02392
0.02201
0.01974
0.0173
0.01507
0.01337
0.01228
0.01156
0.01079
0.00962
0.00802
0.00624
0.00472
0.00379
0.00348
0.00356
0.00363
0.00339
0.00279
0.00198
0.00123
0.00076
0.00065
0.00083
0.00117
0.00157
0.00196
0.00231
0.00257
0.00277
0.00294
0.00309
0.00323
0.00337
0.00353
0.00367
0.00373
0.00361
0.00332
0.00302
0.00293
0.00313
0.00348
0.00377
0.00383
0.00364
0.00329
0.00291
0.00258
0.00237
0.00221
0.002
0.00165
0.00114
0.00057
0.00004
-0.00037
-0.00063
-0.0007
-0.00057
-0.00022
0.00031
0.00089
0.00121
0.00102
0.00037
-0.00037
-0.0008
-0.00072
-0.00026
0.00026
0.00057
0.00056
0.00029
-0.00008
-0.00037
-0.0005
-0.00048
-0.00042
-0.00041
-0.0005
-0.00066
-0.0009
-0.00117
-0.00142
-0.00159
-0.00168
-0.00181
-0.00212
-0.00264
-0.00326
-0.00377
-0.00402
-0.004
-0.00388
-0.00382
-0.00389
-0.00402
-0.00416
-0.00427
-0.00436
-0.00446
-0.00457
-0.00471
-0.00492
-0.00519
-0.00544
-0.00565
-0.00582
-0.00603
-0.00637
-0.0068
-0.00725
-0.0076
-0.0078
-0.00788
-0.0079
-0.00789
-0.00789
-0.00787
-0.00777
-0.00755
-0.00721
-0.00679
-0.00632
-0.00585
-0.00538
-0.00493
-0.00446
-0.00389
-0.0032
-0.00242
-0.00165
-0.00092
-0.0002
0.00047
0.00107
0.00158
0.00207
0.00266
0.00339
0.0042
0.00497
0.00563
0.00622
0.00677
0.00734
0.0079
0.0084
0.00882
0.0092
0.00956
0.00993
0.01028
0.01058
0.01081
0.01097
0.01105
0.01106
0.011
0.01092
0.01081
0.01059
0.01015
0.00939
0.00834
0.00715
0.00598
0.00487
0.0038
0.00274
0.00175
0.00091
0.00027
-0.00024
-0.00071
-0.00127
-0.00192
-0.00256
-0.00306
-0.00332
-0.00337
-0.00328
-0.00315
-0.00303
-0.00293
-0.00281
-0.00262
-0.00232
-0.00192
-0.00143
-0.00088
-0.00031
0.0003
0.00094
0.0016
0.00225
0.00285
0.00337
0.00382
0.00422
0.00459
0.00497
0.00545
0.00606
0.00675
0.00741
0.00791
0.00821
0.00831
0.00828
0.00822
0.00819
0.00822
0.0083
0.00831
0.0082
0.00793
0.00757
0.00719
0.00685
0.00656
0.00634
0.00621
0.00619
0.00622
0.00621
0.0061
0.00586
0.00557
0.00535
0.0053
0.00543
0.00571
0.00605
0.00633
0.00647
0.00645
0.00633
0.00628
0.0064
0.00666
0.00689
0.00695
0.0068
0.00654
0.00625
0.00597
0.00566
0.0053
0.00486
0.0044
0.00398
0.00361
0.00321
0.00271
0.00209
0.00138
0.0007
0.00012
-0.00034
-0.00071
-0.00104
-0.00146
-0.00208
-0.00289
-0.00376
-0.00448
-0.00496
-0.00525
-0.00549
-0.0058
-0.00619
-0.00658
-0.00692
-0.00723
-0.00753
-0.00784
-0.00812
-0.00832
-0.00839
-0.00838
-0.00835
-0.00834
-0.00835
-0.00835
-0.00833
-0.00829
-0.00824
-0.00817
-0.00807
-0.00793
-0.00773
-0.00749
-0.00722
-0.00695
-0.00671
-0.00652
-0.00639
-0.00629
-0.00619
-0.00607
-0.0059
-0.00569
-0.00547
-0.00531
-0.00523
-0.00522
-0.00523
-0.00523
-0.0052
-0.00515
-0.00511
-0.0051
-0.00514
-0.00522
-0.00532
-0.00543
-0.00554
-0.00561
-0.00566
-0.00571
-0.00578
-0.00587
-0.00596
-0.00603
-0.00607
-0.0061
-0.00612
-0.00612
-0.0061
-0.00608
-0.00607
-0.00606
-0.00605
-0.00605
-0.00607
-0.0061
-0.00611
-0.00608
-0.00599
-0.00586
-0.00571
-0.00558
-0.00547
-0.0054
-0.00538
-0.00538
-0.00539
-0.0054
-0.0054
-0.00538
-0.00534
-0.00527
-0.00519
-0.0051
-0.00501
-0.00491
-0.00481
-0.00471
-0.00458
-0.00443
-0.00425
-0.00406
-0.00391
-0.00379
-0.00368
-0.00357
-0.00342
-0.00325
-0.00307
-0.0029
-0.00274
-0.00259
-0.00245
-0.00231
-0.00218
-0.00206
-0.00196
-0.00187
-0.00178
-0.0017
-0.00163
-0.00155
-0.00149
-0.00143
-0.00137
-0.00133
-0.0013
-0.0013
-0.0013
-0.0013
-0.00129
-0.00127
-0.00124
-0.00123
-0.00122
-0.00123
-0.00124
-0.00125
-0.00126
-0.00125
-0.00125
-0.00124
-0.00123
-0.00123
-0.00122
-0.00122
-0.00122
-0.00121
-0.00121
-0.00121
-0.00121
-0.00121
-0.0012
-0.0012
-0.00119
-0.00118
-0.00118
-0.00118
-0.00118
-0.00118
-0.00117
-0.00116
-0.00115
-0.00114
-0.00114
-0.00114
-0.00115
-0.00116
-0.00117
-0.00118
-0.0012
-0.00121
-0.00122
-0.00124
-0.00126
-0.00129
-0.00131
-0.00133
-0.00135
-0.00137
-0.00138
-0.0014
-0.00143
-0.00145
-0.00147
-0.0015
-0.00152
-0.00154
-0.00156
-0.00157
-0.00159
-0.0016
-0.00161
-0.00162
-0.00162
-0.00163
-0.00163
-0.00163
-0.00163
-0.00163
-0.00163
-0.00163
-0.00163
-0.00163
-0.00163
-0.00163
-0.00162
-0.00161
-0.0016
-0.00159
-0.00159
-0.00158
-0.00157
-0.00157
-0.00156
-0.00155
-0.00154
-0.00153
-0.00152
-0.00151
-0.0015
-0.00148
-0.00147
-0.00146
-0.00145
-0.00144
-0.00143
-0.00141
-0.0014
-0.00139
-0.00138
-0.00136
-0.00135
-0.00134
-0.00132
-0.00131
-0.0013
-0.00129
-0.00127
-0.00126
-0.00125
-0.00123
-0.00122
-0.00121
-0.00119
-0.00118
-0.00117
-0.00116
-0.00114
-0.00113
-0.00112
-0.0011
-0.00109
-0.00108
-0.00107
-0.00106
-0.00104
-0.00103
-0.00102
-0.00101
-0.001
-0.00098
-0.00097
-0.00096
-0.00095
-0.00094
-0.00093
-0.00092
-0.0009
-0.00089
-0.00088
-0.00087
-0.00086
-0.00085
-0.00084
-0.00083
-0.00081
-0.0008
-0.00079
-0.00078
-0.00077
-0.00076
-0.00075
-0.00074
-0.00073
-0.00072
-0.0007
-0.00069
-0.00068
-0.00067
-0.00066
-0.00065
-0.00064
-0.00063
-0.00062
-0.0006
-0.00059
-0.00058
-0.00057
-0.00056
-0.00055
-0.00054
-0.00053
-0.00052
-0.00051
-0.00049
-0.00048
-0.00047
-0.00046
-0.00045
-0.00044
-0.00043
-0.00042
-0.00041
-0.0004
-0.00039
-0.00037
-0.00036
-0.00035
-0.00034
-0.00033
-0.00032
-0.00031
-0.0003
-0.00029
-0.00028
-0.00027
-0.00026
-0.00025
-0.00024
-0.00023
-0.00022
-0.0002
0.00066
