0.00091
0.00451
0.00942
0.01108
0.00928
0.00807
0.00853
0.00876
0.00825
0.00783
0.00775
0.00763
0.00736
0.00709
0.00689
0.00671
0.00657
0.00648
0.0064
0.00627
0.00609
0.00588
0.00562
0.0053
0.005
0.00476
0.0045
0.00411
0.00374
0.00367
0.00389
0.00396
0.00353
0.00274
0.00217
0.00229
0.00287
0.00315
0.00277
0.00215
0.00194
0.00225
0.00283
0.00327
0.0028
0.00069
-0.00235
-0.00389
-0.00214
0.00079
0.00096
-0.00109
0.00087
0.01086
0.02352
0.02805
0.01888
0.0011
-0.01419
-0.01917
-0.01473
-0.00832
-0.00677
-0.0097
-0.01112
-0.00785
-0.00283
-0.00013
-0.00049
-0.00183
-0.00176
0.00103
0.00486
0.00486
-0.00114
-0.01
-0.01879
-0.02428
-0.02003
-0.00652
0.00362
0.0021
-0.0041
-0.00537
0.00023
0.01651
0.04988
0.08605
0.08921
0.04587
-0.00999
-0.03354
-0.01465
0.0235
0.05334
0.06049
0.04508
0.01373
-0.02894
-0.07429
-0.1024
-0.09861
-0.06726
-0.01852
0.03199
0.05174
0.02243
-0.02682
-0.0575
-0.06683
-0.06502
-0.04739
-0.01615
0.00511
0.00087
-0.01251
-0.00548
0.02763
0.05294
0.03177
-0.02181
-0.05006
-0.03
0.00076
0.00624
-0.00363
0.0033
0.04463
0.10633
0.14205
0.10586
0.00448
-0.09962
-0.14612
-0.12429
-0.06744
-0.01786
0.00218
-0.00407
-0.02088
-0.03227
-0.02659
-0.00037
0.04063
0.08546
0.12732
0.17186
0.22013
0.24413
0.20869
0.11338
-0.00235
-0.08125
-0.08742
-0.04691
-0.02485
-0.04992
-0.09038
-0.10203
-0.07349
-0.03247
-0.02041
-0.05069
-0.0912
-0.09676
-0.05754
-0.00852
0.01551
0.02094
0.03065
0.03943
0.02779
0.00306
-0.00789
0.00436
0.02859
0.05163
0.06345
0.05783
0.03163
-0.01691
-0.07137
-0.09348
-0.07217
-0.0535
-0.08
-0.13294
-0.16733
-0.16223
-0.12739
-0.10123
-0.12104
-0.16823
-0.18386
-0.14201
-0.0683
-0.0047
0.01918
0.0037
-0.02662
-0.05666
-0.09387
-0.14712
-0.20359
-0.22368
-0.17592
-0.09339
-0.06034
-0.11737
-0.21109
-0.25923
-0.23999
-0.19604
-0.17251
-0.17834
-0.19193
-0.17726
-0.11231
-0.02523
0.02424
0.01497
-0.01757
-0.03589
-0.03274
-0.01105
0.02369
0.0495
0.04879
0.03663
0.02836
0.01091
-0.01161
0.00133
0.06107
0.11951
0.12784
0.08976
0.04945
0.04185
0.05941
0.07138
0.06448
0.04713
0.03033
0.0302
0.07212
0.15881
0.24165
0.25866
0.20681
0.14639
0.12635
0.13841
0.15327
0.16201
0.16357
0.14575
0.1051
0.06291
0.04273
0.05663
0.10813
0.17205
0.19891
0.17136
0.11598
0.0604
0.03089
0.0559
0.12251
0.17826
0.19704
0.19442
0.18249
0.15702
0.13168
0.14174
0.18497
0.19702
0.13439
0.03999
-0.02321
-0.05503
-0.09121
-0.13247
-0.13955
-0.09114
-0.0234
-0.00063
-0.05302
-0.14801
-0.21805
-0.22153
-0.18071
-0.14856
-0.14711
-0.16013
-0.1694
-0.16514
-0.12804
-0.03946
0.07483
0.14314
0.12047
0.04433
-0.00766
-0.00188
0.03578
0.07378
0.10623
0.13819
0.17448
0.221
0.27518
0.31719
0.32959
0.32067
0.30826
0.29444
0.27662
0.25975
0.23419
0.16596
0.04038
-0.09455
-0.16024
-0.13017
-0.05909
-0.01976
-0.03268
-0.07035
-0.10343
-0.12688
-0.16317
-0.23671
-0.32843
-0.38864
-0.40464
-0.40983
-0.42132
-0.39914
-0.27976
-0.05601
0.19034
0.35763
0.41806
0.43037
0.46087
0.5057
0.51369
0.4659
0.38787
0.30492
0.2247
0.1421
0.04883
-0.04018
-0.0833
-0.05842
0.00375
0.05227
0.07558
0.1062
0.15879
0.20037
0.20714
0.20402
0.21638
0.23275
0.23912
0.23979
0.23115
0.19666
0.13823
0.08668
0.06812
0.07238
0.06727
0.03442
-0.01932
-0.07653
-0.12561
-0.16776
-0.21497
-0.27839
-0.35064
-0.40089
-0.39954
-0.3575
-0.33164
-0.36807
-0.44481
-0.49864
-0.49927
-0.46309
-0.40929
-0.34468
-0.28655
-0.263
-0.27933
-0.30624
-0.31395
-0.30105
-0.28867
-0.30466
-0.36516
-0.45536
-0.53035
-0.5357
-0.43444
-0.23967
-0.03436
0.06972
0.0332
-0.06553
-0.12116
-0.10745
-0.06882
-0.05779
-0.1018
-0.18389
-0.24598
-0.24392
-0.19279
-0.14074
-0.1207
-0.14018
-0.18934
-0.23883
-0.24733
-0.19705
-0.12089
-0.0759
-0.08972
-0.1399
-0.17272
-0.14126
-0.04606
0.06257
0.13646
0.17414
0.20101
0.22289
0.22466
0.20092
0.16008
0.1095
0.05472
0.00094
-0.04916
-0.08725
-0.09898
-0.08253
-0.05623
-0.04376
-0.0545
-0.07434
-0.08186
-0.07808
-0.08596
-0.11985
-0.17221
-0.22482
-0.25766
-0.255
-0.21562
-0.15955
-0.12419
-0.14183
-0.20963
-0.2873
-0.3297
-0.31926
-0.26815
-0.20051
-0.13971
-0.09302
-0.02836
0.10924
0.32957
0.56482
0.72866
0.79405
0.7995
0.79595
0.80705
0.83059
0.85085
0.84638
0.80607
0.74358
0.68691
0.64925
0.61927
0.58779
0.56705
0.56986
0.59255
0.62903
0.67299
0.70325
0.70127
0.67892
0.66122
0.65549
0.65342
0.64807
0.64358
0.64861
0.6557
0.64408
0.61102
0.57475
0.54622
0.52153
0.49225
0.44694
0.37201
0.26185
0.13307
0.02915
-0.00922
0.00805
0.02349
-0.00668
-0.07743
-0.15912
-0.22401
-0.25232
-0.24674
-0.2411
-0.26791
-0.32116
-0.3725
-0.41157
-0.44638
-0.47692
-0.4886
-0.46542
-0.40488
-0.32755
-0.27197
-0.26919
-0.30619
-0.3165
-0.24036
-0.10609
-0.01602
-0.03691
-0.12949
-0.19776
-0.19044
-0.13152
-0.06855
-0.03721
-0.06195
-0.1359
-0.209
-0.23372
-0.20963
-0.16942
-0.14727
-0.16748
-0.23432
-0.31358
-0.33967
-0.27459
-0.1646
-0.10101
-0.1148
-0.14809
-0.13332
-0.06008
0.03268
0.08994
0.07049
-0.02235
-0.14022
-0.23351
-0.28987
-0.32979
-0.37555
-0.42332
-0.44302
-0.4138
-0.35537
-0.31159
-0.31011
-0.34548
-0.39059
-0.42257
-0.44666
-0.48925
-0.56207
-0.64303
-0.69314
-0.68727
-0.63792
-0.58893
-0.57315
-0.58446
-0.59756
-0.59737
-0.58762
-0.58455
-0.59836
-0.61991
-0.63063
-0.6066
-0.49895
-0.24117
0.1704
0.59798
0.84523
0.86642
0.81178
0.82307
0.88945
0.94265
0.97163
0.99241
0.99999
0.98996
0.96672
0.91763
0.82784
0.72159
0.64666
0.62048
0.62228
0.62336
0.59558
0.50871
0.35383
0.17014
0.02742
-0.03279
-0.03496
-0.03589
-0.05515
-0.05634
0.00016
0.10819
0.22185
0.28662
0.26572
0.15863
-0.00394
-0.18563
-0.35311
-0.47663
-0.56156
-0.66055
-0.80212
-0.9283
-0.96151
-0.9099
-0.84479
-0.79949
-0.75688
-0.71745
-0.70786
-0.72214
-0.71105
-0.63493
-0.49684
-0.32899
-0.16464
-0.02076
0.10167
0.20131
0.25834
0.24676
0.17277
0.07767
-0.0055
-0.06985
-0.11239
-0.12781
-0.11729
-0.08394
-0.03382
0.01342
0.03317
0.0209
0.00054
0.00543
0.04749
0.10381
0.14116
0.15039
0.1456
0.13955
0.13376
0.12772
0.12602
0.12698
0.11165
0.06533
0.00457
-0.03982
-0.06019
-0.07402
-0.09875
-0.13419
-0.15673
-0.12914
-0.03183
0.10678
0.2152
0.2325
0.16756
0.08718
0.03868
0.01191
-0.02146
-0.06853
-0.11489
-0.13416
-0.10493
-0.03557
0.04255
0.10826
0.15421
0.17113
0.15432
0.11388
0.06398
0.01164
-0.03534
-0.0559
-0.0254
0.05113
0.12119
0.11977
0.02919
-0.10761
-0.23408
-0.31998
-0.35943
-0.36108
-0.3428
-0.31606
-0.27826
-0.22912
-0.17714
-0.1211
-0.05074
0.02361
0.06949
0.07255
0.05587
0.0487
0.05572
0.06638
0.07295
0.07027
0.05836
0.04776
0.04748
0.05553
0.07303
0.1125
0.17507
0.23491
0.2694
0.29097
0.32397
0.3625
0.37687
0.35337
0.30259
0.2371
0.16493
0.09409
0.03257
-0.00636
-0.01157
0.00421
0.01379
0.00874
0.0003
-0.01003
-0.03559
-0.07339
-0.0906
-0.06153
-0.00342
0.04857
0.09084
0.14297
0.19757
0.21828
0.18815
0.12768
0.06783
0.02974
0.01941
0.02184
0.01427
-0.0041
-0.01392
-0.00837
-0.0013
-0.00454
-0.0156
-0.02515
-0.02326
-0.00076
0.04615
0.10965
0.16832
0.19645
0.18348
0.14196
0.09238
0.04455
-0.00338
-0.05124
-0.09088
-0.11384
-0.11678
-0.10037
-0.0629
0.00491
0.10063
0.18262
0.19552
0.13543
0.05834
0.01616
0.014
0.03169
0.05025
0.0482
0.00863
-0.05781
-0.12326
-0.17019
-0.18861
-0.16961
-0.12469
-0.09113
-0.09483
-0.11594
-0.10769
-0.04892
0.03275
0.0858
0.0736
0.00295
-0.07857
-0.12832
-0.14934
-0.17182
-0.20963
-0.25115
-0.27621
-0.2712
-0.2414
-0.21053
-0.1971
-0.19096
-0.16426
-0.10899
-0.05025
-0.01597
-0.0095
-0.01861
-0.03351
-0.04511
-0.04021
-0.01019
0.04194
0.10443
0.15845
0.18122
0.16263
0.12045
0.08745
0.08065
0.0907
0.10341
0.12255
0.15973
0.20525
0.22579
0.19845
0.13695
0.07443
0.03164
0.01201
0.01407
0.03964
0.09347
0.17025
0.24575
0.29554
0.32006
0.33731
0.35618
0.37113
0.37561
0.36669
0.34329
0.31017
0.27677
0.24452
0.20279
0.14551
0.08456
0.03723
0.00592
-0.01973
-0.04408
-0.06082
-0.0699
-0.08296
-0.10228
-0.11294
-0.10597
-0.09174
-0.0836
-0.08133
-0.07989
-0.08704
-0.11362
-0.14788
-0.16263
-0.15013
-0.13503
-0.14532
-0.17662
-0.20236
-0.2134
-0.22183
-0.23315
-0.24114
-0.24019
-0.22591
-0.19668
-0.16186
-0.13691
-0.12895
-0.13206
-0.13273
-0.11782
-0.08339
-0.03388
0.03106
0.11469
0.20055
0.25287
0.25241
0.21722
0.17799
0.14321
0.09947
0.03994
-0.02288
-0.07201
-0.09905
-0.10187
-0.08185
-0.04662
-0.01065
0.01169
0.0177
0.01614
0.01292
0.00771
0.00319
0.00533
0.01963
0.05328
0.11025
0.18114
0.24682
0.29083
0.30382
0.28281
0.22747
0.13669
0.02155
-0.08094
-0.13178
-0.1299
-0.10828
-0.08975
-0.06578
-0.02232
0.03453
0.08715
0.12233
0.13246
0.11319
0.06478
-0.00251
-0.06655
-0.10736
-0.12188
-0.11931
-0.1079
-0.09082
-0.07408
-0.07031
-0.08515
-0.10569
-0.11555
-0.11942
-0.13605
-0.16581
-0.18766
-0.18866
-0.17021
-0.12996
-0.0651
0.00924
0.0638
0.07838
0.05567
0.01571
-0.02196
-0.05355
-0.08576
-0.115
-0.12279
-0.10107
-0.07163
-0.06412
-0.08424
-0.1154
-0.13493
-0.12438
-0.08544
-0.04562
-0.03092
-0.0385
-0.04722
-0.04396
-0.02979
-0.00921
0.01477
0.03681
0.05326
0.06994
0.09274
0.11439
0.12371
0.12092
0.11425
0.11008
0.11381
0.13237
0.16808
0.21416
0.26167
0.30443
0.33428
0.34459
0.33813
0.31792
0.27791
0.21487
0.14022
0.07073
0.01542
-0.02311
-0.04668
-0.06863
-0.10739
-0.16416
-0.21869
-0.24986
-0.25205
-0.23186
-0.19707
-0.15267
-0.10586
-0.06937
-0.05334
-0.05436
-0.05878
-0.05603
-0.04293
-0.01836
0.02006
0.07479
0.14465
0.2223
0.29519
0.34874
0.37649
0.3882
0.39766
0.40441
0.39667
0.36973
0.33384
0.30188
0.27519
0.24892
0.22592
0.21184
0.20011
0.18122
0.16503
0.17123
0.19793
0.22091
0.22451
0.21246
0.18799
0.14544
0.08528
0.0221
-0.02892
-0.06824
-0.10659
-0.14688
-0.1846
-0.22303
-0.26956
-0.31597
-0.33945
-0.33003
-0.3001
-0.2598
-0.20759
-0.15432
-0.12471
-0.12499
-0.13659
-0.14481
-0.15153
-0.15973
-0.16475
-0.16478
-0.16743
-0.18052
-0.20358
-0.23117
-0.26024
-0.29144
-0.32242
-0.34442
-0.35334
-0.35725
-0.36068
-0.35463
-0.33574
-0.31704
-0.30748
-0.29838
-0.27594
-0.23198
-0.16527
-0.08719
-0.02144
0.01407
0.02246
0.01934
0.01346
0.00131
-0.02091
-0.04606
-0.06362
-0.07293
-0.07898
-0.08097
-0.07521
-0.06537
-0.06002
-0.06083
-0.06074
-0.05184
-0.029
0.00785
0.04987
0.08705
0.11732
0.13897
0.14419
0.12879
0.10058
0.07625
0.0708
0.08594
0.10993
0.13233
0.15741
0.19615
0.24524
0.28671
0.30856
0.30976
0.28631
0.23221
0.15639
0.08051
0.01629
-0.04168
-0.10028
-0.15422
-0.19029
-0.20201
-0.19678
-0.18826
-0.18323
-0.17495
-0.14965
-0.10563
-0.06281
-0.04116
-0.03834
-0.04196
-0.04812
-0.05599
-0.05987
-0.05505
-0.0419
-0.0224
-0.00184
0.00663
-0.00889
-0.04567
-0.08999
-0.13054
-0.16351
-0.19139
-0.21985
-0.24987
-0.2756
-0.29441
-0.30836
-0.31704
-0.32219
-0.33327
-0.35718
-0.3859
-0.40359
-0.40515
-0.39771
-0.38496
-0.36012
-0.31401
-0.24574
-0.16709
-0.09619
-0.04268
-0.00114
0.03602
0.06659
0.08845
0.10877
0.13147
0.14805
0.15064
0.14437
0.13931
0.1364
0.1284
0.11274
0.09562
0.08136
0.06656
0.04927
0.03511
0.03075
0.0364
0.04581
0.05626
0.07647
0.11252
0.15181
0.17685
0.18364
0.17428
0.15229
0.13543
0.14553
0.17677
0.20126
0.20686
0.20666
0.21698
0.24016
0.26492
0.27982
0.28494
0.28647
0.28586
0.28115
0.27239
0.25966
0.24043
0.21344
0.18536
0.16887
0.16846
0.17389
0.17377
0.16685
0.15503
0.13585
0.10885
0.08086
0.05956
0.04834
0.04695
0.05057
0.05333
0.05819
0.0773
0.11497
0.15616
0.18043
0.18078
0.16474
0.14755
0.14374
0.15347
0.1606
0.15215
0.13302
0.11515
0.09974
0.08002
0.05423
0.02773
0.00962
0.00635
0.01281
0.01693
0.01454
0.01119
0.01106
0.0123
0.01227
0.01128
0.01068
0.0106
0.01045
0.00984
0.00807
0.00384
-0.00392
-0.01646
-0.03498
-0.05748
-0.07808
-0.09227
-0.10437
-0.12532
-0.15431
-0.17131
-0.15935
-0.12307
-0.08133
-0.05325
-0.04667
-0.05213
-0.0535
-0.04344
-0.0261
-0.01047
-0.00175
0.00075
-0.00254
-0.01043
-0.01351
-0.00153
0.02037
0.03572
0.03696
0.03107
0.02556
0.01881
0.00663
-0.00994
-0.02733
-0.04386
-0.0584
-0.06883
-0.07235
-0.06746
-0.05827
-0.05318
-0.05541
-0.05956
-0.05824
-0.04862
-0.03405
-0.02213
-0.01779
-0.01657
-0.00885
0.0087
0.03135
0.05617
0.08423
0.10848
0.11298
0.0952
0.07614
0.07815
0.10306
0.13656
0.16349
0.1788
0.18909
0.20072
0.20906
0.2075
0.20121
0.20115
0.21009
0.22262
0.23198
0.23145
0.21609
0.1868
0.14999
0.11229
0.07892
0.05598
0.04804
0.05277
0.06222
0.06921
0.07172
0.07463
0.08285
0.08835
0.07785
0.05545
0.03738
0.02772
0.0184
0.00404
-0.01737
-0.04791
-0.0876
-0.13555
-0.19146
-0.25204
-0.30796
-0.348
-0.36911
-0.37775
-0.37782
-0.36479
-0.33488
-0.29205
-0.24371
-0.19577
-0.15024
-0.10486
-0.06034
-0.02346
0.00116
0.01392
0.01758
0.02119
0.03987
0.07771
0.11558
0.13368
0.1405
0.15725
0.18364
0.20244
0.20743
0.20834
0.21703
0.23859
0.26744
0.28988
0.30002
0.30762
0.32134
0.33493
0.33768
0.32927
0.31814
0.30971
0.3032
0.29853
0.29742
0.29702
0.29032
0.27402
0.25127
0.22763
0.20731
0.19285
0.18657
0.18979
0.1983
0.20349
0.2006
0.19141
0.1788
0.16266
0.14352
0.12647
0.11296
0.09544
0.07339
0.05957
0.05698
0.0504
0.02916
-0.00186
-0.03493
-0.06824
-0.10469
-0.14735
-0.18996
-0.21803
-0.22781
-0.23161
-0.23813
-0.24272
-0.24027
-0.23412
-0.22891
-0.22527
-0.22367
-0.22522
-0.22937
-0.237
-0.2495
-0.26324
-0.27526
-0.28692
-0.2901
-0.27168
-0.24203
-0.22822
-0.23541
-0.24493
-0.24469
-0.23596
-0.22025
-0.19984
-0.18251
-0.17177
-0.16092
-0.14566
-0.13183
-0.12407
-0.11947
-0.11441
-0.10501
-0.08699
-0.06672
-0.05876
-0.06482
-0.07049
-0.06471
-0.04916
-0.03205
-0.02192
-0.02243
-0.03007
-0.04103
-0.05536
-0.07145
-0.0867
-0.10203
-0.11506
-0.11893
-0.11673
-0.12377
-0.14791
-0.17842
-0.20118
-0.21764
-0.23996
-0.2681
-0.28537
-0.28186
-0.26624
-0.24743
-0.22107
-0.18567
-0.15613
-0.14417
-0.14
-0.1309
-0.12102
-0.11865
-0.11992
-0.11689
-0.11054
-0.10718
-0.10848
-0.11083
-0.11012
-0.10465
-0.09631
-0.08784
-0.07812
-0.06448
-0.04958
-0.03954
-0.03493
-0.02593
-0.0002
0.04023
0.07736
0.09966
0.11432
0.13042
0.14327
0.14233
0.12407
0.09177
0.05436
0.02616
0.0135
0.00552
-0.00912
-0.02869
-0.04685
-0.05884
-0.06089
-0.05554
-0.05166
-0.05502
-0.06448
-0.07622
-0.08626
-0.09141
-0.09018
-0.0831
-0.07484
-0.07243
-0.07465
-0.0711
-0.05865
-0.0492
-0.05581
-0.07736
-0.0982
-0.10199
-0.08756
-0.06954
-0.0623
-0.06749
-0.07754
-0.08402
-0.08086
-0.06581
-0.04276
-0.02206
-0.01214
-0.00648
0.00878
0.02973
0.03515
0.01605
-0.0122
-0.02843
-0.02826
-0.0289
-0.05046
-0.08931
-0.11858
-0.12169
-0.11097
-0.10535
-0.10647
-0.10406
-0.09177
-0.07203
-0.05285
-0.04172
-0.04043
-0.0471
-0.06073
-0.07969
-0.09978
-0.11855
-0.13681
-0.1536
-0.1642
-0.16521
-0.15873
-0.14845
-0.13245
-0.10569
-0.07144
-0.04009
-0.01292
0.01802
0.05447
0.0939
0.13579
0.17119
0.18373
0.17227
0.15493
0.14401
0.13317
0.11575
0.09897
0.09059
0.08635
0.07765
0.05978
0.03397
0.00994
-0.00148
-0.00092
0.00392
0.00975
0.01791
0.03105
0.05221
0.07949
0.10437
0.12037
0.12639
0.12414
0.12152
0.12662
0.13109
0.11796
0.08622
0.04876
0.01537
-0.00871
-0.02222
-0.03179
-0.04486
-0.05838
-0.06297
-0.05751
-0.04864
-0.03511
-0.01102
0.01479
0.02586
0.0258
0.03527
0.05947
0.07958
0.07813
0.05578
0.02576
0.00446
-0.0014
-0.00593
-0.02866
-0.06699
-0.10166
-0.12476
-0.14045
-0.14812
-0.14563
-0.13525
-0.11471
-0.08162
-0.04771
-0.02601
-0.01062
0.01072
0.03428
0.04766
0.05366
0.06894
0.09738
0.12383
0.13774
0.14524
0.15629
0.17253
0.18933
0.20203
0.20689
0.19946
0.17686
0.14315
0.10961
0.08299
0.05654
0.02427
-0.00397
-0.02057
-0.03898
-0.07089
-0.10413
-0.12486
-0.13839
-0.15376
-0.17045
-0.18569
-0.19836
-0.20549
-0.20467
-0.19863
-0.19278
-0.18889
-0.1834
-0.17175
-0.15366
-0.13447
-0.12086
-0.11417
-0.10945
-0.10237
-0.09052
-0.06815
-0.03416
-0.00375
0.00821
0.00972
0.01824
0.03615
0.05467
0.06847
0.07689
0.08006
0.07846
0.07196
0.05949
0.04163
0.02304
0.01002
0.00509
0.00543
0.00711
0.00811
0.00995
0.01907
0.04013
0.06647
0.0844
0.08852
0.08592
0.08451
0.08501
0.08498
0.08407
0.08486
0.09245
0.10951
0.12932
0.14076
0.1405
0.13562
0.13694
0.14822
0.16231
0.17228
0.17818
0.17931
0.17385
0.16856
0.17437
0.18918
0.19786
0.19274
0.18183
0.17543
0.17565
0.17821
0.17817
0.17448
0.17015
0.16761
0.16609
0.16396
0.16114
0.15826
0.15511
0.15185
0.1509
0.15459
0.16196
0.16933
0.17169
0.16559
0.15414
0.14216
0.12587
0.09829
0.06367
0.03457
0.01497
-0.00109
-0.01421
-0.0179
-0.013
-0.00885
-0.00856
-0.00331
0.0149
0.04014
0.05971
0.06933
0.07148
0.06699
0.0575
0.04793
0.04222
0.04087
0.04215
0.04524
0.05217
0.06431
0.07799
0.08923
0.09978
0.11177
0.12205
0.12732
0.12759
0.12245
0.10994
0.08902
0.06165
0.03295
0.00925
-0.00638
-0.01844
-0.03207
-0.03764
-0.0182
0.02166
0.05607
0.0715
0.08002
0.09471
0.11013
0.11415
0.10537
0.09205
0.08107
0.0727
0.06494
0.05734
0.04808
0.03636
0.02754
0.02614
0.02907
0.03393
0.04286
0.0527
0.05529
0.05069
0.04584
0.04045
0.03027
0.02082
0.01999
0.0224
0.01692
0.00314
-0.00992
-0.0177
-0.02465
-0.03298
-0.03681
-0.03608
-0.04355
-0.06372
-0.08117
-0.08533
-0.08515
-0.0883
-0.09002
-0.08581
-0.07531
-0.05758
-0.03695
-0.02356
-0.01753
-0.00672
0.01154
0.02145
0.0102
-0.01304
-0.02936
-0.03375
-0.03661
-0.0463
-0.06151
-0.07859
-0.09646
-0.11681
-0.14208
-0.16913
-0.19127
-0.20902
-0.22724
-0.24423
-0.25321
-0.24933
-0.2331
-0.21017
-0.18491
-0.15928
-0.1419
-0.14157
-0.14994
-0.15119
-0.14374
-0.1358
-0.13076
-0.12673
-0.11995
-0.10717
-0.09044
-0.07704
-0.0715
-0.07015
-0.06673
-0.06203
-0.06128
-0.06299
-0.05803
-0.04117
-0.02026
-0.00953
-0.01114
-0.01061
0.00257
0.01904
0.02477
0.02128
0.01876
0.01999
0.02104
0.02025
0.01926
0.0191
0.01958
0.02203
0.02882
0.03857
0.04448
0.0413
0.03204
0.02445
0.02006
0.0106
-0.0089
-0.02752
-0.03127
-0.02331
-0.01653
-0.0114
0.001
0.01741
0.02403
0.01967
0.01829
0.02885
0.04522
0.05583
0.05702
0.05428
0.05202
0.04807
0.03973
0.02887
0.01735
0.00209
-0.01815
-0.03435
-0.03672
-0.02951
-0.02504
-0.02735
-0.03251
-0.03858
-0.04406
-0.04271
-0.03217
-0.02246
-0.02604
-0.04367
-0.06556
-0.08186
-0.08858
-0.08722
-0.08323
-0.08394
-0.09268
-0.10294
-0.10502
-0.09952
-0.09636
-0.09934
-0.09871
-0.08476
-0.06468
-0.05538
-0.06086
-0.06848
-0.06665
-0.05695
-0.04799
-0.04419
-0.04242
-0.03524
-0.01995
-0.00621
-0.00559
-0.01448
-0.01919
-0.0151
-0.00943
-0.00726
-0.00621
-0.00399
-0.00123
0.00183
0.00596
0.01119
0.0157
0.01708
0.01519
0.01127
0.00468
-0.00612
-0.02034
-0.03495
-0.04756
-0.05828
-0.06829
-0.07604
-0.07695
-0.0692
-0.05724
-0.04627
-0.03751
-0.03162
-0.03009
-0.03182
-0.03404
-0.03555
-0.0372
-0.04243
-0.05362
-0.06448
-0.0652
-0.05905
-0.06486
-0.09371
-0.12672
-0.13438
-0.11796
-0.10674
-0.11548
-0.13033
-0.13492
-0.13025
-0.1282
-0.13494
-0.14383
-0.1443
-0.13358
-0.11821
-0.10752
-0.10424
-0.10029
-0.08662
-0.06353
-0.03593
-0.00849
0.01015
0.0128
0.00585
0.0019
0.00245
0.00106
-0.00142
0.0008
0.00602
0.00809
0.00677
0.00631
0.00793
0.0097
0.00921
0.00087
-0.02167
-0.05238
-0.07416
-0.07987
-0.07962
-0.08393
-0.09029
-0.09009
-0.08125
-0.06964
-0.06213
-0.05893
-0.05265
-0.03813
-0.0202
-0.00819
-0.00746
-0.01748
-0.03135
-0.03896
-0.03707
-0.03156
-0.02751
-0.02324
-0.01305
0.00732
0.03512
0.06035
0.07516
0.08343
0.0948
0.11109
0.12714
0.1396
0.14711
0.14936
0.14983
0.15181
0.15323
0.15091
0.14531
0.13851
0.1328
0.13035
0.13048
0.12886
0.12096
0.10661
0.09241
0.08812
0.09621
0.10663
0.11046
0.11429
0.12667
0.13915
0.14083
0.14113
0.15615
0.1811
0.19753
0.20098
0.20048
0.19907
0.19352
0.18447
0.1765
0.17441
0.17885
0.18354
0.18232
0.17765
0.17827
0.18822
0.19887
0.19824
0.18793
0.18104
0.18564
0.19873
0.21128
0.21457
0.20686
0.19499
0.18586
0.17785
0.16685
0.15571
0.14686
0.13318
0.1099
0.08663
0.07568
0.07443
0.06975
0.05885
0.05135
0.04887
0.04331
0.03681
0.04235
0.0632
0.08461
0.08797
0.06899
0.04111
0.02332
0.02434
0.03925
0.05967
0.07847
0.08745
0.08285
0.07219
0.06599
0.06505
0.06331
0.05935
0.05728
0.05851
0.05977
0.05932
0.05903
0.05925
0.05808
0.05587
0.05452
0.05426
0.05646
0.06501
0.07996
0.09561
0.10674
0.11147
0.10901
0.10009
0.08987
0.08664
0.09171
0.09483
0.08851
0.08009
0.08001
0.08584
0.08655
0.07607
0.05768
0.04034
0.0291
0.01778
-0.00189
-0.02587
-0.04092
-0.0411
-0.03456
-0.03204
-0.03457
-0.0367
-0.03608
-0.0335
-0.02619
-0.01012
0.00948
0.02225
0.02902
0.03947
0.05476
0.06591
0.06649
0.05907
0.05157
0.05013
0.05486
0.06
0.05879
0.05403
0.05828
0.07438
0.08805
0.08861
0.08316
0.08324
0.0892
0.09324
0.09163
0.08894
0.09099
0.09666
0.09971
0.0975
0.09417
0.0933
0.09146
0.08384
0.07184
0.05958
0.04803
0.03736
0.0285
0.01874
0.00368
-0.015
-0.03352
-0.05259
-0.06913
-0.07436
-0.06845
-0.06191
-0.05879
-0.0522
-0.03794
-0.02178
-0.01126
-0.00835
-0.01113
-0.01618
-0.01884
-0.0161
-0.01124
-0.0133
-0.02804
-0.04976
-0.06736
-0.07862
-0.09194
-0.11156
-0.12788
-0.13002
-0.12225
-0.11721
-0.11861
-0.12057
-0.11936
-0.11706
-0.11605
-0.11584
-0.11522
-0.11417
-0.11321
-0.11011
-0.10008
-0.08675
-0.08199
-0.08628
-0.08898
-0.08733
-0.08628
-0.08718
-0.08777
-0.08632
-0.08008
-0.06656
-0.05124
-0.04455
-0.04638
-0.04347
-0.02612
-0.00139
0.01325
0.00974
-0.00096
-0.00389
0.00088
0.00115
-0.00802
-0.01821
-0.0237
-0.03126
-0.04771
-0.06921
-0.08925
-0.10664
-0.11924
-0.12209
-0.1172
-0.11348
-0.11471
-0.11686
-0.11658
-0.11519
-0.11476
-0.11505
-0.11547
-0.11725
-0.12159
-0.12617
-0.12717
-0.12474
-0.12214
-0.1198
-0.11546
-0.11008
-0.10646
-0.10092
-0.08612
-0.06511
-0.05141
-0.0523
-0.06381
-0.0818
-0.10323
-0.11861
-0.11958
-0.11195
-0.10797
-0.11008
-0.11204
-0.10958
-0.10124
-0.08599
-0.06835
-0.05676
-0.05204
-0.0481
-0.04432
-0.04724
-0.05952
-0.07412
-0.08243
-0.08431
-0.08523
-0.08854
-0.09573
-0.107
-0.11704
-0.11881
-0.11411
-0.11214
-0.11794
-0.12851
-0.13762
-0.13987
-0.13473
-0.12815
-0.12518
-0.12317
-0.11735
-0.10925
-0.10363
-0.10114
-0.09854
-0.09393
-0.08915
-0.08697
-0.0872
-0.08756
-0.08778
-0.08996
-0.09539
-0.10341
-0.11216
-0.1196
-0.12483
-0.12795
-0.12848
-0.12644
-0.12556
-0.12948
-0.1339
-0.13194
-0.12592
-0.12326
-0.12454
-0.12485
-0.12246
-0.11998
-0.11955
-0.12065
-0.12162
-0.12139
-0.11963
-0.11606
-0.11073
-0.10544
-0.10235
-0.09892
-0.08935
-0.07347
-0.05816
-0.04912
-0.04532
-0.04134
-0.03367
-0.02422
-0.01679
-0.0113
-0.00541
0.00126
0.00872
0.01808
0.02779
0.03412
0.03747
0.04194
0.04771
0.05111
0.05125
0.05056
0.0506
0.05169
0.05419
0.05732
0.05889
0.05851
0.05851
0.05988
0.06034
0.0583
0.0556
0.05469
0.05522
0.05524
0.05414
0.05326
0.05416
0.05664
0.05896
0.0601
0.06047
0.06071
0.06147
0.06314
0.06465
0.06432
0.06242
0.06077
0.06008
0.05953
0.05854
0.05734
0.05618
0.05494
0.05366
0.05255
0.05162
0.05072
0.04981
0.04887
0.04785
0.04678
0.04581
0.045
0.04429
0.0436
0.04295
0.04237
0.04175
0.04096
0.04003
0.03908
0.03819
0.03739
0.03667
0.03601
0.03538
0.03475
0.0341
0.03341
0.03268
0.03195
0.03123
0.03051
0.02976
0.02901
0.02824
0.0275
0.02677
0.02606
0.02533
0.02459
0.02386
0.02313
0.0224
0.02168
0.02096
0.02023
0.0195
0.01879
0.01811
0.01743
0.01676
0.01609
0.01543
0.01478
0.01415
0.01352
0.01291
0.01232
0.01173
0.01116
0.0106
0.01005
0.00951
0.00899
0.00848
0.00798
0.0075
0.00703
0.00657
0.00612
0.00569
0.00527
0.00487
0.00447
0.00409
0.00373
0.00337
0.00303
-0.01099
