0.00004
0.0002
0.00042
0.00052
0.00047
0.00044
0.00048
0.00052
0.00052
0.00053
0.00054
0.00055
0.00055
0.00056
0.00057
0.00058
0.00058
0.00058
0.00059
0.00059
0.00059
0.00062
0.00075
0.00103
0.00139
0.00164
0.00175
0.00179
0.0017
0.00121
0.00044
0.0001
0.00072
0.00179
0.00215
0.00128
-0.00009
-0.00079
-0.00059
-0.0002
-0.00042
-0.00174
-0.00417
-0.00657
-0.00644
-0.00169
0.00557
0.00826
0.00295
-0.00343
-0.003
0.0023
0.00589
0.00531
0.00195
-0.00132
-0.00156
0.00154
0.00383
0.00036
-0.00865
-0.0173
-0.01852
-0.01096
-0.00237
-0.00029
-0.00249
-0.00347
-0.00291
-0.00216
-0.00131
-0.00103
-0.00165
-0.00247
-0.0035
-0.00445
-0.00355
0.00037
0.00911
0.02282
0.03009
0.01658
-0.00892
-0.01977
-0.00955
-0.00049
-0.00606
-0.01076
0.00144
0.02105
0.02984
0.02527
0.01348
-0.00151
-0.00935
0.00143
0.02084
0.02245
0.00109
-0.01285
0.0093
0.05822
0.09384
0.07951
0.01885
-0.04398
-0.07387
-0.06544
-0.01514
0.06118
0.09844
0.05786
-0.00231
-0.01233
0.01764
0.04253
0.0435
0.03972
0.07113
0.13348
0.16658
0.14263
0.09618
0.06474
0.05432
0.04339
0.00789
-0.03954
-0.06025
-0.04638
-0.03379
-0.05661
-0.10392
-0.13042
-0.11432
-0.07942
-0.0536
-0.04352
-0.0437
-0.03533
0.00466
0.06682
0.10625
0.09341
0.04263
-0.01565
-0.06478
-0.0978
-0.10058
-0.06659
-0.02818
-0.02216
-0.03164
-0.02133
0.00391
0.01939
0.01375
-0.00603
-0.0096
0.0328
0.10992
0.18077
0.21204
0.19303
0.14998
0.13262
0.15147
0.17128
0.17327
0.15701
0.10835
0.03558
-0.01168
-0.00575
0.03485
0.08543
0.12038
0.1151
0.08248
0.06311
0.07494
0.09933
0.10056
0.06326
0.02151
0.02297
0.06892
0.1142
0.10727
0.03927
-0.02454
-0.01287
0.04847
0.08244
0.08067
0.08505
0.10183
0.11536
0.12258
0.1097
0.06604
0.02136
0.00495
0.00158
-0.01478
-0.05261
-0.10376
-0.13362
-0.11495
-0.07684
-0.05467
-0.03506
-0.01637
-0.03443
-0.07298
-0.05932
0.01465
0.07912
0.09882
0.09536
0.08358
0.06488
0.0431
0.00785
-0.05184
-0.10903
-0.12668
-0.12314
-0.14686
-0.19051
-0.20784
-0.20616
-0.23132
-0.27699
-0.30038
-0.29865
-0.29031
-0.26486
-0.20854
-0.13783
-0.08654
-0.08433
-0.12366
-0.14692
-0.11907
-0.0851
-0.09713
-0.1357
-0.15238
-0.13447
-0.09729
-0.05884
-0.03566
-0.03451
-0.04589
-0.0578
-0.06397
-0.05826
-0.04771
-0.05904
-0.09909
-0.13746
-0.15878
-0.18801
-0.23953
-0.2829
-0.27617
-0.21031
-0.11674
-0.04272
-0.02255
-0.05802
-0.11418
-0.1533
-0.17988
-0.21946
-0.2587
-0.2605
-0.23658
-0.24785
-0.32224
-0.41001
-0.44139
-0.40982
-0.36038
-0.30974
-0.2384
-0.14202
-0.02187
0.13167
0.2745
0.30655
0.20936
0.08978
0.03964
0.04712
0.06337
0.08608
0.15254
0.26663
0.36888
0.40268
0.37597
0.32866
0.27437
0.19953
0.09676
-0.01757
-0.1189
-0.1961
-0.2399
-0.23784
-0.21446
-0.22754
-0.27982
-0.29474
-0.22427
-0.11414
-0.0261
0.03492
0.08683
0.13118
0.17706
0.24051
0.2919
0.27192
0.18966
0.13266
0.15169
0.19713
0.18815
0.10381
-0.00277
-0.05643
-0.02411
0.05607
0.11556
0.12891
0.11661
0.08891
0.05492
0.06087
0.12391
0.16985
0.13467
0.05769
0.00036
-0.0396
-0.09171
-0.15562
-0.1957
-0.17483
-0.09621
-0.00599
0.05345
0.08686
0.12775
0.18314
0.22866
0.24639
0.23578
0.21186
0.20236
0.21251
0.21362
0.19516
0.18575
0.20895
0.25708
0.30857
0.34926
0.37833
0.39905
0.40891
0.40769
0.4066
0.41229
0.41004
0.37593
0.29364
0.1665
0.04727
0.02431
0.11685
0.23074
0.27543
0.26092
0.23746
0.21493
0.18314
0.15152
0.12933
0.09973
0.03933
-0.04402
-0.1157
-0.1672
-0.23028
-0.32136
-0.41461
-0.47751
-0.49445
-0.46478
-0.40744
-0.35199
-0.31496
-0.29973
-0.3001
-0.28219
-0.19711
-0.0427
0.10552
0.15478
0.09298
0.00714
-0.01254
0.02925
0.05401
0.00914
-0.09125
-0.21306
-0.33538
-0.43143
-0.47388
-0.47519
-0.48142
-0.50955
-0.51856
-0.47054
-0.39179
-0.33176
-0.30081
-0.28652
-0.28375
-0.28339
-0.27529
-0.26801
-0.27085
-0.27156
-0.26189
-0.25636
-0.25506
-0.21981
-0.12463
-0.01039
0.05143
0.04358
0.01379
0.00498
0.01438
0.02027
0.01039
-0.02095
-0.07426
-0.13519
-0.18102
-0.20646
-0.23097
-0.26968
-0.30955
-0.33075
-0.34079
-0.35687
-0.3655
-0.34331
-0.30352
-0.28311
-0.29366
-0.3077
-0.29607
-0.25346
-0.17491
-0.04634
0.12269
0.28666
0.39832
0.44499
0.44835
0.43171
0.39697
0.3432
0.28982
0.26243
0.264
0.27188
0.26485
0.24017
0.20182
0.16006
0.13412
0.12136
0.09425
0.04952
0.01623
0.01059
0.02043
0.03118
0.04469
0.06937
0.10097
0.12482
0.13702
0.14931
0.17351
0.21431
0.26892
0.32526
0.37196
0.40425
0.41782
0.42097
0.44053
0.48756
0.53915
0.56817
0.56467
0.53404
0.49302
0.4508
0.39367
0.3032
0.18108
0.05597
-0.03328
-0.07106
-0.06734
-0.03227
0.01885
0.05438
0.05388
0.02844
0.00034
-0.01713
-0.02208
-0.02912
-0.05865
-0.09671
-0.08925
-0.00589
0.12003
0.23295
0.29327
0.27753
0.1979
0.10745
0.04823
0.02131
0.01147
-0.00228
-0.04886
-0.1323
-0.21101
-0.25049
-0.27534
-0.32763
-0.40157
-0.4589
-0.47973
-0.46415
-0.40877
-0.31344
-0.20376
-0.12366
-0.08624
-0.03935
0.0883
0.29553
0.46953
0.46679
0.27846
0.07552
0.01547
0.0627
0.07417
-0.00754
-0.10794
-0.11779
-0.00252
0.17091
0.29694
0.3029
0.18885
0.04481
-0.00441
0.08502
0.24274
0.36456
0.39732
0.37527
0.37994
0.43977
0.50328
0.5177
0.47579
0.38422
0.24458
0.08134
-0.04749
-0.09728
-0.08545
-0.06832
-0.07572
-0.09195
-0.09385
-0.08158
-0.06713
-0.05283
-0.03272
0.00036
0.06212
0.16203
0.25843
0.27461
0.19546
0.10021
0.06272
0.07385
0.09965
0.13867
0.17574
0.16213
0.08892
0.01292
-0.02236
-0.03244
-0.04344
-0.05676
-0.07464
-0.11676
-0.18766
-0.24279
-0.21698
-0.08561
0.11336
0.29113
0.35347
0.296
0.22559
0.22797
0.26829
0.26476
0.19625
0.10385
0.03679
0.02769
0.08827
0.19962
0.3096
0.35069
0.28672
0.15434
0.02654
-0.06685
-0.14218
-0.19413
-0.18685
-0.12048
-0.03874
0.03451
0.09605
0.11522
0.06054
-0.03662
-0.10147
-0.09059
-0.02497
0.02468
-0.01314
-0.13532
-0.25586
-0.30323
-0.28173
-0.22225
-0.14209
-0.07182
-0.05299
-0.08225
-0.10859
-0.10739
-0.11875
-0.1952
-0.32531
-0.42556
-0.42785
-0.35963
-0.29961
-0.27559
-0.25057
-0.19507
-0.13533
-0.12181
-0.16914
-0.24662
-0.31351
-0.34454
-0.33067
-0.27178
-0.16816
-0.01595
0.16324
0.29235
0.30597
0.2413
0.18137
0.1437
0.09943
0.04327
-0.00304
-0.01791
-0.0097
-0.01865
-0.06442
-0.12298
-0.17234
-0.20935
-0.22298
-0.20855
-0.18541
-0.15729
-0.09926
-0.01036
0.07018
0.11366
0.13255
0.15807
0.20401
0.25147
0.2697
0.24382
0.1716
0.06435
-0.02566
-0.03148
0.03639
0.08065
0.03471
-0.07103
-0.18194
-0.2845
-0.37156
-0.41143
-0.38577
-0.31899
-0.25373
-0.2136
-0.19166
-0.166
-0.12013
-0.05521
0.00571
0.03051
0.00932
-0.02637
-0.0296
0.0194
0.10189
0.1748
0.19561
0.15159
0.07587
0.02818
0.03235
0.04042
-0.00901
-0.11659
-0.22177
-0.25119
-0.17939
-0.0601
0.02871
0.06329
0.06996
0.08041
0.11773
0.1871
0.27078
0.34823
0.3993
0.39203
0.30995
0.18347
0.06777
0.0053
-0.00298
-0.01572
-0.09602
-0.22393
-0.31689
-0.32733
-0.28062
-0.23355
-0.21632
-0.20802
-0.16305
-0.06404
0.05586
0.14534
0.17826
0.16803
0.14811
0.13209
0.1054
0.07145
0.07345
0.13586
0.2053
0.19257
0.07464
-0.08117
-0.19507
-0.23894
-0.23321
-0.22039
-0.22672
-0.22816
-0.18186
-0.09795
-0.03982
-0.04086
-0.06409
-0.06051
-0.01911
0.05037
0.13297
0.20155
0.22946
0.21323
0.16698
0.09963
0.01591
-0.06187
-0.08953
-0.03132
0.0961
0.21329
0.2395
0.17511
0.09249
0.04473
0.01602
-0.03817
-0.12541
-0.20675
-0.24568
-0.2426
-0.2228
-0.20601
-0.18891
-0.16358
-0.14967
-0.18039
-0.2522
-0.32063
-0.35562
-0.36898
-0.37496
-0.36186
-0.32208
-0.27387
-0.23769
-0.21687
-0.20034
-0.16995
-0.11546
-0.04
0.05846
0.18034
0.2881
0.33347
0.32746
0.31541
0.29511
0.22643
0.09997
-0.05367
-0.19835
-0.30713
-0.37089
-0.40741
-0.43814
-0.45921
-0.45577
-0.43038
-0.39605
-0.35311
-0.29473
-0.23059
-0.1793
-0.13454
-0.06906
0.02052
0.10009
0.13575
0.12423
0.07814
0.0095
-0.05344
-0.0712
-0.03805
0.00873
0.03207
0.02321
-0.01553
-0.08741
-0.18287
-0.26624
-0.30662
-0.30964
-0.29666
-0.26669
-0.2024
-0.1041
-0.00562
0.03832
-0.0026
-0.09084
-0.15104
-0.14794
-0.10967
-0.081
-0.0738
-0.06369
-0.02453
0.04547
0.127
0.19417
0.23166
0.25003
0.27348
0.30135
0.2983
0.23525
0.12568
0.012
-0.07372
-0.12663
-0.15661
-0.17657
-0.19339
-0.19798
-0.17827
-0.14105
-0.10465
-0.08097
-0.07641
-0.09509
-0.12781
-0.14591
-0.12124
-0.05146
0.04747
0.15924
0.25663
0.30185
0.28639
0.24409
0.20434
0.16217
0.11138
0.07397
0.07084
0.08929
0.10584
0.11731
0.13258
0.15823
0.19623
0.24336
0.29648
0.34624
0.37073
0.36774
0.36727
0.38479
0.40314
0.40925
0.40543
0.38789
0.34947
0.29927
0.25602
0.22683
0.20792
0.20228
0.22098
0.25896
0.29169
0.31437
0.35153
0.40988
0.46104
0.48632
0.50065
0.51929
0.53901
0.55238
0.55181
0.53357
0.50335
0.46313
0.41006
0.35369
0.30992
0.276
0.2327
0.17444
0.11771
0.07642
0.04767
0.02296
-0.00185
-0.02488
-0.0358
-0.02145
0.01784
0.06423
0.09315
0.08447
0.03995
-0.01331
-0.05329
-0.07985
-0.09634
-0.09929
-0.08386
-0.047
0.0014
0.03147
0.01671
-0.03626
-0.09125
-0.11751
-0.11445
-0.09793
-0.07834
-0.05918
-0.04093
-0.02452
-0.01632
-0.02224
-0.03928
-0.06084
-0.08164
-0.09476
-0.09983
-0.10817
-0.12849
-0.161
-0.19925
-0.23256
-0.26413
-0.31029
-0.37122
-0.42979
-0.47515
-0.50558
-0.51803
-0.50863
-0.47577
-0.41794
-0.33984
-0.26036
-0.20058
-0.16588
-0.14738
-0.13375
-0.11875
-0.10192
-0.08884
-0.09097
-0.10932
-0.12289
-0.11513
-0.0944
-0.0754
-0.06535
-0.06915
-0.08789
-0.11329
-0.13414
-0.14873
-0.1618
-0.17143
-0.16897
-0.149
-0.11807
-0.09327
-0.0857
-0.0899
-0.09834
-0.11634
-0.14679
-0.17176
-0.17363
-0.16195
-0.15418
-0.14307
-0.10604
-0.03849
0.0411
0.11395
0.174
0.22351
0.26321
0.28604
0.28635
0.26488
0.21451
0.12857
0.02593
-0.06111
-0.11417
-0.13819
-0.16259
-0.21779
-0.2997
-0.37785
-0.43459
-0.47425
-0.50139
-0.51249
-0.50793
-0.49512
-0.47698
-0.44917
-0.4121
-0.37538
-0.34638
-0.32437
-0.30916
-0.30416
-0.31112
-0.33192
-0.36679
-0.40265
-0.41733
-0.40471
-0.38247
-0.36094
-0.32058
-0.24125
-0.13643
-0.03908
0.03074
0.0767
0.11926
0.17289
0.22621
0.25905
0.27089
0.27626
0.28062
0.27229
0.23947
0.18388
0.1126
0.03475
-0.03772
-0.10097
-0.15266
-0.1767
-0.16125
-0.1201
-0.07604
-0.03383
0.0157
0.07236
0.12858
0.18545
0.24235
0.28896
0.32481
0.36221
0.40491
0.44483
0.47413
0.48902
0.49042
0.48209
0.46363
0.43371
0.3996
0.37296
0.3583
0.3519
0.3458
0.32853
0.29382
0.25138
0.21349
0.17886
0.14258
0.10066
0.04446
-0.02454
-0.09119
-0.15138
-0.21037
-0.26026
-0.28951
-0.30343
-0.31765
-0.33849
-0.35605
-0.35862
-0.34976
-0.34264
-0.34254
-0.34235
-0.33382
-0.31992
-0.30669
-0.28496
-0.24415
-0.19985
-0.17354
-0.15654
-0.12977
-0.09964
-0.08003
-0.05712
-0.00775
0.05735
0.10427
0.12348
0.13563
0.15448
0.17143
0.18249
0.20235
0.23595
0.26563
0.27693
0.27117
0.25399
0.22915
0.19788
0.16179
0.13136
0.11839
0.11779
0.11923
0.12576
0.14102
0.15901
0.17353
0.18061
0.17288
0.14151
0.08787
0.02877
-0.02116
-0.06739
-0.12172
-0.17918
-0.22384
-0.24902
-0.26115
-0.2677
-0.26838
-0.25872
-0.23806
-0.211
-0.17997
-0.14211
-0.09958
-0.06171
-0.03204
-0.00572
0.01928
0.04013
0.05775
0.07433
0.08466
0.08401
0.0788
0.07569
0.07032
0.06139
0.06063
0.07444
0.09768
0.13053
0.17566
0.2243
0.26512
0.2964
0.32029
0.32964
0.30604
0.24798
0.19161
0.16988
0.17397
0.18396
0.19709
0.20947
0.20819
0.18877
0.16124
0.13861
0.12415
0.11268
0.09982
0.0824
0.06227
0.05394
0.06967
0.09851
0.11781
0.12776
0.15491
0.20913
0.26101
0.27851
0.26684
0.25633
0.25794
0.25304
0.22862
0.19523
0.16637
0.14495
0.12925
0.11539
0.09766
0.07232
0.0383
-0.00285
-0.04096
-0.05733
-0.04855
-0.03724
-0.03941
-0.0452
-0.04381
-0.04002
-0.03976
-0.03804
-0.02528
-0.00329
0.01049
0.00833
0.01001
0.0342
0.0716
0.10397
0.12565
0.13901
0.15125
0.17148
0.1972
0.2103
0.195
0.1586
0.12353
0.10159
0.08863
0.07375
0.04936
0.02239
0.0027
-0.01885
-0.05364
-0.08718
-0.1006
-0.10335
-0.11225
-0.11998
-0.11333
-0.09799
-0.0839
-0.06768
-0.03937
0.00207
0.03992
0.05204
0.03601
0.01213
-0.00315
-0.01782
-0.0466
-0.08415
-0.11649
-0.14634
-0.18443
-0.2282
-0.26854
-0.30365
-0.33047
-0.34482
-0.3575
-0.37836
-0.39521
-0.39705
-0.39175
-0.38795
-0.38164
-0.3568
-0.29938
-0.21946
-0.14481
-0.09178
-0.05851
-0.03753
-0.02008
-0.00046
0.01434
0.01345
-0.00166
-0.02343
-0.04791
-0.07132
-0.09641
-0.13471
-0.18072
-0.20775
-0.20439
-0.18438
-0.15829
-0.12203
-0.07102
-0.01182
0.03949
0.07042
0.0833
0.08783
0.08866
0.08791
0.08904
0.091
0.08818
0.08028
0.07397
0.06982
0.05951
0.04298
0.03104
0.02461
0.01193
-0.00949
-0.02626
-0.02559
-0.00939
0.00898
0.01872
0.01729
0.0024
-0.02893
-0.07049
-0.10867
-0.13893
-0.16916
-0.20089
-0.22266
-0.23066
-0.23597
-0.24322
-0.24474
-0.23705
-0.22254
-0.20164
-0.17495
-0.14376
-0.10807
-0.07396
-0.05514
-0.05617
-0.06337
-0.06081
-0.0434
-0.01098
0.02843
0.05581
0.06929
0.089
0.11802
0.14113
0.15822
0.17639
0.18783
0.18339
0.16849
0.1565
0.1557
0.16099
0.16055
0.15188
0.14367
0.14533
0.15925
0.17961
0.19939
0.21567
0.22345
0.21484
0.19116
0.16468
0.13971
0.10549
0.06166
0.02526
0.00146
-0.01913
-0.04124
-0.06468
-0.08058
-0.07133
-0.03691
-0.00218
0.01758
0.0367
0.06687
0.09335
0.10938
0.13243
0.16199
0.17144
0.15327
0.12531
0.09638
0.06791
0.05148
0.04951
0.0437
0.0227
-0.0035
-0.02087
-0.02491
-0.0202
-0.01826
-0.0313
-0.05799
-0.0797
-0.0841
-0.08288
-0.08927
-0.09448
-0.08375
-0.05728
-0.02367
0.01164
0.04487
0.06983
0.0818
0.08362
0.08438
0.09079
0.09674
0.09192
0.08716
0.10052
0.12038
0.12363
0.11383
0.10714
0.10299
0.08913
0.06271
0.03216
0.00237
-0.02546
-0.04772
-0.06347
-0.0723
-0.07211
-0.06351
-0.04373
-0.01222
0.01557
0.02671
0.0286
0.02996
0.02896
0.02617
0.02762
0.03346
0.03632
0.03299
0.03084
0.03444
0.03202
0.01254
-0.01148
-0.02196
-0.02661
-0.04194
-0.05863
-0.05547
-0.03181
-0.00511
0.01502
0.03842
0.07217
0.10514
0.13365
0.16915
0.20709
0.2274
0.22469
0.20916
0.19279
0.18397
0.17875
0.1644
0.1414
0.12311
0.11158
0.09879
0.08525
0.07356
0.05813
0.03919
0.02936
0.03315
0.03822
0.03598
0.03228
0.03642
0.05477
0.08476
0.10981
0.11929
0.12133
0.1218
0.11668
0.10851
0.10528
0.1058
0.09797
0.07088
0.03049
-0.00119
-0.0132
-0.02221
-0.04563
-0.07095
-0.07335
-0.05423
-0.03819
-0.03684
-0.04151
-0.04671
-0.05422
-0.06134
-0.06343
-0.05902
-0.04722
-0.03012
-0.01667
-0.01479
-0.01743
-0.01061
0.00251
0.00817
0.00831
0.01295
0.01861
0.02076
0.03267
0.06563
0.10421
0.12973
0.14852
0.1683
0.17584
0.16035
0.13058
0.10054
0.07966
0.07488
0.08586
0.1005
0.10611
0.1059
0.11272
0.12568
0.13318
0.13569
0.14126
0.1479
0.15081
0.15316
0.15607
0.15236
0.13708
0.11124
0.07695
0.03746
-0.00372
-0.04189
-0.06597
-0.06811
-0.05908
-0.05611
-0.06008
-0.05761
-0.03552
0.00765
0.05366
0.08078
0.09108
0.1017
0.11733
0.12933
0.12899
0.1136
0.09171
0.07655
0.0671
0.0496
0.02097
-0.00403
-0.0154
-0.02318
-0.03444
-0.03462
-0.01446
0.00874
0.01801
0.01756
0.01591
0.01633
0.02321
0.03554
0.04162
0.03228
0.01426
0.00428
0.00802
0.01271
0.00564
-0.0123
-0.0346
-0.05519
-0.06558
-0.06116
-0.04992
-0.04356
-0.04563
-0.05375
-0.05806
-0.04399
-0.01576
0.00396
0.00881
0.01447
0.02926
0.04393
0.05017
0.05418
0.06619
0.08395
0.09602
0.09748
0.09324
0.08833
0.08147
0.06771
0.04563
0.02281
0.01001
0.00627
-0.00238
-0.0248
-0.05621
-0.09005
-0.12171
-0.14294
-0.15238
-0.15916
-0.16456
-0.16259
-0.15464
-0.14148
-0.11752
-0.08712
-0.0656
-0.05849
-0.05504
-0.04493
-0.03431
-0.03526
-0.04261
-0.04411
-0.04723
-0.0626
-0.07771
-0.08486
-0.10037
-0.12439
-0.13323
-0.12575
-0.12373
-0.12981
-0.12905
-0.12192
-0.12226
-0.12916
-0.12731
-0.11548
-0.11028
-0.1167
-0.12328
-0.12919
-0.14195
-0.15283
-0.14982
-0.14134
-0.141
-0.14882
-0.16177
-0.17909
-0.19188
-0.19125
-0.18499
-0.18357
-0.17986
-0.16184
-0.13492
-0.11776
-0.11862
-0.12533
-0.12378
-0.11678
-0.11431
-0.11612
-0.11598
-0.11417
-0.11503
-0.11685
-0.11383
-0.10763
-0.10532
-0.10686
-0.10684
-0.10613
-0.11299
-0.13239
-0.15816
-0.17879
-0.19043
-0.20181
-0.21969
-0.23315
-0.23014
-0.21973
-0.21554
-0.21358
-0.20193
-0.17853
-0.154
-0.1377
-0.12315
-0.10175
-0.08152
-0.07117
-0.06436
-0.05655
-0.05546
-0.06548
-0.08175
-0.10054
-0.11998
-0.13499
-0.1398
-0.13649
-0.14032
-0.16071
-0.18017
-0.17991
-0.17271
-0.18133
-0.20455
-0.2257
-0.23845
-0.25022
-0.26567
-0.2788
-0.28714
-0.29795
-0.31001
-0.31435
-0.31451
-0.31548
-0.3086
-0.29225
-0.27649
-0.25785
-0.22782
-0.19984
-0.19198
-0.19691
-0.19645
-0.19058
-0.19098
-0.19751
-0.1989
-0.19183
-0.18502
-0.18332
-0.17959
-0.17038
-0.16519
-0.16412
-0.15302
-0.13588
-0.13221
-0.13896
-0.13702
-0.12758
-0.1268
-0.1337
-0.13051
-0.11441
-0.10436
-0.10724
-0.10406
-0.08446
-0.06531
-0.05593
-0.03939
-0.00938
0.01423
0.02179
0.02627
0.03749
0.0562
0.08051
0.09958
0.10206
0.0959
0.097
0.10647
0.11595
0.12024
0.12114
0.1282
0.14736
0.17032
0.18388
0.18584
0.18888
0.20361
0.22184
0.23218
0.2402
0.25348
0.26435
0.26229
0.25082
0.24255
0.24254
0.24472
0.24048
0.22151
0.18711
0.15301
0.13547
0.12981
0.11873
0.09573
0.07102
0.05509
0.04733
0.04378
0.04305
0.04378
0.04464
0.04688
0.05687
0.08026
0.11118
0.13909
0.1664
0.20366
0.24832
0.2853
0.30779
0.3266
0.35593
0.38792
0.39913
0.39117
0.38847
0.39531
0.39772
0.39599
0.4002
0.40607
0.40064
0.3856
0.37306
0.36384
0.35022
0.33344
0.32232
0.31838
0.3137
0.30382
0.2936
0.28619
0.27572
0.25996
0.24647
0.23299
0.20613
0.17358
0.15783
0.15393
0.14111
0.12329
0.11601
0.11697
0.11668
0.11626
0.11995
0.12517
0.12741
0.12601
0.12464
0.1311
0.15163
0.18151
0.20532
0.21222
0.21106
0.21598
0.22098
0.21332
0.20083
0.19761
0.19633
0.18165
0.16049
0.14964
0.14153
0.11819
0.08816
0.06994
0.05841
0.03978
0.01458
-0.01099
-0.03464
-0.05689
-0.08151
-0.11094
-0.13644
-0.14476
-0.14035
-0.14229
-0.15413
-0.16214
-0.16248
-0.16399
-0.16812
-0.16642
-0.15635
-0.1456
-0.13852
-0.13004
-0.11797
-0.11014
-0.11128
-0.11436
-0.11278
-0.10961
-0.11047
-0.11796
-0.13126
-0.1454
-0.15607
-0.16272
-0.16156
-0.14775
-0.12884
-0.11793
-0.11309
-0.10431
-0.09356
-0.08902
-0.08996
-0.0904
-0.08869
-0.08479
-0.07516
-0.06311
-0.06431
-0.08152
-0.09303
-0.08706
-0.07958
-0.08585
-0.10247
-0.11892
-0.12756
-0.12776
-0.12761
-0.13551
-0.15076
-0.1621
-0.1568
-0.13857
-0.12438
-0.11789
-0.11023
-0.10301
-0.10505
-0.11496
-0.12337
-0.12468
-0.11874
-0.10707
-0.09324
-0.083
-0.0795
-0.08212
-0.08826
-0.0911
-0.08412
-0.07242
-0.0683
-0.0744
-0.0816
-0.08226
-0.07756
-0.07149
-0.06493
-0.05775
-0.05102
-0.0466
-0.04808
-0.05761
-0.07027
-0.07918
-0.08376
-0.08757
-0.09272
-0.09768
-0.09862
-0.09441
-0.08756
-0.08015
-0.07273
-0.06564
-0.05734
-0.0438
-0.02495
-0.00896
-0.00283
-0.00008
0.01598
0.04957
0.08015
0.09059
0.0932
0.10528
0.12045
0.12685
0.12834
0.12945
0.12566
0.11893
0.11829
0.1215
0.116
0.0992
0.08439
0.08213
0.08398
0.07571
0.05961
0.04923
0.0498
0.05498
0.05654
0.05338
0.05426
0.06522
0.07807
0.08415
0.08702
0.0924
0.10138
0.11469
0.1306
0.14229
0.14504
0.14227
0.14056
0.1395
0.13209
0.11844
0.10764
0.10242
0.09662
0.08851
0.08335
0.08303
0.08318
0.08166
0.08219
0.08617
0.08704
0.07743
0.05862
0.04012
0.03012
0.02679
0.02073
0.00595
-0.01197
-0.02149
-0.02521
-0.03933
-0.06278
-0.07805
-0.08595
-0.09854
-0.10849
-0.10477
-0.09685
-0.09645
-0.0991
-0.09778
-0.09472
-0.09369
-0.09357
-0.09246
-0.09092
-0.08986
-0.08902
-0.08796
-0.0868
-0.08576
-0.08477
-0.08374
-0.08269
-0.08171
-0.08163
-0.0857
-0.09708
-0.10987
-0.11017
-0.0952
-0.08106
-0.08229
-0.09482
-0.10492
-0.10613
-0.10272
-0.09756
-0.08731
-0.07746
-0.08111
-0.09261
-0.0904
-0.07247
-0.05826
-0.05544
-0.05502
-0.05289
-0.05202
-0.05216
-0.05129
-0.04995
-0.04924
-0.04874
-0.04791
-0.047
-0.04626
-0.04557
-0.04479
-0.04405
-0.04417
-0.0473
-0.05449
-0.06437
-0.0791
-0.10251
-0.12751
-0.14497
-0.16053
-0.17771
-0.18627
-0.18571
-0.18814
-0.1944
-0.1964
-0.19243
-0.18416
-0.17404
-0.16718
-0.16517
-0.16529
-0.1685
-0.17587
-0.18071
-0.17973
-0.18175
