0.00045
0.00223
0.00465
0.00548
0.00459
0.004
0.00423
0.00435
0.0041
0.0039
0.00387
0.00381
0.00369
0.00357
0.00349
0.00341
0.00332
0.00324
0.00316
0.00308
0.003
0.00292
0.00284
0.00277
0.00269
0.00259
0.00247
0.00236
0.00227
0.00218
0.00208
0.00198
0.00187
0.00177
0.00166
0.00153
0.00142
0.00163
0.00239
0.00305
0.0028
0.0019
0.0012
0.00114
0.00201
0.00388
0.00514
0.00313
-0.0017
-0.00451
-0.00259
0.00066
0.00126
-0.00014
-0.00068
0.00048
0.00111
-0.0012
-0.00371
-0.00013
0.00699
0.00513
-0.00771
-0.01579
-0.0088
0.00438
0.01083
0.00682
-0.00054
0.00013
0.00923
0.01769
0.02043
0.015
0.00446
0.00003
0.00143
-0.00388
-0.01299
-0.01035
0.00322
0.00954
-0.00185
-0.01984
-0.0217
0.00107
0.0221
0.00457
-0.03754
-0.03928
0.01634
0.05129
0.006
-0.05972
-0.05305
0.00944
0.02803
-0.01613
-0.02987
0.02531
0.06458
0.0187
-0.06791
-0.09835
-0.0273
0.08006
0.0964
-0.00801
-0.09875
-0.05405
0.04521
0.03279
-0.07008
-0.09864
-0.0235
0.0398
0.02332
-0.04912
-0.10907
-0.08776
0.0033
0.06531
0.03772
-0.02071
-0.02699
0.0015
0.00424
-0.00454
0.01559
0.0431
0.03389
-0.01335
-0.0593
-0.06111
-0.01027
0.05292
0.07297
0.0346
-0.02136
-0.03936
-0.00722
0.02754
0.01613
-0.02035
-0.02012
0.01914
0.03039
-0.01383
-0.05322
-0.03863
-0.00058
0.01492
-0.00009
-0.02773
-0.03145
0.00908
0.04882
0.0308
-0.02156
-0.03943
-0.0117
0.01736
0.02299
0.01227
-0.00283
-0.00563
0.01489
0.03673
0.02774
0.00253
-0.00554
-0.01887
-0.05601
-0.0591
-0.00026
0.04868
0.02639
-0.03712
-0.06978
-0.03723
0.02801
0.06476
0.04687
0.00708
-0.00644
0.00836
0.01647
0.00667
-0.00201
-0.00097
0.00123
0.00055
0.00287
0.01204
0.0206
0.01647
0.00308
-0.00222
0.00103
0.00244
0.01125
0.03074
0.03575
0.01439
-0.0125
-0.02532
-0.02249
-0.0122
-0.00938
-0.01987
-0.02361
-0.00638
0.01043
0.01269
0.02259
0.04683
0.05289
0.0274
0.00684
0.0211
0.04707
0.04378
0.00159
-0.04912
-0.05819
-0.01831
0.00478
-0.01302
-0.00314
0.0369
0.02984
-0.00156
0.02081
0.05859
0.03404
-0.02461
-0.04787
-0.02871
-0.003
-0.00072
-0.02126
-0.03072
-0.01032
0.01377
0.02402
0.03359
0.03567
0.01912
0.01469
0.03127
0.01899
-0.03158
-0.06085
-0.04017
-0.00298
0.01635
0.00612
-0.02749
-0.04901
-0.02876
0.01108
0.03662
0.04453
0.03783
0.02458
0.02631
0.03484
0.01802
-0.01415
-0.02416
-0.01105
-0.00052
-0.00262
-0.01661
-0.03745
-0.02506
0.05482
0.12578
0.08111
-0.03545
-0.10025
-0.08476
-0.03852
0.00161
0.02742
0.03242
-0.00112
-0.06354
-0.08716
-0.0201
0.0879
0.13531
0.07667
-0.05102
-0.15823
-0.13831
0.0183
0.1402
0.0856
-0.0418
-0.08919
-0.09185
-0.12662
-0.112
0.02692
0.13746
0.05266
-0.11162
-0.12816
0.0025
0.08774
0.03484
-0.06623
-0.10462
-0.06069
0.00345
0.00908
-0.05458
-0.12592
-0.15358
-0.13336
-0.0931
-0.09435
-0.17694
-0.258
-0.21715
-0.09557
-0.03842
-0.07197
-0.09752
-0.06234
-0.02015
-0.03655
-0.09496
-0.10348
-0.00255
0.12952
0.12933
-0.02709
-0.12745
-0.01345
0.16292
0.18043
0.06234
-0.0175
0.01693
0.10646
0.18413
0.22388
0.18134
0.03799
-0.09176
-0.07437
0.03628
0.07725
0.02456
-0.00865
0.01894
0.04579
0.04422
0.04342
0.05552
0.06816
0.08363
0.11532
0.15843
0.19876
0.23956
0.2635
0.18312
-0.04183
-0.2546
-0.25713
-0.07638
0.0946
0.1386
0.0818
0.01591
0.02354
0.11672
0.22035
0.25858
0.24426
0.23552
0.24694
0.25738
0.25794
0.24757
0.21861
0.17994
0.17049
0.21169
0.25604
0.23955
0.17401
0.11547
0.07453
0.03164
-0.00124
0.00254
0.03114
0.01301
-0.12452
-0.29728
-0.30424
-0.15778
-0.10724
-0.22687
-0.29582
-0.18304
-0.0535
-0.06335
-0.12074
-0.08658
0.00417
0.03493
-0.00406
-0.0328
-0.05562
-0.15573
-0.30567
-0.38231
-0.36192
-0.33639
-0.3523
-0.3348
-0.20655
-0.01174
0.15456
0.25752
0.30374
0.30601
0.31173
0.37815
0.45243
0.41007
0.27035
0.17635
0.17629
0.17927
0.07691
-0.12066
-0.26516
-0.23991
-0.10076
0.02763
0.12012
0.21324
0.2632
0.18629
0.0355
-0.0261
0.03199
0.04567
-0.11769
-0.37978
-0.52077
-0.40184
-0.14247
-0.01986
-0.12639
-0.25589
-0.20326
-0.02676
0.05338
-0.06299
-0.24341
-0.29096
-0.16264
-0.01124
-0.01724
-0.15101
-0.18157
0.00074
0.21064
0.22076
0.07938
0.06114
0.28231
0.51868
0.52837
0.36001
0.20021
0.1006
-0.00537
-0.14163
-0.25275
-0.26576
-0.17078
-0.04609
0.0458
0.131
0.21321
0.18387
0.00289
-0.13319
-0.06721
0.04069
0.00293
-0.09632
-0.11731
-0.08865
-0.08594
-0.10419
-0.11139
-0.09575
-0.03598
0.08255
0.20869
0.25182
0.19054
0.09989
0.04017
-0.0078
-0.07059
-0.12957
-0.16001
-0.1688
-0.17719
-0.18916
-0.19511
-0.19634
-0.20777
-0.23943
-0.28509
-0.33241
-0.37003
-0.37472
-0.32527
-0.2408
-0.16096
-0.0933
-0.02611
0.03107
0.0646
0.08292
0.08843
0.065
0.01581
-0.03197
-0.06004
-0.06466
-0.05225
-0.04043
-0.03535
-0.01967
0.00489
-0.00526
-0.07359
-0.1416
-0.11354
0.00628
0.07661
0.01168
-0.09774
-0.14352
-0.12661
-0.10191
-0.11475
-0.16368
-0.19587
-0.18109
-0.1688
-0.21408
-0.26181
-0.20243
-0.06143
0.00431
-0.0481
-0.07192
0.01865
0.11558
0.12652
0.09539
0.05602
0.00487
-0.00387
0.05403
0.09545
0.06931
0.03068
0.03242
0.06771
0.11119
0.13631
0.11756
0.05905
-0.00446
-0.05125
-0.08942
-0.13006
-0.17143
-0.20967
-0.2487
-0.28322
-0.27517
-0.20842
-0.1764
-0.26681
-0.35318
-0.2677
-0.12329
-0.12218
-0.21497
-0.23762
-0.15789
-0.04933
0.00084
-0.0477
-0.14002
-0.17211
-0.09285
0.03751
0.0923
0.05382
0.0823
0.27973
0.52412
0.65974
0.68865
0.71135
0.78313
0.87319
0.9477
0.99997
0.9609
0.75502
0.49318
0.36387
0.34598
0.29173
0.18186
0.08632
0.02019
-0.02925
-0.05159
-0.05597
-0.07709
-0.11433
-0.13114
-0.11421
-0.08859
-0.09149
-0.15067
-0.24105
-0.28002
-0.23575
-0.17264
-0.13866
-0.11384
-0.08352
-0.05458
-0.00891
0.0674
0.13478
0.15607
0.15008
0.1362
0.10791
0.08533
0.10285
0.14853
0.18298
0.19405
0.20122
0.22393
0.25669
0.28353
0.3056
0.32651
0.3245
0.27602
0.19817
0.13277
0.09695
0.07597
0.05359
0.03527
0.04047
0.06652
0.07444
0.03261
-0.04664
-0.1342
-0.21851
-0.30122
-0.38401
-0.46772
-0.54453
-0.58455
-0.5668
-0.53845
-0.58216
-0.67705
-0.6788
-0.52432
-0.33965
-0.26203
-0.27185
-0.24715
-0.12521
0.02162
0.07854
0.03022
-0.02165
0.02057
0.14566
0.27632
0.38004
0.47821
0.57449
0.64875
0.70345
0.76103
0.82115
0.83225
0.7243
0.51192
0.32373
0.25568
0.24927
0.1939
0.09349
0.04024
0.0606
0.09262
0.09988
0.09817
0.07805
0.01384
-0.06126
-0.10571
-0.16542
-0.3004
-0.47058
-0.58151
-0.58186
-0.51048
-0.47731
-0.52502
-0.54059
-0.4217
-0.25354
-0.17842
-0.17822
-0.13585
-0.03133
0.05734
0.09234
0.10995
0.13603
0.14503
0.11238
0.05023
-0.02301
-0.10384
-0.17998
-0.2103
-0.17679
-0.15542
-0.21971
-0.28454
-0.22163
-0.06794
0.05548
0.11246
0.12794
0.13008
0.15449
0.21554
0.27924
0.29491
0.24942
0.19371
0.1755
0.1528
0.06625
-0.05349
-0.15022
-0.22084
-0.26583
-0.26664
-0.23667
-0.20611
-0.15623
-0.04243
0.11197
0.20497
0.17332
0.07723
0.01388
-0.00945
-0.04896
-0.11508
-0.16543
-0.1834
-0.19523
-0.21146
-0.20627
-0.16583
-0.11471
-0.0875
-0.09946
-0.12385
-0.10661
-0.05019
-0.02962
-0.07917
-0.14221
-0.15629
-0.11957
-0.07457
-0.05739
-0.05999
-0.05862
-0.06283
-0.08774
-0.1073
-0.09353
-0.07874
-0.11224
-0.17254
-0.19569
-0.16988
-0.13435
-0.10041
-0.0421
0.02282
0.02783
-0.02524
-0.03788
0.04946
0.18322
0.2787
0.29073
0.22802
0.15025
0.09604
0.03707
-0.03567
-0.06037
0.0001
0.09469
0.15705
0.15894
0.1041
0.04018
0.01123
-0.00939
-0.05504
-0.09374
-0.09131
-0.07958
-0.10024
-0.11434
-0.03994
0.12023
0.26748
0.33064
0.33449
0.33547
0.3307
0.27196
0.15698
0.03712
-0.06027
-0.14742
-0.23317
-0.31676
-0.3872
-0.40522
-0.3468
-0.25542
-0.18581
-0.14679
-0.13257
-0.12432
-0.07023
0.04121
0.12849
0.12013
0.05434
0.01817
0.04539
0.10761
0.16677
0.2159
0.26999
0.31578
0.30681
0.25044
0.21835
0.21593
0.17561
0.09074
0.01409
-0.03499
-0.06865
-0.09262
-0.10879
-0.11824
-0.12389
-0.14096
-0.17695
-0.20584
-0.19629
-0.16047
-0.14543
-0.16443
-0.16699
-0.11282
-0.03462
0.01281
0.02232
0.03384
0.08151
0.15108
0.20879
0.23524
0.20691
0.11838
0.02159
-0.03254
-0.05066
-0.04392
0.00441
0.07813
0.10877
0.06641
0.0276
0.07734
0.17571
0.21035
0.13841
0.02529
-0.03389
-0.031
-0.04512
-0.11286
-0.18721
-0.2147
-0.16908
-0.05584
0.07373
0.163
0.20206
0.21902
0.23587
0.23159
0.16367
0.04946
-0.02025
0.00292
0.05721
0.06979
0.0503
0.04835
0.07549
0.09794
0.08524
0.03873
-0.02423
-0.08988
-0.14307
-0.15342
-0.10353
-0.04083
-0.05083
-0.14917
-0.23863
-0.22254
-0.12805
-0.05709
-0.05101
-0.06885
-0.07888
-0.0985
-0.13659
-0.16285
-0.15036
-0.10738
-0.06053
-0.04382
-0.09989
-0.20726
-0.23869
-0.13074
-0.008
-0.00138
-0.06002
-0.03628
0.10068
0.20254
0.14813
0.02597
-0.00564
0.06821
0.14184
0.14456
0.10531
0.07593
0.05865
0.04067
0.039
0.06877
0.10961
0.14
0.16907
0.19187
0.15269
0.0413
-0.03461
-0.02397
-0.04124
-0.13288
-0.18742
-0.18251
-0.20297
-0.23027
-0.19779
-0.14746
-0.15572
-0.21334
-0.25237
-0.23333
-0.17732
-0.11529
-0.03415
0.06942
0.12978
0.11186
0.09323
0.14504
0.23478
0.30303
0.31348
0.22949
0.08751
0.03774
0.13912
0.22586
0.15615
0.02483
-0.01707
0.03411
0.10327
0.14719
0.13675
0.05755
-0.02922
-0.04301
-0.00221
0.02461
0.03147
0.03138
-0.00886
-0.08876
-0.12895
-0.08588
-0.01624
0.02848
0.07687
0.1644
0.26999
0.33768
0.30758
0.19337
0.12805
0.17722
0.20912
0.13241
0.05692
0.07877
0.13815
0.15639
0.12425
0.05272
-0.04114
-0.13174
-0.21543
-0.29326
-0.31926
-0.23788
-0.08623
0.01054
-0.01998
-0.09662
-0.08499
0.01991
0.09972
0.07365
-0.00892
-0.02581
0.06474
0.16584
0.16576
0.07649
0.02682
0.09749
0.19286
0.15666
0.00135
-0.08824
-0.02549
0.05476
0.01954
-0.09001
-0.15786
-0.12981
-0.04726
-0.01195
-0.07458
-0.1432
-0.09593
0.02685
0.07208
-0.00271
-0.0978
-0.14378
-0.16469
-0.19034
-0.21386
-0.21131
-0.15876
-0.06626
0.00233
-0.00964
-0.06397
-0.05404
0.05677
0.1749
0.17711
0.05183
-0.06583
-0.05038
0.03031
0.01609
-0.09337
-0.15107
-0.07078
0.0811
0.15565
0.08657
-0.03149
-0.08187
-0.05481
-0.00514
0.00778
-0.06647
-0.2179
-0.33076
-0.27384
-0.07262
0.08014
0.04366
-0.11598
-0.22763
-0.17522
0.03262
0.2497
0.2876
0.11552
-0.08055
-0.12197
-0.05698
-0.04427
-0.07612
-0.02894
0.05077
0.03171
-0.01146
0.07693
0.24427
0.29897
0.18634
0.06815
0.10781
0.26471
0.377
0.34691
0.19603
0.02843
-0.05262
-0.03996
-0.04222
-0.16092
-0.33467
-0.39718
-0.30287
-0.17379
-0.11277
-0.10305
-0.08835
-0.0393
0.04036
0.11667
0.15338
0.15918
0.18266
0.22665
0.21924
0.14059
0.09298
0.14724
0.23531
0.26758
0.23289
0.17686
0.15739
0.18333
0.19674
0.1491
0.05657
-0.03745
-0.1112
-0.15394
-0.1566
-0.13542
-0.12129
-0.14195
-0.21941
-0.30829
-0.28834
-0.12729
0.02953
0.01437
-0.15968
-0.29837
-0.26109
-0.12632
-0.0528
-0.07288
-0.08967
-0.04362
-0.0232
-0.1105
-0.20063
-0.16938
-0.0815
-0.05886
-0.11428
-0.19548
-0.24548
-0.21253
-0.10593
-0.02934
-0.07758
-0.19785
-0.22265
-0.09716
0.00961
-0.03735
-0.12019
-0.10715
-0.06833
-0.07518
-0.06533
-0.0031
0.05916
0.09342
0.12366
0.16541
0.20296
0.20575
0.16645
0.12909
0.13755
0.1743
0.1937
0.16902
0.10827
0.07948
0.15358
0.27201
0.2746
0.11683
-0.04522
-0.05345
0.06169
0.13692
0.06819
-0.05715
-0.05897
0.0722
0.15661
0.10203
0.00044
-0.05591
-0.0696
-0.06595
-0.05522
-0.04486
-0.03647
-0.03395
-0.04708
-0.05727
-0.01812
0.07572
0.17706
0.25492
0.30587
0.31977
0.29926
0.27864
0.28973
0.33249
0.36174
0.30005
0.14899
0.04874
0.08951
0.16347
0.13332
0.03212
-0.00227
0.07074
0.15718
0.17471
0.12868
0.06092
0.00101
-0.04705
-0.10256
-0.1869
-0.29758
-0.40903
-0.48834
-0.50397
-0.45683
-0.39739
-0.36233
-0.32348
-0.24593
-0.16401
-0.14582
-0.19303
-0.24362
-0.26653
-0.28127
-0.30349
-0.33103
-0.34512
-0.28411
-0.1094
0.07005
0.10047
0.01739
-0.00309
0.10064
0.21257
0.21754
0.14932
0.12195
0.17496
0.25334
0.2913
0.2559
0.16374
0.08908
0.09005
0.11604
0.06612
-0.0412
-0.0836
-0.06214
-0.09444
-0.16445
-0.15599
-0.08082
-0.03237
-0.02479
-0.02481
-0.03227
-0.06252
-0.11114
-0.161
-0.20462
-0.24695
-0.2921
-0.33343
-0.35033
-0.32589
-0.27465
-0.22652
-0.18758
-0.14577
-0.09599
-0.0323
0.0583
0.16781
0.25722
0.3032
0.33231
0.37271
0.40263
0.39519
0.37109
0.35923
0.35472
0.34563
0.33714
0.33548
0.33378
0.3194
0.2883
0.24954
0.21829
0.21214
0.23775
0.26411
0.23961
0.16175
0.0935
0.07459
0.05564
-0.03413
-0.1799
-0.28809
-0.30586
-0.28624
-0.30039
-0.3355
-0.33151
-0.28722
-0.26989
-0.31433
-0.37732
-0.41915
-0.45596
-0.49251
-0.47562
-0.37286
-0.22934
-0.09485
0.01204
0.07373
0.11271
0.18596
0.29407
0.38558
0.4122
0.34849
0.24247
0.19375
0.21112
0.20177
0.12848
0.05837
0.04555
0.05509
0.03048
-0.01769
-0.03635
-0.01637
-0.00571
-0.03818
-0.09284
-0.13833
-0.17479
-0.21393
-0.25606
-0.3007
-0.34694
-0.37508
-0.36072
-0.31563
-0.28288
-0.27835
-0.26484
-0.20942
-0.14244
-0.11698
-0.12311
-0.10003
-0.03157
0.04122
0.09146
0.11661
0.11469
0.10391
0.1095
0.11519
0.0874
0.03236
-0.02067
-0.05824
-0.06687
-0.02844
0.04349
0.1013
0.1005
0.05023
0.03288
0.10957
0.23418
0.32578
0.34453
0.28239
0.18163
0.13584
0.18176
0.22902
0.20149
0.1688
0.19456
0.21665
0.20453
0.21895
0.25878
0.23627
0.13153
0.05073
0.07807
0.15753
0.18739
0.15501
0.12649
0.14555
0.18721
0.20846
0.19039
0.13028
0.04351
-0.03375
-0.07132
-0.08765
-0.14567
-0.26067
-0.34488
-0.30244
-0.16176
-0.05748
-0.06228
-0.1025
-0.08204
-0.02129
-0.01095
-0.06404
-0.10729
-0.11025
-0.1025
-0.08218
-0.02902
0.02747
0.04348
0.02687
0.01182
0.00216
-0.01919
-0.05255
-0.08244
-0.08768
-0.04447
0.03952
0.11263
0.14652
0.16853
0.18553
0.15167
0.06545
0.00406
-0.00262
-0.0167
-0.06942
-0.1164
-0.11876
-0.08602
-0.04884
-0.0184
0.01965
0.07307
0.13117
0.17801
0.19
0.15624
0.11805
0.11675
0.11306
0.0545
-0.01546
-0.01643
0.04702
0.11021
0.14764
0.17325
0.18733
0.17708
0.14176
0.09709
0.06067
0.02982
-0.01646
-0.08351
-0.14224
-0.15791
-0.13301
-0.10386
-0.0911
-0.07954
-0.05248
-0.02164
-0.01548
-0.04168
-0.07635
-0.10053
-0.1206
-0.14488
-0.16869
-0.18296
-0.18449
-0.18663
-0.21381
-0.26396
-0.29578
-0.28375
-0.25373
-0.23851
-0.24193
-0.25652
-0.27687
-0.29916
-0.31447
-0.29419
-0.21984
-0.1326
-0.08682
-0.07154
-0.04624
-0.01143
0.00774
0.00167
-0.02952
-0.08445
-0.15057
-0.20436
-0.21774
-0.18028
-0.12081
-0.06354
0.01582
0.13715
0.25855
0.32311
0.34053
0.37085
0.42514
0.43362
0.33323
0.16556
0.04318
0.00472
-0.01698
-0.06949
-0.12437
-0.13935
-0.10352
-0.03764
0.02827
0.08666
0.13766
0.15006
0.09726
0.01357
-0.05356
-0.10813
-0.16954
-0.21695
-0.21035
-0.15074
-0.08222
-0.03483
-0.0069
0.01107
0.03574
0.08256
0.13063
0.13093
0.07714
0.03043
0.03068
0.03618
0.0028
-0.04082
-0.03725
0.02493
0.10621
0.17426
0.23665
0.29934
0.33252
0.32176
0.31081
0.33
0.33695
0.2936
0.2316
0.19619
0.19268
0.19723
0.17265
0.09704
-0.00118
-0.0669
-0.0797
-0.07512
-0.09991
-0.15457
-0.20563
-0.24123
-0.27623
-0.31832
-0.3583
-0.37651
-0.35184
-0.28783
-0.22065
-0.18185
-0.16732
-0.14773
-0.10088
-0.03282
0.03165
0.06913
0.07097
0.05077
0.02458
-0.01292
-0.05569
-0.06034
-0.01371
0.0237
0.00801
-0.01965
-0.00886
0.02778
0.05552
0.06757
0.07038
0.06643
0.06431
0.0754
0.09562
0.10469
0.0846
0.03909
-0.01006
-0.05094
-0.09017
-0.13174
-0.16694
-0.18261
-0.16322
-0.09795
-0.00183
0.0847
0.12791
0.12981
0.11665
0.09452
0.04996
-0.00922
-0.06336
-0.1052
-0.11806
-0.08243
-0.01812
0.03853
0.08611
0.12888
0.12902
0.05803
-0.04125
-0.11025
-0.14268
-0.16163
-0.17928
-0.18638
-0.16447
-0.11497
-0.06202
-0.0241
-0.00509
-0.00218
-0.00497
-0.00318
-0.00274
-0.02439
-0.07831
-0.14351
-0.18258
-0.1745
-0.13187
-0.08346
-0.03836
0.01418
0.07578
0.12799
0.14015
0.1046
0.06709
0.07275
0.10046
0.10619
0.09562
0.105
0.14056
0.17634
0.19353
0.19602
0.1992
0.21348
0.23454
0.25286
0.26741
0.28073
0.28932
0.2865
0.26837
0.23769
0.20384
0.17099
0.13233
0.08864
0.06023
0.06158
0.07815
0.08914
0.09368
0.09826
0.10159
0.10234
0.10303
0.0983
0.07265
0.02216
-0.03517
-0.08395
-0.12537
-0.16098
-0.18867
-0.21288
-0.23727
-0.25339
-0.2532
-0.24349
-0.23227
-0.21496
-0.18822
-0.15991
-0.13366
-0.09922
-0.04934
0.00739
0.05971
0.09886
0.10826
0.08178
0.04335
0.01555
-0.00708
-0.03519
-0.06431
-0.08073
-0.073
-0.0449
-0.0149
0.00595
0.02339
0.04454
0.06629
0.07933
0.0798
0.07502
0.07331
0.07286
0.06398
0.03849
-0.00087
-0.04284
-0.07678
-0.08893
-0.06822
-0.02969
-0.00698
-0.01275
-0.02424
-0.01595
0.00717
0.0261
0.03834
0.04951
0.05592
0.0541
0.04843
0.03849
0.01724
-0.0133
-0.04308
-0.06899
-0.09486
-0.1222
-0.14842
-0.16694
-0.1702
-0.16233
-0.15963
-0.16858
-0.17946
-0.18631
-0.19025
-0.18176
-0.14762
-0.0958
-0.04643
-0.00383
0.03906
0.07856
0.10024
0.09541
0.0687
0.03202
-0.00211
-0.0185
-0.00287
0.03948
0.08165
0.1024
0.10533
0.1092
0.12622
0.15286
0.17676
0.18389
0.16705
0.13605
0.10634
0.07736
0.03977
-0.0035
-0.03955
-0.06235
-0.0769
-0.08858
-0.096
-0.09816
-0.09624
-0.08313
-0.05112
-0.01201
0.0128
0.01989
0.02495
0.03976
0.06092
0.08059
0.09473
0.10211
0.11001
0.12874
0.14851
0.14772
0.12776
0.11179
0.11372
0.12376
0.1197
0.09311
0.05931
0.03247
0.01127
-0.0034
-0.0059
-0.00149
-0.00084
-0.00749
-0.02101
-0.03959
-0.05886
-0.07666
-0.09284
-0.10173
-0.09645
-0.08132
-0.06709
-0.0564
-0.04521
-0.0322
-0.02071
-0.01784
-0.02995
-0.0535
-0.07556
-0.08479
-0.08014
-0.07043
-0.06333
-0.0575
-0.04955
-0.0408
-0.03319
-0.02551
-0.02044
-0.0297
-0.05478
-0.06938
-0.05154
-0.01839
0.00261
0.01119
0.0207
0.03383
0.04595
0.0549
0.05808
0.05221
0.04029
0.02736
0.01104
-0.01227
-0.0351
-0.04284
-0.03093
-0.00928
0.01298
0.03514
0.0559
0.06948
0.07412
0.07593
0.08007
0.08496
0.08846
0.09272
0.10006
0.10901
0.11709
0.12456
0.13094
0.12884
0.10996
0.07862
0.04771
0.02171
-0.00405
-0.03043
-0.05154
-0.06444
-0.07412
-0.08574
-0.09736
-0.10243
-0.0971
-0.0849
-0.07258
-0.0654
-0.07012
-0.08982
-0.1152
-0.13583
-0.14887
-0.1488
-0.13166
-0.10806
-0.08981
-0.07512
-0.05971
-0.04619
-0.03649
-0.02786
-0.01833
-0.00894
-0.00053
0.00752
0.01522
0.02111
0.02441
0.02663
0.02923
0.03192
0.03427
0.03681
0.03984
0.04289
0.04546
0.04692
0.04616
0.04311
0.03958
0.03686
0.03423
0.03032
0.0249
0.01901
0.01377
0.00879
0.00115
-0.01293
-0.03286
-0.05303
-0.06978
-0.0851
-0.10156
-0.11281
-0.10488
-0.08122
-0.0668
-0.06894
-0.06998
-0.06311
-0.05735
-0.05637
-0.05658
-0.05626
-0.05626
-0.05536
-0.04928
-0.03653
-0.02202
-0.01027
-0.00019
0.01029
0.02053
0.02956
0.03778
0.04525
0.05009
0.05035
0.04734
0.04434
0.04246
0.04071
0.03912
0.03846
0.03834
0.03787
0.03688
0.03483
0.0307
0.02502
0.01976
0.01589
0.01318
0.01138
0.01012
0.00898
0.00816
0.00821
0.00904
0.01008
0.01106
0.01204
0.01301
0.0141
0.01551
0.01705
0.01831
0.01917
0.01982
0.02038
0.02045
0.01914
0.01623
0.0131
0.01098
0.00953
0.00813
0.00689
0.00614
0.00615
0.00725
0.0091
0.01073
0.01173
0.01243
0.01306
0.01347
0.01358
0.01347
0.01317
0.01259
0.01168
0.01071
0.01007
0.00979
0.00947
0.00884
0.00811
0.00752
0.00698
0.00641
0.00585
0.00533
0.00483
0.0043
0.00378
0.00327
0.00277
0.00228
0.0018
0.00133
0.00088
0.00043
0
-0.00041
-0.00081
-0.0012
-0.00158
-0.00195
-0.0023
-0.00264
-0.00296
-0.00327
-0.00357
-0.00386
-0.00414
-0.00441
-0.00467
-0.00492
-0.00516
-0.00539
-0.00561
-0.00582
-0.00603
-0.00622
-0.00641
-0.00658
-0.00675
-0.00691
-0.00706
-0.00576
