0.00019
0.00097
0.00202
0.00237
0.00198
0.00172
0.00181
0.00186
0.00175
0.00165
0.00163
0.0016
0.00154
0.00148
0.00144
0.00139
0.00133
0.00128
0.00123
0.00119
0.00115
0.00112
0.00107
0.00099
0.00088
0.00076
0.00063
0.00053
0.00047
0.00045
0.00044
0.00043
0.00043
0.00043
0.00044
0.00044
0.00043
0.00034
0.00011
-0.0002
-0.00053
-0.00083
-0.00105
-0.00114
-0.00117
-0.00122
-0.00129
-0.0013
-0.00115
-0.00093
-0.00103
-0.00166
-0.00222
-0.00203
-0.00154
-0.00163
-0.00216
-0.00213
-0.00135
-0.00095
-0.00187
-0.00274
-0.00071
0.00393
0.00604
0.00145
-0.00719
-0.0129
-0.01161
-0.00588
-0.00188
-0.00279
-0.00594
-0.0071
-0.00646
-0.0075
-0.01009
-0.00797
0.00284
0.01104
-0.00087
-0.0234
-0.02338
0.00288
0.01781
-0.00237
-0.03257
-0.03109
0.00323
0.02523
0.00745
-0.01803
-0.00919
0.02099
0.02248
-0.01499
-0.03971
-0.01454
0.0224
0.01181
-0.04321
-0.08081
-0.05119
0.02274
0.0592
0.01972
-0.03212
-0.02476
0.02042
0.0372
0.01057
-0.02078
-0.02304
-0.00078
0.01376
0.00112
-0.01754
-0.01507
-0.0037
-0.00881
-0.02392
-0.02497
-0.00384
0.02401
0.02686
-0.00977
-0.04527
-0.02642
0.02899
0.04918
0.00742
-0.04644
-0.05387
-0.01482
0.02084
0.01659
-0.01112
-0.02098
-0.00296
0.01161
0.00107
-0.01194
0.00028
0.02574
0.03432
0.01626
-0.01623
-0.03958
-0.033
-0.00876
-0.00588
-0.02858
-0.03692
-0.01456
0.01292
0.02599
0.0255
0.01543
0.00681
0.01392
0.0265
0.018
-0.00701
-0.01062
0.01911
0.04348
0.02904
-0.00748
-0.02698
-0.01176
0.01633
0.01837
0.00205
0.01931
0.06859
0.08153
0.03319
-0.01832
-0.01684
0.02061
0.03224
-0.00065
-0.02802
-0.01471
0.00894
0.01065
0.00251
0.00246
0.00581
0.00619
0.00883
0.01477
0.01635
0.01584
0.02256
0.0276
0.01553
-0.00256
-0.00756
-0.00436
-0.00094
0.00854
0.02389
0.03586
0.03648
0.02212
0.00142
-0.00654
0.00704
0.02992
0.04076
0.02812
0.00356
-0.00636
0.00508
0.01327
0.00386
-0.00725
-0.0102
-0.01189
-0.0078
0.00886
0.0208
0.01062
-0.00908
-0.01632
-0.0099
-0.00269
-0.00028
0.00144
0.0045
0.00458
-0.00094
-0.00391
0.00799
0.02864
0.03147
0.00742
-0.01778
-0.0224
-0.01453
-0.00817
-0.00307
0.0052
0.01352
0.01662
0.01617
0.0171
0.0183
0.01307
-0.00089
-0.01597
-0.02202
-0.01661
-0.00367
0.01233
0.02405
0.02303
0.01553
0.0173
0.02151
0.01076
-0.00811
-0.02617
-0.04153
-0.03022
0.01786
0.05256
0.02659
-0.02246
-0.02348
0.02077
0.04946
0.03363
-0.00445
-0.0253
-0.01117
0.00666
-0.0107
-0.0394
-0.02204
0.04219
0.09245
0.08384
0.04119
0.02224
0.02851
0.00891
-0.03343
-0.03852
-0.00825
-0.01137
-0.06382
-0.10013
-0.06914
-0.00451
0.01442
-0.04277
-0.13041
-0.19251
-0.20977
-0.18855
-0.154
-0.13513
-0.13675
-0.1604
-0.2109
-0.23896
-0.17481
-0.04796
0.03998
0.04983
0.01806
-0.01059
-0.00367
0.03667
0.0622
0.04395
0.00589
-0.02609
-0.05107
-0.07004
-0.05799
0.01883
0.13586
0.21387
0.21336
0.16902
0.12794
0.09101
0.02312
-0.06566
-0.08855
-0.01156
0.05959
0.03212
-0.04415
-0.07592
-0.02479
0.103
0.26006
0.37309
0.37759
0.24382
0.05048
-0.01705
0.10478
0.22466
0.1595
-0.02579
-0.17969
-0.25131
-0.22159
-0.08147
0.06416
0.07793
-0.02352
-0.11306
-0.11727
-0.05052
0.03175
0.07247
0.05122
-0.0009
-0.02415
0.02504
0.13741
0.26049
0.33559
0.32028
0.21845
0.10787
0.09066
0.18909
0.31748
0.37149
0.31634
0.19403
0.08332
0.03361
0.01679
-0.03504
-0.13859
-0.23087
-0.25027
-0.21995
-0.21366
-0.24331
-0.22837
-0.12641
-0.03666
-0.06481
-0.15726
-0.20272
-0.20417
-0.22492
-0.2649
-0.29509
-0.32554
-0.35302
-0.3196
-0.19465
-0.03031
0.10212
0.16081
0.12179
0.00037
-0.12187
-0.14822
-0.06312
0.04263
0.09292
0.13515
0.2385
0.36528
0.44586
0.48582
0.51284
0.49731
0.39763
0.23594
0.08941
0.03217
0.0649
0.09502
0.05482
0.00574
0.03389
0.10194
0.1002
0.01198
-0.05508
-0.0222
0.04467
0.02344
-0.10013
-0.19607
-0.12836
0.06119
0.17738
0.13246
0.04212
0.00082
-0.0302
-0.0647
-0.04901
-0.00426
-0.01816
-0.0935
-0.1404
-0.09604
0.01728
0.1187
0.13777
0.08497
0.0413
0.05792
0.09128
0.06047
-0.05353
-0.1843
-0.24886
-0.23102
-0.18633
-0.17127
-0.18933
-0.20499
-0.1928
-0.16699
-0.1621
-0.18824
-0.2163
-0.20895
-0.16225
-0.11284
-0.0888
-0.06028
0.02229
0.14502
0.22658
0.19814
0.08
-0.02007
-0.01859
0.04876
0.1012
0.11976
0.11346
0.06936
0.00684
0.00564
0.10519
0.2248
0.25128
0.16438
0.03769
-0.03233
0.0035
0.09445
0.13155
0.07653
0.00332
-0.00722
0.04083
0.07932
0.04925
-0.04356
-0.1337
-0.17024
-0.18775
-0.2649
-0.39045
-0.45667
-0.42827
-0.39037
-0.40014
-0.42345
-0.42419
-0.41388
-0.40976
-0.40369
-0.38169
-0.34949
-0.32901
-0.32998
-0.33176
-0.30613
-0.25422
-0.20127
-0.16417
-0.13682
-0.09049
-0.00051
0.11032
0.19003
0.21737
0.20631
0.1745
0.13573
0.10532
0.09641
0.10255
0.0919
0.05525
0.04106
0.08042
0.11835
0.09295
0.02864
-0.01127
-0.01357
-0.01323
-0.04033
-0.09457
-0.14555
-0.14881
-0.09564
-0.04372
-0.05195
-0.10632
-0.16099
-0.2044
-0.23264
-0.22134
-0.18046
-0.16528
-0.18777
-0.20499
-0.20436
-0.20299
-0.19074
-0.15529
-0.12366
-0.12295
-0.13101
-0.10454
-0.03875
0.02871
0.06341
0.06753
0.07273
0.09877
0.12503
0.12362
0.10221
0.08754
0.09398
0.12558
0.17634
0.22119
0.23721
0.23199
0.23213
0.25157
0.27546
0.26687
0.2028
0.10939
0.03904
0.01877
0.04125
0.07353
0.06615
0.0149
-0.00437
0.06064
0.14867
0.16968
0.12114
0.08087
0.12829
0.26826
0.41321
0.47505
0.46676
0.46315
0.48095
0.45997
0.3605
0.22616
0.13036
0.08469
0.04081
-0.01183
-0.01968
0.0316
0.06951
0.04208
0.00137
0.01926
0.08089
0.11853
0.10104
0.05593
0.02887
0.02723
0.01551
-0.02454
-0.06699
-0.0846
-0.08575
-0.09978
-0.13682
-0.17676
-0.20366
-0.22109
-0.22443
-0.20944
-0.1992
-0.19571
-0.15031
-0.04544
0.06742
0.14439
0.19245
0.23412
0.27165
0.28201
0.24995
0.20126
0.16945
0.14577
0.10366
0.04894
0.01003
-0.00188
-0.00376
-0.02234
-0.06716
-0.12436
-0.17769
-0.21225
-0.19922
-0.12064
-0.00528
0.10279
0.19172
0.26686
0.32369
0.35549
0.35673
0.32149
0.26548
0.22539
0.21516
0.21665
0.21744
0.22318
0.23785
0.25537
0.26369
0.24857
0.20653
0.15517
0.11446
0.08775
0.07091
0.05499
0.0221
-0.02724
-0.05983
-0.05873
-0.05941
-0.10471
-0.18785
-0.26498
-0.30834
-0.32502
-0.33042
-0.3261
-0.30915
-0.28422
-0.25344
-0.2087
-0.14749
-0.0896
-0.06823
-0.09587
-0.13548
-0.12316
-0.03529
0.08369
0.17301
0.21169
0.21795
0.21808
0.22289
0.22798
0.23126
0.2381
0.24308
0.21345
0.11005
-0.06268
-0.24522
-0.37189
-0.42146
-0.42891
-0.44923
-0.50047
-0.55642
-0.58036
-0.54111
-0.43415
-0.30457
-0.20856
-0.1548
-0.11589
-0.08474
-0.08042
-0.08773
-0.04414
0.06354
0.14899
0.14178
0.09109
0.08641
0.13347
0.1808
0.22016
0.27602
0.33286
0.35036
0.31888
0.25603
0.18037
0.10595
0.0429
-0.00152
-0.02396
-0.0339
-0.05001
-0.07141
-0.06582
-0.007
0.08666
0.16435
0.18518
0.15095
0.10611
0.09384
0.10664
0.09273
0.01726
-0.09387
-0.18026
-0.2068
-0.19404
-0.19459
-0.2328
-0.2754
-0.27498
-0.22822
-0.173
-0.13853
-0.12361
-0.12057
-0.12963
-0.14696
-0.16363
-0.17592
-0.1789
-0.15746
-0.10373
-0.03406
0.03017
0.08288
0.12306
0.14999
0.17446
0.20856
0.24555
0.2695
0.27366
0.25707
0.22637
0.20674
0.22026
0.25849
0.30399
0.35521
0.41078
0.45826
0.47826
0.44137
0.33209
0.18324
0.04338
-0.07974
-0.20636
-0.33746
-0.44593
-0.50777
-0.53166
-0.53579
-0.49847
-0.38659
-0.22937
-0.10839
-0.08153
-0.12875
-0.17458
-0.18654
-0.20626
-0.25773
-0.30601
-0.31837
-0.29397
-0.24112
-0.16837
-0.08594
-0.00169
0.07642
0.13884
0.18447
0.22258
0.25219
0.25428
0.2219
0.17926
0.15233
0.14089
0.13366
0.1287
0.12463
0.11369
0.10224
0.11463
0.1493
0.16015
0.11908
0.05908
0.01584
-0.02488
-0.08723
-0.161
-0.21784
-0.24024
-0.23501
-0.22791
-0.22906
-0.20969
-0.13396
-0.008
0.11837
0.19837
0.22544
0.22054
0.19551
0.15052
0.10212
0.08178
0.0974
0.11668
0.10247
0.0556
0.00872
-0.01658
-0.0271
-0.03379
-0.03436
-0.02525
-0.01109
0.00181
0.00687
-0.00613
-0.04005
-0.07592
-0.08302
-0.05493
-0.03702
-0.09058
-0.20628
-0.30057
-0.32788
-0.32108
-0.30452
-0.26422
-0.20431
-0.14509
-0.08716
-0.03434
-0.00148
0.02639
0.07987
0.14657
0.17413
0.13181
0.05877
0.03671
0.09276
0.16698
0.20189
0.20471
0.20567
0.22179
0.26381
0.31382
0.30817
0.20916
0.06529
-0.04933
-0.10572
-0.11481
-0.11122
-0.1289
-0.15516
-0.14663
-0.10143
-0.06902
-0.086
-0.13701
-0.17802
-0.17925
-0.14994
-0.12439
-0.11698
-0.10636
-0.07277
-0.02571
0.01115
0.02056
-0.00097
-0.03531
-0.04483
-0.00511
0.05714
0.08376
0.06085
0.03955
0.05728
0.08803
0.09371
0.07456
0.05108
0.03137
0.00935
-0.02006
-0.04882
-0.059
-0.0455
-0.02802
-0.02663
-0.03748
-0.04101
-0.01898
0.03157
0.08178
0.08394
0.03328
-0.00316
0.03266
0.10941
0.15557
0.1404
0.07257
-0.02187
-0.10761
-0.16916
-0.21408
-0.24198
-0.25249
-0.25116
-0.21585
-0.11871
0.01699
0.13998
0.21847
0.23116
0.16994
0.07237
0.00544
-0.00382
-0.0022
-0.04281
-0.09801
-0.10213
-0.06065
-0.03264
-0.03324
-0.04052
-0.05918
-0.10148
-0.14158
-0.13988
-0.09385
-0.04133
-0.02198
-0.04918
-0.10431
-0.14692
-0.14941
-0.10864
-0.02312
0.08373
0.14252
0.12057
0.08496
0.11413
0.19806
0.27158
0.28675
0.23515
0.15857
0.12414
0.14403
0.16501
0.15238
0.1236
0.10846
0.12181
0.15952
0.20161
0.22168
0.19698
0.12826
0.0408
-0.05403
-0.15515
-0.2312
-0.25174
-0.22685
-0.1774
-0.1299
-0.12796
-0.18301
-0.24206
-0.23761
-0.15938
-0.06814
-0.02544
-0.02056
0.00225
0.06191
0.12963
0.18305
0.22363
0.25262
0.26666
0.26893
0.2651
0.25768
0.2523
0.25676
0.26034
0.22322
0.11877
-0.00947
-0.0783
-0.06959
-0.05076
-0.06402
-0.06886
-0.0315
0.00963
0.0036
-0.04579
-0.09278
-0.09916
-0.06411
-0.01911
0.00229
-0.00801
-0.02696
-0.0189
0.0205
0.04775
0.03543
0.01242
-0.00387
-0.04204
-0.10733
-0.15414
-0.15049
-0.11777
-0.09273
-0.08003
-0.05539
-0.00078
0.07324
0.12626
0.10466
-0.0009
-0.1085
-0.12403
-0.06586
-0.03333
-0.0678
-0.11008
-0.08459
0.00031
0.05148
0.01378
-0.05298
-0.0804
-0.09959
-0.1675
-0.26513
-0.32394
-0.29774
-0.20131
-0.09979
-0.04464
-0.03711
-0.05406
-0.06349
-0.0428
-0.02155
-0.05019
-0.11099
-0.12988
-0.077
0.00949
0.09353
0.17143
0.22037
0.18252
0.05678
-0.04841
-0.03945
0.03666
0.0704
0.0316
-0.0306
-0.06508
-0.04882
0.00242
0.04231
0.04887
0.02892
-0.02629
-0.11138
-0.16861
-0.15203
-0.0996
-0.09418
-0.15753
-0.21121
-0.16868
-0.06138
-0.00983
-0.04638
-0.07304
-0.02951
0.03062
0.05679
0.06931
0.09665
0.13198
0.16171
0.1878
0.21333
0.23098
0.23527
0.23159
0.22099
0.18873
0.12373
0.03957
-0.03376
-0.06905
-0.06102
-0.03775
-0.02972
-0.03092
-0.02391
-0.01636
-0.01934
-0.03088
-0.0573
-0.10599
-0.15998
-0.19644
-0.21094
-0.19944
-0.15177
-0.07704
0.00441
0.08706
0.15216
0.13578
0.00483
-0.14341
-0.17167
-0.08633
-0.01597
-0.03764
-0.10099
-0.10312
-0.02458
0.03912
0.02024
-0.02415
-0.01775
0.02424
0.04522
0.03122
0.01224
0.02357
0.06498
0.08606
0.04601
-0.01951
-0.04171
-0.00842
0.03684
0.06042
0.06803
0.08409
0.11892
0.15672
0.1745
0.16283
0.12536
0.0773
0.04339
0.03384
0.03421
0.03234
0.03267
0.0464
0.08191
0.13319
0.18134
0.21326
0.22815
0.23124
0.22698
0.20533
0.14406
0.04365
-0.05455
-0.09931
-0.07423
-0.01124
0.04216
0.07042
0.10295
0.17803
0.28795
0.37236
0.38479
0.3511
0.32856
0.31871
0.27643
0.19444
0.11053
0.04793
0.00571
-0.01727
-0.02544
-0.03031
-0.03633
-0.04005
-0.04796
-0.08069
-0.14738
-0.22262
-0.26454
-0.25439
-0.21144
-0.17382
-0.16414
-0.16716
-0.15225
-0.1246
-0.12907
-0.18875
-0.2666
-0.30834
-0.30752
-0.30649
-0.32533
-0.31668
-0.23493
-0.1214
-0.05889
-0.0698
-0.10919
-0.12908
-0.10942
-0.05185
0.01998
0.06765
0.06832
0.03737
0.01212
0.0102
0.01681
0.01578
0.0128
0.02174
0.04061
0.04976
0.04222
0.04627
0.09231
0.16914
0.23402
0.24178
0.1699
0.0591
-0.00003
0.03444
0.11375
0.16968
0.17599
0.15496
0.1592
0.2109
0.26316
0.27123
0.25539
0.23705
0.18534
0.08382
-0.02065
-0.07942
-0.10166
-0.12147
-0.1343
-0.10374
-0.02367
0.06637
0.12235
0.12238
0.0729
0.00635
-0.04754
-0.08263
-0.09933
-0.0942
-0.06868
-0.02344
0.04296
0.11536
0.16621
0.18792
0.19874
0.20981
0.20683
0.17945
0.15231
0.16156
0.20579
0.24738
0.26258
0.26348
0.26457
0.2505
0.19333
0.09443
-0.00707
-0.06899
-0.08352
-0.08153
-0.0965
-0.12855
-0.15569
-0.16463
-0.15584
-0.13606
-0.11742
-0.11497
-0.13672
-0.17616
-0.21862
-0.25076
-0.26056
-0.24476
-0.22229
-0.21804
-0.23122
-0.23869
-0.22515
-0.19869
-0.17926
-0.17441
-0.17157
-0.16082
-0.15205
-0.15166
-0.1342
-0.06683
0.03986
0.13566
0.18689
0.20401
0.20685
0.18599
0.12468
0.03847
-0.04245
-0.10657
-0.15253
-0.18244
-0.21142
-0.23936
-0.22829
-0.15632
-0.05918
0.01402
0.04014
0.01689
-0.03564
-0.08432
-0.11623
-0.13846
-0.14893
-0.13646
-0.10442
-0.07394
-0.05981
-0.05507
-0.04985
-0.05245
-0.07517
-0.10882
-0.12976
-0.12894
-0.11586
-0.0903
-0.03335
0.06021
0.16585
0.26266
0.35478
0.4411
0.48904
0.46568
0.38013
0.26532
0.13563
-0.00552
-0.13058
-0.1877
-0.1511
-0.06002
0.02592
0.09399
0.16491
0.23637
0.27466
0.25517
0.18847
0.10185
0.01321
-0.065
-0.10959
-0.09904
-0.04731
-0.00837
-0.03776
-0.13886
-0.2459
-0.28917
-0.28111
-0.30336
-0.40337
-0.53117
-0.56701
-0.40786
-0.09582
0.17244
0.27437
0.29993
0.35759
0.40347
0.35893
0.2491
0.14591
0.08154
0.06861
0.10891
0.15051
0.12628
0.05434
0.02813
0.09328
0.19068
0.23206
0.18566
0.08807
0.00138
-0.0503
-0.09882
-0.1703
-0.22988
-0.21698
-0.12339
-0.00152
0.10099
0.16347
0.15974
0.07881
-0.03652
-0.13636
-0.2176
-0.29185
-0.34095
-0.33057
-0.24887
-0.12288
0.00897
0.13809
0.27488
0.38875
0.39584
0.25292
0.03376
-0.14908
-0.26165
-0.33953
-0.40113
-0.41268
-0.34347
-0.22412
-0.11588
-0.05508
-0.05106
-0.09005
-0.13102
-0.14194
-0.13937
-0.1613
-0.21342
-0.26713
-0.28605
-0.23692
-0.11273
0.04496
0.16769
0.19293
0.09749
-0.06454
-0.19384
-0.24106
-0.24237
-0.25582
-0.28581
-0.28577
-0.22289
-0.11499
0.00161
0.11185
0.1946
0.18899
0.07074
-0.06577
-0.11117
-0.08242
-0.05592
-0.04029
-0.00393
0.05016
0.09159
0.09486
0.05157
-0.01974
-0.08393
-0.12447
-0.15126
-0.16278
-0.12628
-0.02431
0.10663
0.2221
0.32255
0.42943
0.5398
0.6224
0.64759
0.62098
0.58226
0.56526
0.57154
0.57593
0.53134
0.39087
0.16879
-0.04604
-0.182
-0.25595
-0.31691
-0.36746
-0.38499
-0.36677
-0.30547
-0.18277
-0.03245
0.05651
0.04102
-0.02568
-0.07109
-0.08055
-0.08407
-0.1113
-0.16713
-0.2346
-0.29661
-0.33777
-0.33093
-0.2635
-0.16828
-0.0864
-0.02011
0.04853
0.12234
0.19285
0.25839
0.32532
0.39596
0.45369
0.46306
0.40605
0.31797
0.2586
0.24556
0.23775
0.18895
0.10106
0.00894
-0.0679
-0.13046
-0.17746
-0.20842
-0.2338
-0.25849
-0.26741
-0.24546
-0.20145
-0.15656
-0.11959
-0.08944
-0.06916
-0.06101
-0.05805
-0.05273
-0.04559
-0.03891
-0.03018
-0.01655
-0.00005
0.01575
0.0304
0.04456
0.05582
0.06016
0.05715
0.05249
0.05647
0.07704
0.10481
0.112
0.08807
0.06542
0.07879
0.11603
0.14231
0.15024
0.15305
0.14897
0.12526
0.08516
0.04433
0.01094
-0.01189
-0.01782
-0.00706
0.00865
0.02073
0.03076
0.03771
0.03175
0.00841
-0.02229
-0.04718
-0.0606
-0.06265
-0.05849
-0.05884
-0.07102
-0.08719
-0.08901
-0.06989
-0.04288
-0.02118
-0.00624
0.00214
0.00206
-0.0032
-0.00724
-0.00873
-0.01095
-0.01778
-0.03136
-0.04701
-0.05199
-0.03814
-0.01258
0.01302
0.03564
0.05173
0.04664
0.0122
-0.03615
-0.07794
-0.1089
-0.1325
-0.14937
-0.15808
-0.15285
-0.12752
-0.08995
-0.05922
-0.04423
-0.03797
-0.031
-0.01739
0.00665
0.03874
0.06941
0.08885
0.09296
0.08532
0.07017
0.04215
-0.00538
-0.06393
-0.11435
-0.14076
-0.13528
-0.09897
-0.0404
0.02833
0.09429
0.14744
0.18383
0.19682
0.16521
0.0725
-0.05853
-0.17452
-0.23275
-0.2281
-0.19194
-0.16025
-0.1444
-0.13805
-0.13258
-0.12489
-0.12395
-0.13607
-0.14555
-0.13424
-0.11161
-0.10318
-0.11397
-0.11977
-0.10009
-0.06562
-0.04034
-0.03088
-0.0273
-0.02192
-0.0158
-0.01059
-0.00052
0.02416
0.06488
0.11109
0.15146
0.18061
0.19451
0.18792
0.15773
0.10849
0.05275
0.00055
-0.04599
-0.08433
-0.1106
-0.1292
-0.14903
-0.16663
-0.16461
-0.13492
-0.0969
-0.07996
-0.09025
-0.10432
-0.09537
-0.05937
-0.01539
0.01566
0.02902
0.03133
0.02584
0.01198
-0.00637
-0.02213
-0.03032
-0.02883
-0.01986
-0.00941
-0.0012
0.00715
0.02056
0.04017
0.06064
