-0.00366
-0.0131
-0.01506
-0.00247
0.00587
0.00104
-0.00312
-0.00089
0.00103
0.00009
-0.00073
-0.00026
0.00016
-0.00001
-0.00015
-0.00003
0.00008
0.00008
0.00007
0.00011
0.00016
0.00018
0.0002
0.00023
0.00026
0.00028
0.00031
0.00033
0.00036
0.00038
0.0004
0.00042
0.00045
0.00048
0.00049
0.0005
0.00052
0.00055
0.00057
0.00058
0.00059
0.00062
0.00064
0.00065
0.00068
0.00069
0.00071
0.00072
0.00073
0.00074
0.00076
0.00077
0.00078
0.0008
0.00083
0.00082
0.0008
0.00081
0.00083
0.00085
0.00087
0.00088
0.00088
0.00087
0.00089
0.00091
0.00092
0.00092
0.00093
0.00094
0.00095
0.00096
0.00098
0.00097
0.00094
0.00096
0.00099
0.00094
0.00086
0.00087
0.00092
0.00094
0.00093
0.00089
0.00086
0.00091
0.00092
0.00086
0.00086
0.0009
0.00085
0.00077
0.00081
0.00089
0.00087
0.00083
0.00086
0.00089
0.00088
0.00087
0.00087
0.0009
0.00092
0.00086
0.00079
0.00082
0.00087
0.00079
0.00075
0.00083
0.00085
0.00078
0.00079
0.00078
0.0007
0.00066
0.0007
0.00072
0.00067
0.00062
0.00062
0.00063
0.0006
0.00058
0.00054
0.00051
0.00053
0.00048
0.00036
0.00036
0.00046
0.00048
0.00047
0.00045
0.00036
0.00031
0.00034
0.00029
0.00031
0.00046
0.00044
0.00027
0.00025
0.00028
0.00021
0.0002
0.00028
0.00032
0.00022
0.00013
0.0002
0.00024
0.00009
-0.00003
0.00008
0.00017
0.00007
-0.00004
-0.00002
0
0.00002
0.00004
0.00001
-0.00006
-0.00004
-0.00004
-0.00015
-0.00022
-0.00016
-0.00012
-0.00021
-0.00024
-0.00017
-0.00023
-0.00044
-0.00045
-0.00037
-0.00053
-0.00058
-0.00036
-0.00039
-0.00068
-0.00072
-0.00061
-0.00059
-0.0005
-0.00039
-0.00044
-0.00054
-0.00063
-0.00064
-0.00051
-0.00048
-0.0006
-0.00067
-0.00073
-0.00081
-0.00077
-0.0007
-0.00069
-0.00071
-0.00078
-0.00086
-0.0009
-0.00087
-0.00074
-0.00073
-0.00096
-0.00108
-0.0009
-0.00072
-0.00083
-0.00116
-0.00132
-0.00102
-0.00062
-0.00078
-0.00128
-0.00135
-0.00099
-0.00081
-0.00099
-0.0012
-0.0012
-0.00113
-0.00114
-0.0012
-0.00121
-0.00121
-0.00128
-0.00134
-0.00128
-0.00127
-0.00135
-0.0014
-0.00142
-0.0014
-0.00124
-0.00116
-0.00142
-0.00168
-0.00146
-0.00108
-0.00112
-0.00142
-0.00155
-0.00146
-0.00131
-0.00132
-0.00148
-0.00144
-0.00129
-0.00142
-0.00167
-0.00162
-0.0014
-0.00136
-0.00146
-0.0015
-0.00145
-0.00145
-0.00153
-0.00151
-0.00126
-0.00118
-0.00151
-0.00173
-0.00148
-0.0012
-0.00126
-0.00152
-0.00164
-0.00144
-0.00125
-0.00132
-0.00137
-0.00119
-0.00106
-0.00111
-0.0012
-0.00126
-0.00131
-0.00135
-0.00128
-0.00111
-0.00103
-0.00108
-0.00122
-0.00137
-0.00133
-0.00111
-0.00101
-0.00107
-0.00107
-0.00101
-0.00096
-0.00088
-0.00075
-0.00069
-0.00072
-0.00078
-0.00078
-0.00066
-0.0005
-0.00046
-0.00048
-0.00035
-0.00014
-0.00003
-0.00007
-0.00029
-0.00053
-0.00056
-0.00053
-0.00042
-0.00004
0.00012
-0.00015
-0.00019
-0.00007
-0.00039
-0.0009
-0.00102
-0.00075
-0.00044
-0.00016
0.00003
0.00007
-0.00006
-0.00046
-0.00085
-0.00093
-0.00089
-0.00067
-0.00002
0.00065
0.00077
0.00032
-0.00002
0.00003
0.00013
0.00016
-0.00003
-0.00043
-0.00047
-0.00014
0.00009
0.00013
-0.00026
-0.0009
-0.00075
0.00042
0.00158
0.00145
0.00002
-0.00101
-0.00068
0.00013
0.00053
0.00046
0.00061
0.00172
0.00278
0.00212
0.00019
-0.00097
-0.00022
0.00146
0.00216
0.00112
-0.00097
-0.00202
-0.00048
0.00132
0.00001
-0.00304
-0.00412
-0.00268
-0.00036
0.00137
0.00157
0.00107
0.00104
0.00049
-0.00107
-0.00243
-0.00335
-0.00302
0.00009
0.00379
0.0044
0.00258
0.00185
0.00325
0.0044
0.00458
0.00557
0.00507
0.00141
0.00047
0.00273
0.00128
-0.00205
-0.00242
-0.00279
-0.00437
-0.00211
0.00417
0.00542
-0.00195
-0.00724
-0.00447
-0.00136
-0.00119
-0.00027
0.00149
0.00347
0.00738
0.01148
0.00938
0.0011
-0.00281
0.00121
0.00454
0.00394
0.00191
-0.00304
-0.00762
-0.0044
0.00242
0.00242
-0.00356
-0.0048
0.00307
0.01067
0.0088
0.00124
-0.00334
-0.00148
0.00463
0.00903
0.00692
-0.00016
-0.00544
-0.00326
0.00321
0.00314
-0.00684
-0.01505
-0.01252
-0.00656
-0.00516
-0.00513
-0.0036
-0.00063
0.00532
0.01138
0.01168
0.00563
-0.00099
-0.00089
0.00469
0.00715
0.00542
0.00467
0.0046
0.00153
-0.00466
-0.00959
-0.01058
-0.01171
-0.01405
-0.01185
-0.0058
-0.00182
-0.00165
-0.00568
-0.0115
-0.01053
0.00036
0.01005
0.00699
-0.00191
-0.00032
0.00929
0.01009
0.00147
-0.00641
-0.01208
-0.01182
-0.00009
0.01323
0.01225
-0.00281
-0.01316
-0.00577
0.00699
0.00643
-0.00774
-0.0196
-0.01175
0.01267
0.02644
0.01293
-0.01282
-0.02409
-0.01236
0.00328
0.00089
-0.01457
-0.01917
-0.00666
0.00165
-0.00533
-0.0146
-0.02035
-0.02423
-0.01871
-0.00431
0.00469
0.00159
-0.00645
-0.00996
-0.0086
-0.00658
-0.00269
0.00136
0.00278
0.00867
0.01865
0.01981
0.01202
0.00916
0.01658
0.02552
0.03082
0.03776
0.04425
0.04142
0.03287
0.02797
0.0264
0.02143
0.01262
0.01053
0.01691
0.01762
0.01141
0.00666
-0.00029
-0.00762
-0.00706
-0.00321
-0.00168
-0.00042
0.00085
-0.00019
-0.00276
-0.00122
0.00614
0.0125
0.01418
0.01529
0.01897
0.02145
0.01554
0.00388
-0.00107
0.00268
0.00567
0.00315
-0.00338
-0.0077
-0.00503
-0.00524
-0.01569
-0.02201
-0.01656
-0.01648
-0.03074
-0.0419
-0.03484
-0.02113
-0.02013
-0.02961
-0.0349
-0.03129
-0.0222
-0.01424
-0.01649
-0.02791
-0.03153
-0.01486
0.01208
0.02983
0.03063
0.02253
0.01874
0.02195
0.02277
0.01134
-0.01348
-0.0333
-0.02543
-0.00202
0.0036
-0.01443
-0.03364
-0.03203
-0.00796
0.01458
0.01344
-0.00321
-0.01353
-0.00946
0.00045
0.00167
-0.00554
-0.00017
0.02396
0.03794
0.024
0.00713
0.00692
0.00798
-0.00176
-0.01788
-0.0344
-0.03651
-0.01602
-0.00062
-0.02088
-0.05508
-0.05222
-0.01149
0.01108
-0.009
-0.02785
-0.01041
0.01871
0.03155
0.03908
0.05233
0.06129
0.06494
0.07621
0.09212
0.0953
0.08813
0.08681
0.08716
0.07902
0.0702
0.06615
0.06111
0.05403
0.04561
0.03178
0.01207
-0.00582
-0.01576
-0.02916
-0.05828
-0.07756
-0.05803
-0.0297
-0.03122
-0.04338
-0.03796
-0.01972
-0.00277
-0.0064
-0.03577
-0.05022
-0.01645
0.03393
0.0557
0.05239
0.05315
0.06273
0.06067
0.04167
0.02555
0.01858
0.00331
-0.02382
-0.04186
-0.03677
-0.02025
-0.01673
-0.03412
-0.04982
-0.04196
-0.02408
-0.02573
-0.04644
-0.05398
-0.03768
-0.0248
-0.02876
-0.03264
-0.02044
0.00883
0.03495
0.03313
0.01211
0.00047
0.00407
0.00585
-0.00592
-0.01666
-0.00419
0.02029
0.03137
0.03362
0.03801
0.04269
0.05414
0.06582
0.05504
0.03432
0.02917
0.02926
0.02255
0.01483
0.00998
0.01417
0.01895
0.00242
-0.02182
-0.02724
-0.02097
-0.01465
-0.01217
-0.02073
-0.03351
-0.04227
-0.04836
-0.04597
-0.03973
-0.04155
-0.04063
-0.03079
-0.02592
-0.02759
-0.02705
-0.02244
-0.01327
-0.00105
0.0086
0.01245
0.01221
0.01118
0.00878
0.00558
0.00597
0.0039
-0.00463
-0.0041
0.01015
0.02226
0.02082
-0.00212
-0.04258
-0.07606
-0.09042
-0.09159
-0.0801
-0.05925
-0.03977
-0.03239
-0.04263
-0.05081
-0.03479
-0.01313
-0.00755
-0.00846
-0.00588
0.0043
0.02098
0.0272
0.01852
0.0094
0.00292
-0.00357
-0.00543
-0.00264
-0.00288
-0.00808
-0.01003
-0.00721
-0.00565
0.00182
0.02226
0.04004
0.04159
0.03727
0.03602
0.03014
0.01855
0.00897
-0.00179
-0.0168
-0.02529
-0.01738
0.0024
0.01856
0.02172
0.01403
-0.00236
-0.01197
0.00901
0.04103
0.03844
0.00285
-0.01951
-0.00139
0.03097
0.04272
0.0469
0.0612
0.06931
0.07138
0.08012
0.07676
0.05117
0.02945
0.02625
0.02951
0.03513
0.04731
0.04679
0.01371
-0.01605
0.00684
0.05142
0.04737
-0.00599
-0.05073
-0.05357
-0.04006
-0.05258
-0.08659
-0.10938
-0.11299
-0.09891
-0.07085
-0.05064
-0.04769
-0.04719
-0.03898
-0.0206
0.00346
0.01692
0.01661
0.01725
0.02185
0.02943
0.04304
0.04439
0.02298
0.01601
0.05059
0.08488
0.06537
0.00926
-0.02394
-0.01651
0.00954
0.03513
0.0413
0.0274
0.02341
0.03287
0.03052
0.01915
0.01415
0.01646
0.02333
0.02491
0.03263
0.07756
0.12769
0.1222
0.08236
0.06215
0.06035
0.05297
0.03463
0.01638
0.01623
0.03501
0.05109
0.04839
0.0336
0.03168
0.05642
0.09256
0.12599
0.15023
0.15732
0.16315
0.18509
0.20943
0.22467
0.22472
0.20428
0.18966
0.19596
0.19618
0.19085
0.2037
0.2163
0.20244
0.17816
0.17213
0.18288
0.18814
0.18206
0.1688
0.14523
0.12374
0.11208
0.06554
-0.04608
-0.15041
-0.16702
-0.13055
-0.11378
-0.11794
-0.11491
-0.10876
-0.11537
-0.15697
-0.24808
-0.3234
-0.31147
-0.27437
-0.29922
-0.36533
-0.41818
-0.43849
-0.43638
-0.43359
-0.43184
-0.42552
-0.43264
-0.44735
-0.42244
-0.35826
-0.31319
-0.30829
-0.31056
-0.29102
-0.24577
-0.18007
-0.10571
-0.04783
-0.01512
0.02186
0.08028
0.14043
0.18904
0.22255
0.23576
0.24957
0.29238
0.34972
0.3828
0.3785
0.35456
0.33594
0.33812
0.35868
0.37536
0.36548
0.33156
0.30106
0.29446
0.2708
0.14784
-0.0466
-0.15505
-0.12286
-0.07044
-0.07741
-0.09808
-0.09258
-0.08171
-0.08514
-0.0935
-0.09441
-0.08852
-0.08264
-0.08679
-0.10833
-0.1217
-0.09172
-0.05134
-0.05311
-0.07168
-0.06326
-0.0599
-0.14488
-0.29617
-0.34019
-0.24111
-0.18938
-0.25913
-0.33559
-0.36465
-0.39259
-0.43055
-0.43394
-0.41093
-0.4331
-0.50722
-0.57753
-0.62997
-0.66388
-0.65783
-0.62932
-0.62652
-0.65677
-0.68156
-0.67573
-0.65283
-0.62031
-0.56602
-0.51069
-0.50279
-0.54344
-0.58034
-0.57634
-0.53911
-0.50187
-0.45495
-0.283
0.04927
0.30543
0.29971
0.19676
0.19116
0.23452
0.23457
0.21266
0.21012
0.21744
0.2161
0.21037
0.20853
0.20866
0.20703
0.20455
0.20287
0.20157
0.19991
0.19816
0.19659
0.19503
0.19336
0.19171
0.19015
0.18857
0.18694
0.18542
0.18381
0.18233
0.18059
0.1818
0.23882
0.43971
0.71446
0.82926
0.74276
0.65334
0.63292
0.58651
0.50464
0.46083
0.45334
0.41637
0.33592
0.26695
0.24961
0.26458
0.27472
0.2735
0.27788
0.29106
0.29531
0.27451
0.23419
0.20095
0.18259
0.15069
0.09637
0.04938
0.02265
0.00057
-0.02167
-0.03677
-0.04706
-0.05292
-0.04764
-0.04684
-0.07435
-0.10963
-0.1133
-0.09457
-0.09261
-0.12487
-0.18357
-0.23954
-0.26312
-0.26177
-0.26366
-0.27987
-0.30425
-0.32359
-0.32311
-0.29513
-0.24301
-0.17902
-0.11985
-0.07576
-0.04249
-0.00837
0.03149
0.06971
0.10022
0.12743
0.14871
0.15356
0.14714
0.13977
0.12847
0.12058
0.13981
0.18789
0.23533
0.25618
0.25403
0.25329
0.26702
0.28642
0.3024
0.31057
0.30363
0.28376
0.26706
0.26098
0.25644
0.24461
0.21528
0.15714
0.08944
0.04745
0.01752
-0.04409
-0.13237
-0.21029
-0.27313
-0.3342
-0.39211
-0.44073
-0.47176
-0.47032
-0.43475
-0.38338
-0.32925
-0.27241
-0.21885
-0.1775
-0.13693
-0.07384
0.00895
0.08136
0.13281
0.18426
0.24574
0.3072
0.36395
0.41058
0.44139
0.47004
0.50678
0.54015
0.56478
0.58763
0.60778
0.6167
0.61254
0.60422
0.59522
0.57121
0.51952
0.44358
0.35278
0.2635
0.19436
0.13968
0.0769
0.00514
-0.05506
-0.09721
-0.13644
-0.18028
-0.21662
-0.23486
-0.23795
-0.23902
-0.25216
-0.26921
-0.26872
-0.25824
-0.26141
-0.27209
-0.26748
-0.24811
-0.23505
-0.24053
-0.25983
-0.28263
-0.29664
-0.29344
-0.27872
-0.26069
-0.2377
-0.20493
-0.15987
-0.11057
-0.07369
-0.04855
-0.02143
0.00716
0.03395
0.06542
0.1015
0.13564
0.16497
0.18895
0.2119
0.23549
0.24854
0.24725
0.24562
0.24875
0.24705
0.23296
0.19868
0.14351
0.08911
0.05208
0.01505
-0.04199
-0.10988
-0.176
-0.24413
-0.31217
-0.36436
-0.3933
-0.40977
-0.42639
-0.44259
-0.45026
-0.44192
-0.41321
-0.37077
-0.32421
-0.27144
-0.21134
-0.14805
-0.08115
-0.01088
0.06437
0.14695
0.22552
0.2887
0.34505
0.40708
0.46964
0.51943
0.55419
0.57648
0.58615
0.59199
0.60025
0.59003
0.53586
0.44589
0.35185
0.27133
0.19775
0.12669
0.07487
0.05684
0.0577
0.05253
0.03868
0.02976
0.03012
0.02723
0.00896
-0.01536
-0.02342
-0.01126
0.00187
0.00395
0.00415
0.01237
0.02535
0.03074
0.01476
-0.02047
-0.05453
-0.07738
-0.09758
-0.12025
-0.145
-0.17602
-0.20938
-0.23032
-0.24054
-0.26166
-0.30186
-0.3502
-0.4048
-0.4655
-0.51275
-0.53904
-0.56623
-0.60407
-0.63753
-0.65507
-0.65725
-0.65211
-0.65324
-0.66633
-0.67427
-0.65283
-0.60781
-0.56537
-0.52554
-0.4725
-0.40926
-0.34156
-0.26786
-0.19904
-0.14263
-0.06994
0.03806
0.12296
0.12716
0.09466
0.0895
0.10254
0.10359
0.09645
0.09467
0.09655
0.09609
0.09401
0.09296
0.09261
0.09181
0.09073
0.08987
0.08902
0.08834
0.08724
0.08943
0.1266
0.22577
0.32445
0.33519
0.28757
0.266
0.27494
0.26974
0.24425
0.22999
0.24229
0.26513
0.28431
0.29934
0.30982
0.31898
0.3356
0.35641
0.3639
0.35268
0.34099
0.34491
0.35754
0.36529
0.37098
0.38433
0.40154
0.4183
0.4431
0.47434
0.49672
0.50599
0.50722
0.50539
0.50604
0.50612
0.49605
0.47215
0.43292
0.37771
0.3109
0.23785
0.16333
0.09029
0.01887
-0.04632
-0.09631
-0.12992
-0.15854
-0.19506
-0.23888
-0.28091
-0.31841
-0.35049
-0.37505
-0.39925
-0.43101
-0.46586
-0.49624
-0.51771
-0.52669
-0.52271
-0.50552
-0.47859
-0.45291
-0.42995
-0.40082
-0.36689
-0.33702
-0.31424
-0.29693
-0.28375
-0.27507
-0.26875
-0.25958
-0.24624
-0.2323
-0.22299
-0.22146
-0.22462
-0.22773
-0.22763
-0.22293
-0.21997
-0.22231
-0.21604
-0.18896
-0.14917
-0.11004
-0.07596
-0.0467
-0.02329
-0.00665
0.00628
0.02089
0.04039
0.06227
0.07872
0.08804
0.10238
0.13251
0.16767
0.18581
0.18636
0.19047
0.20695
0.22692
0.24471
0.25967
0.26941
0.27275
0.274
0.27933
0.28524
0.28054
0.26449
0.24826
0.23806
0.22855
0.2105
0.18138
0.15014
0.1289
0.12021
0.11796
0.11726
0.11603
0.11105
0.10138
0.09263
0.08721
0.07703
0.05653
0.03149
0.00849
-0.01217
-0.03286
-0.05455
-0.07477
-0.09195
-0.1092
-0.12733
-0.14473
-0.16463
-0.1877
-0.20928
-0.23066
-0.25573
-0.28291
-0.31014
-0.33887
-0.3722
-0.40446
-0.42298
-0.43271
-0.4479
-0.46197
-0.46339
-0.4561
-0.44414
-0.4264
-0.40822
-0.39674
-0.38715
-0.36711
-0.33542
-0.30546
-0.28455
-0.2634
-0.23799
-0.21746
-0.19896
-0.17215
-0.14904
-0.1472
-0.15755
-0.16042
-0.15241
-0.13997
-0.12674
-0.11634
-0.10907
-0.09482
-0.066
-0.02926
0.00273
0.022
0.03256
0.0462
0.06718
0.0911
0.11357
0.13149
0.14469
0.15889
0.17988
0.20603
0.23129
0.25376
0.27606
0.29779
0.31667
0.33568
0.35716
0.37464
0.38245
0.38619
0.3908
0.38742
0.36809
0.34039
0.31532
0.29517
0.27595
0.25334
0.22567
0.19192
0.15591
0.12968
0.11836
0.11274
0.10337
0.08979
0.07797
0.07109
0.06643
0.06552
0.07148
0.07823
0.07932
0.07685
0.07589
0.07899
0.0856
0.09451
0.10492
0.11421
0.12023
0.12663
0.1365
0.1434
0.14237
0.13841
0.1329
0.12135
0.10608
0.09362
0.084
0.07184
0.05525
0.03751
0.02093
0.00768
-0.00033
-0.00819
-0.0195
-0.02827
-0.03281
-0.03892
-0.0467
-0.05315
-0.06056
-0.07082
-0.08136
-0.09296
-0.11025
-0.12954
-0.14226
-0.15164
-0.16736
-0.18789
-0.20485
-0.21765
-0.22871
-0.23367
-0.23201
-0.23404
-0.24421
-0.25423
-0.25879
-0.26074
-0.26341
-0.26892
-0.2773
-0.28541
-0.2908
-0.29322
-0.29448
-0.29776
-0.30297
-0.3083
-0.31486
-0.32083
-0.32072
-0.31667
-0.31651
-0.32165
-0.32591
-0.32097
-0.30316
-0.2778
-0.25363
-0.23543
-0.22058
-0.20129
-0.17338
-0.14259
-0.12129
-0.11455
-0.11185
-0.10097
-0.08156
-0.06123
-0.04907
-0.04757
-0.04547
-0.03036
-0.00624
0.01405
0.02675
0.03682
0.04826
0.062
0.07639
0.0874
0.09312
0.09637
0.10157
0.10783
0.10663
0.09404
0.07762
0.06241
0.04493
0.02225
-0.00482
-0.03033
-0.04724
-0.05881
-0.07394
-0.09303
-0.10783
-0.11201
-0.11008
-0.10874
-0.10449
-0.0974
-0.09815
-0.10588
-0.10593
-0.09321
-0.07771
-0.06548
-0.03498
0.04655
0.15142
0.19793
0.17363
0.14953
0.15732
0.16637
0.16098
0.15506
0.1556
0.15638
0.1543
0.15213
0.15123
0.15036
0.14894
0.14753
0.14636
0.14518
0.14393
0.14273
0.14154
0.1403
0.13907
0.1379
0.13671
0.13549
0.13431
0.13317
0.132
0.13081
0.12965
0.12844
0.12742
0.1267
0.14544
0.24169
0.42261
0.56463
0.58072
0.55232
0.5609
0.57557
0.56224
0.53948
0.52005
0.49003
0.44293
0.39172
0.34902
0.31543
0.28642
0.25916
0.23232
0.20601
0.18415
0.17147
0.1658
0.16012
0.15338
0.14939
0.1484
0.14972
0.15481
0.16122
0.16437
0.16591
0.16987
0.17447
0.17644
0.17734
0.17935
0.18137
0.18295
0.1837
0.17995
0.17071
0.16056
0.15116
0.14029
0.12861
0.11838
0.11043
0.10554
0.10268
0.09853
0.09181
0.08271
0.07021
0.05599
0.04507
0.03696
0.02473
0.00743
-0.00892
-0.02325
-0.0366
-0.04591
-0.05268
-0.06454
-0.08384
-0.10271
-0.11444
-0.12702
-0.14998
-0.17636
-0.20041
-0.22985
-0.26419
-0.29155
-0.31088
-0.33111
-0.35381
-0.37418
-0.3891
-0.39616
-0.39499
-0.39001
-0.38496
-0.37848
-0.36982
-0.36168
-0.35001
-0.32309
-0.28164
-0.24301
-0.21714
-0.19876
-0.18202
-0.16512
-0.14659
-0.12744
-0.11172
-0.10264
-0.0992
-0.09698
-0.09408
-0.0941
-0.10122
-0.11548
-0.13262
-0.14714
-0.1554
-0.15547
-0.14789
-0.13578
-0.12027
-0.10193
-0.08537
-0.0739
-0.06578
-0.05824
-0.04935
-0.03994
-0.03391
-0.03122
-0.02651
-0.01795
-0.00781
0.00389
0.01536
0.01948
0.01419
0.00701
0.00351
0.00167
-0.00132
-0.00542
-0.0094
-0.01149
-0.01127
-0.01005
-0.0075
-0.0019
0.00649
0.01505
0.02027
0.0203
0.01995
0.02873
0.0477
0.06687
0.07972
0.08889
0.09992
0.11605
0.13387
0.1469
0.15522
0.16163
0.16483
0.16443
0.16251
0.15978
0.15397
0.13903
0.11301
0.08549
0.06639
0.05367
0.0397
0.02272
0.00622
-0.00747
-0.01736
-0.02199
-0.02167
-0.01987
-0.01862
-0.01392
-0.00133
0.0168
0.03476
0.04988
0.06293
0.0748
0.08553
0.09594
0.10514
0.11063
0.1153
0.12388
0.13296
0.13491
0.12898
0.12205
0.11819
0.11425
0.10882
0.10318
0.09293
0.07631
0.06366
0.06269
0.06656
0.06587
0.06161
0.05939
0.05903
0.0607
0.07009
0.08513
0.09445
0.09668
0.10219
0.11499
0.12946
0.14024
0.14404
0.1406
0.13669
0.13925
0.14479
0.14442
0.1373
0.13012
0.12569
0.12149
0.11522
0.10564
0.09409
0.08719
0.08944
0.09461
0.09336
0.08575
0.07874
0.07514
0.07268
0.0701
0.06598
0.05626
0.0404
0.02533
0.01708
0.01321
0.00823
0.00003
-0.01167
-0.02566
-0.03849
-0.04826
-0.05658
-0.06697
-0.08114
-0.09551
-0.10601
-0.11379
-0.12248
-0.13434
-0.14776
-0.15707
-0.16027
-0.16224
-0.16679
-0.1734
-0.17998
-0.18308
-0.18027
-0.17321
-0.16627
-0.16312
-0.16203
-0.15689
-0.14608
-0.13459
-0.12697
-0.12368
-0.12314
-0.12397
-0.12453
-0.12335
-0.1228
-0.12575
-0.12973
-0.13248
-0.13568
-0.13902
-0.14162
-0.14527
-0.14908
-0.14966
-0.14725
-0.14345
-0.13784
-0.13134
-0.12555
-0.119
-0.11046
-0.10103
-0.09179
-0.08419
-0.07849
-0.07169
-0.06262
-0.05498
-0.05233
-0.05455
-0.05933
-0.06458
-0.06955
-0.07374
-0.07555
-0.0737
-0.06962
-0.06711
-0.06791
-0.06922
-0.06762
-0.06112
-0.04834
-0.03048
-0.01196
0.00215
0.01024
0.01701
0.02791
0.04342
0.06094
0.07542
0.08274
0.08604
0.0918
0.10267
0.11547
0.12184
0.11569
0.10083
0.08594
0.07555
0.06593
0.04834
0.02205
-0.00293
-0.02021
-0.03077
-0.03719
-0.04566
-0.06176
-0.07914
-0.08556
-0.07951
-0.07092
-0.06724
-0.0661
-0.06028
-0.04466
-0.02001
0.00539
0.02122
0.02722
0.03382
0.0486
0.07058
0.09374
0.10972
0.11495
0.11666
0.12433
0.13835
0.15114
0.15492
0.14877
0.13907
0.13221
0.13024
0.1307
0.12783
0.11831
0.10437
0.09057
0.08062
0.07428
0.06756
0.05895
0.05128
0.04601
0.04155
0.03675
0.0311
0.02335
0.01326
0.00327
-0.0029
-0.00475
-0.00718
-0.01523
-0.02787
-0.03862
-0.04339
-0.04694
-0.05576
-0.06794
-0.07911
-0.08938
-0.09831
-0.1049
-0.1117
-0.12011
-0.12796
-0.13399
-0.1399
-0.14815
-0.15724
-0.16347
-0.1679
-0.17332
-0.17843
-0.18129
-0.18257
-0.18362
-0.18423
-0.1835
-0.18299
-0.18447
-0.18563
-0.18463
-0.18378
-0.18521
-0.18814
-0.19037
-0.19056
-0.19137
-0.19542
-0.19803
-0.19365
-0.18491
-0.17682
-0.17016
-0.16269
-0.15073
-0.13351
-0.11609
-0.10339
-0.094
-0.08216
-0.06609
-0.05202
-0.04591
-0.04547
-0.04524
-0.04426
-0.04518
-0.04866
-0.0519
-0.05325
-0.05367
-0.0534
-0.05258
-0.05227
-0.05262
-0.05374
-0.05703
-0.0619
-0.06447
-0.06326
-0.06171
-0.06146
-0.0598
-0.05501
-0.04705
-0.03704
-0.02824
-0.02155
-0.01453
-0.00693
-0.00001
0.00792
0.01851
0.02936
0.03792
0.04513
0.05231
0.05899
0.06504
0.07178
0.08005
0.0878
0.09172
0.09242
0.09458
0.10161
0.11183
0.11966
0.12312
0.12645
0.13243
0.13903
0.14432
0.14897
0.15476
0.16184
0.16763
0.17052
0.17336
0.17842
0.18256
0.18321
0.18306
0.184
0.18389
0.1817
0.17909
0.17655
0.17298
0.16761
0.15925
0.14794
0.13713
0.12908
0.12209
0.11514
0.10921
0.10454
0.10135
0.10096
0.10348
0.10635
0.10768
0.10951
0.11411
0.12006
0.12562
0.13144
0.13727
0.14126
0.14261
0.14232
0.14114
0.13782
0.13058
0.11962
0.10551
0.08841
0.07067
0.05463
0.03882
0.02212
0.00742
-0.00377
-0.01387
-0.0243
-0.03391
-0.04171
-0.04761
-0.05216
-0.05654
-0.06101
-0.06425
-0.0651
-0.06388
-0.06067
-0.05421
-0.04478
-0.03425
-0.02104
-0.00196
0.02004
0.03764
0.04759
0.05267
0.05769
0.0642
0.06963
0.07181
0.07095
0.06765
0.06229
0.05543
0.04752
0.03925
0.03128
0.02364
0.01687
0.01247
0.01005
0.0077
0.00573
0.00581
0.00835
0.01269
0.01733
0.02135
0.02519
0.02908
0.03361
0.03974
0.04676
0.05364
0.05996
0.06408
0.06612
0.06873
0.07186
0.07343
0.07355
0.07349
0.07412
0.07562
0.07698
0.07755
0.07758
0.077
0.07567
0.07466
0.07588
0.07969
0.0836
0.08604
0.08868
0.09258
0.09669
0.1006
0.1041
0.10612
0.10589
0.1033
0.09966
0.097
0.09436
0.08869
0.08071
0.07416
0.06939
0.06375
0.05683
0.04904
0.03865
0.02647
0.0165
0.0095
0.00262
-0.00545
-0.01311
-0.01858
-0.02232
-0.0251
-0.02671
-0.02854
-0.03201
-0.03509
-0.03576
-0.03585
-0.03755
-0.04036
-0.04261
-0.0437
-0.04447
-0.04566
-0.04644
-0.04654
-0.04719
-0.04884
-0.05095
-0.05292
-0.05406
-0.05547
-0.05911
-0.06438
-0.06932
-0.07325
-0.077
-0.08178
-0.08693
-0.09157
-0.0972
-0.10414
-0.10948
-0.11168
-0.11286
-0.11515
-0.11745
-0.11777
-0.11674
-0.11543
-0.113
-0.10877
-0.10322
-0.09616
-0.08691
-0.0773
-0.07027
-0.06494
-0.05832
-0.05071
-0.04361
-0.03682
-0.03096
-0.02717
-0.02385
-0.01868
-0.01245
-0.00804
-0.00675
-0.00807
-0.01151
-0.01591
-0.02036
-0.02567
-0.032
-0.03769
-0.04245
-0.04793
-0.05383
-0.05841
-0.06319
-0.07069
-0.08
-0.08916
-0.09807
-0.10719
-0.11544
-0.12073
-0.12404
-0.12851
-0.13355
-0.13736
-0.14184
-0.14742
-0.15056
-0.15071
-0.15116
-0.15397
-0.1581
-0.16053
-0.15958
-0.15656
-0.15276
-0.14883
-0.14528
-0.14111
-0.13552
-0.12877
-0.12003
-0.10913
-0.0984
-0.08948
-0.08166
-0.07344
-0.06416
-0.05485
-0.04683
-0.03986
-0.03337
-0.02777
-0.02332
-0.01948
-0.01587
-0.01262
-0.01034
-0.00931
-0.00886
-0.00906
-0.01088
-0.01324
-0.01372
-0.01246
-0.0115
-0.01101
-0.009
-0.00504
-0.00127
0.00141
0.0045
0.00848
0.01187
0.01407
0.0162
0.01883
0.0213
0.02351
0.02588
0.0279
0.0292
0.03054
0.03248
0.03519
0.03848
0.04021
0.03871
0.03591
0.03394
0.03235
0.03015
0.02697
0.02321
0.01982
0.01699
0.01424
0.01174
0.00971
0.0081
0.00776
0.00933
0.01216
0.0158
0.02012
0.02499
0.03113
0.0383
0.04404
0.04727
0.04995
0.05377
0.05829
0.06266
0.06625
0.06747
0.06517
0.06068
0.05581
0.05026
0.04294
0.03352
0.02277
0.01239
0.0032
-0.0049
-0.01162
-0.01731
-0.02268
-0.02702
-0.0297
-0.03228
-0.03588
-0.0389
-0.03934
-0.03673
-0.03204
-0.02751
-0.02551
-0.02603
-0.0256
-0.02074
-0.01291
-0.00687
-0.00511
-0.00626
-0.00656
-0.00335
0.00149
0.00451
0.00522
0.00445
0.00276
0.00179
0.00261
0.00322
0.00211
0.00163
0.00353
0.00544
0.00646
0.00976
0.01634
0.02312
0.02772
0.03028
0.03255
0.03669
0.04264
0.04842
0.05361
0.05845
0.06187
0.06401
0.06615
0.0676
0.06759
0.06771
0.06863
0.06798
0.06402
0.05896
0.05566
0.05374
0.05144
0.0478
0.04238
0.03606
0.03113
0.02857
0.02656
0.02224
0.01516
0.00861
0.00548
0.00502
0.005
0.00435
0.00348
0.00351
0.00515
0.00786
0.01028
0.01136
0.01201
0.01471
0.01981
0.02438
0.02693
0.02973
0.03384
0.03737
0.03979
0.04211
0.04412
0.04509
0.04481
0.04389
0.04381
0.04499
0.04613
0.04656
0.04747
0.0503
0.0548
0.05924
0.06281
0.066
0.06852
0.07
0.07141
0.07381
0.07702
0.07959
0.08008
0.07908
0.07811
0.07726
0.07549
0.07216
0.0673
0.0612
0.05386
0.04508
0.03512
0.02457
0.0137
0.00262
-0.0082
-0.01809
-0.0271
-0.03599
-0.04473
-0.05209
-0.05698
-0.05986
-0.06265
-0.06642
-0.06969
-0.07061
-0.06895
-0.06543
-0.06105
-0.05644
-0.05157
-0.04627
-0.04011
-0.03274
-0.02483
-0.01704
-0.00944
-0.00269
0.00215
0.00483
0.00611
0.00678
0.00633
0.00343
-0.00152
-0.00681
-0.01186
-0.01713
-0.02285
-0.02867
-0.03368
-0.03825
-0.04405
-0.05073
-0.05607
-0.05937
-0.06165
-0.06374
-0.06557
-0.06679
-0.06715
-0.06625
-0.06438
-0.06238
-0.06002
-0.05758
-0.05656
-0.05633
-0.05456
-0.05113
-0.04758
-0.04469
-0.04244
-0.04027
-0.03762
-0.0342
-0.02983
-0.02489
-0.02028
-0.01694
-0.01525
-0.01437
-0.01319
-0.01139
-0.00934
-0.00748
-0.00551
-0.00333
-0.00118
0.00126
0.00362
0.0048
0.00496
0.00473
0.00471
0.00556
0.00672
0.0071
0.0066
0.0059
0.00598
0.00692
0.00804
0.00965
0.01152
0.01221
0.01212
0.01319
0.01545
0.01708
0.0167
0.01485
0.01337
0.01295
0.01238
0.01112
0.01058
0.01222
0.01572
0.01956
0.02333
0.02816
0.03397
0.03888
0.04262
0.0465
0.05037
0.05358
0.0564
0.0591
0.06163
0.06336
0.06364
0.06328
0.06316
0.0628
0.06193
0.06089
0.05888
0.05445
0.04788
0.04125
0.03559
0.03021
0.02456
0.01898
0.01425
0.01063
0.00747
0.0046
0.00268
0.00139
-0.00036
-0.00254
-0.00423
-0.00542
-0.00679
-0.00805
-0.00833
-0.00838
-0.00988
-0.01282
-0.01541
-0.01645
-0.01609
-0.01497
-0.01371
-0.01249
-0.01099
-0.00827
-0.00321
0.00345
0.0099
0.01669
0.02489
0.03298
0.03988
0.04697
0.05482
0.06212
0.06822
0.07337
0.07675
0.07728
0.07638
0.0767
0.07785
0.07747
0.07551
0.07358
0.07192
0.06992
0.0679
0.06643
0.06518
0.06331
0.06037
0.05692
0.05404
0.05261
0.05284
0.05341
0.0522
0.04902
0.04622
0.04558
0.04617
0.04628
0.04594
0.04592
0.04599
0.04567
0.04518
0.04534
0.04673
0.04868
0.04986
0.0498
0.0488
0.04763
0.04739
0.04857
0.05016
0.05066
0.05013
0.04957
0.04966
0.05114
0.05389
0.0561
0.05642
0.05536
0.05375
0.0516
0.04896
0.04617
0.04288
0.0387
0.03433
0.02997
0.02478
0.01938
0.01528
0.01159
0.00687
0.00213
-0.00118
-0.00352
-0.00597
-0.00813
-0.00877
-0.008
-0.00716
-0.00618
-0.00416
-0.00167
0.00051
0.00289
0.00533
0.00686
0.00737
0.0072
0.00663
0.00638
0.00697
0.00795
0.00806
0.00596
0.00186
-0.00211
-0.00496
-0.00834
-0.01379
-0.02091
-0.02899
-0.03754
-0.0451
-0.05046
-0.05451
-0.05872
-0.06297
-0.06641
-0.06933
-0.07228
-0.07461
-0.07608
-0.07774
-0.07968
-0.08113
-0.08229
-0.0832
-0.08339
-0.08312
-0.08279
-0.0825
-0.08247
-0.08265
-0.08271
-0.08271
-0.08245
-0.0813
-0.07924
-0.07733
-0.07668
-0.07702
-0.07694
-0.07571
-0.07353
-0.07078
-0.06868
-0.06843
-0.06878
-0.06804
-0.06661
-0.06488
-0.06241
-0.06011
-0.05963
-0.06093
-0.06207
-0.06199
-0.06153
-0.06148
-0.06223
-0.06413
-0.06665
-0.06862
-0.06984
-0.07141
-0.0741
-0.07736
-0.08045
-0.08322
-0.08526
-0.08618
-0.0866
-0.08679
-0.08621
-0.08515
-0.08397
-0.08192
-0.07875
-0.07538
-0.07274
-0.07081
-0.06866
-0.06604
-0.06364
-0.06139
-0.05867
-0.05555
-0.0527
-0.05085
-0.05005
-0.0495
-0.04849
-0.0469
-0.04496
-0.04313
-0.04158
-0.03939
-0.03525
-0.02948
-0.02409
-0.02044
-0.01771
-0.01463
-0.01142
-0.00895
-0.007
-0.00476
-0.00234
-0.00029
0.00179
0.00486
0.00896
0.01334
0.0174
0.02073
0.02322
0.02546
0.02823
0.03161
0.03505
0.03821
0.04144
0.04501
0.0489
0.05315
0.05734
0.06067
0.06361
0.06749
0.07232
0.07674
0.08005
0.08312
0.08674
0.09058
0.09398
0.09676
0.09921
0.10151
0.10353
0.10507
0.10591
0.10591
0.10475
0.10234
0.09959
0.09704
0.09385
0.08987
0.08586
0.08175
0.07768
0.07407
0.07055
0.06694
0.06349
0.05998
0.05597
0.05197
0.04907
0.04737
0.04571
0.04338
0.04072
0.03787
0.0347
0.03186
0.0299
0.02808
0.02554
0.02222
0.01873
0.01581
0.01344
0.01147
0.01008
0.00867
0.0069
0.00565
0.00488
0.00368
0.00261
0.00266
0.00324
0.00353
0.00385
0.00464
0.00541
0.0055
0.00508
0.00455
0.00336
0.00146
0.00009
-0.00057
-0.00182
-0.0037
-0.005
-0.00551
-0.00588
-0.00644
-0.00732
-0.00822
-0.00892
-0.00985
-0.01137
-0.01332
-0.01589
-0.01937
-0.02339
-0.02692
-0.02949
-0.03228
-0.03639
-0.04084
-0.04412
-0.04614
-0.04779
-0.04973
-0.0519
-0.05424
-0.05656
-0.05793
-0.05811
-0.05836
-0.05999
-0.06254
-0.06425
-0.06485
-0.06566
-0.06706
-0.06865
-0.07025
-0.07144
-0.0721
-0.07281
-0.07377
-0.07486
-0.07628
-0.07755
-0.0778
-0.07732
-0.07743
-0.07859
-0.07991
-0.08083
-0.08176
-0.08298
-0.08475
-0.08752
-0.09083
-0.09342
-0.09522
-0.09733
-0.10002
-0.1028
-0.10525
-0.1069
-0.10803
-0.10961
-0.1117
-0.11376
-0.11568
-0.11711
-0.1177
-0.11779
-0.11781
-0.11745
-0.1159
-0.11306
-0.11003
-0.10766
-0.10546
-0.10262
-0.09914
-0.09543
-0.09194
-0.08893
-0.08603
-0.08254
-0.07853
-0.07461
-0.07137
-0.06956
-0.06915
-0.06884
-0.06737
-0.06507
-0.06362
-0.06383
-0.06449
-0.06421
-0.06279
-0.0611
-0.06058
-0.06125
-0.06139
-0.06026
-0.05885
-0.05767
-0.05616
-0.05384
-0.05062
-0.04705
-0.04395
-0.0414
-0.03896
-0.03677
-0.03506
-0.03293
-0.02993
-0.02697
-0.02403
-0.01983
-0.01397
-0.00752
-0.00156
0.00411
0.01033
0.01715
0.02407
0.03069
0.03665
0.04233
0.04896
0.05653
0.06342
0.06924
0.07508
0.08103
0.08639
0.09136
0.0961
0.1
0.10283
0.10516
0.10768
0.11012
0.1115
0.11189
0.11233
0.11307
0.11357
0.11277
0.11
0.10679
0.1052
0.10452
0.10304
0.10108
0.09976
0.09922
0.09912
0.09896
0.09847
0.0985
0.09978
0.10106
0.10082
0.10014
0.10112
0.10344
0.10561
0.10801
0.11129
0.11414
0.1158
0.11756
0.12029
0.12319
0.12563
0.12818
0.13137
0.13457
0.13719
0.13979
0.14304
0.14683
0.15066
0.15395
0.15652
0.159
0.16191
0.16475
0.16666
0.16743
0.1674
0.16695
0.16617
0.16474
0.16227
0.15884
0.15505
0.15131
0.14739
0.14286
0.13756
0.1315
0.12508
0.11854
0.11125
0.1029
0.09435
0.08627
0.07848
0.07081
0.06317
0.05552
0.04806
0.04111
0.03478
0.02874
0.02236
0.01577
0.00959
0.00375
-0.00228
-0.00857
-0.01478
-0.02048
-0.02557
-0.0301
-0.03401
-0.03736
-0.04021
-0.04203
-0.04239
-0.04188
-0.04119
-0.03984
-0.03723
-0.03393
-0.03054
-0.02677
-0.0226
-0.0185
-0.01429
-0.0095
-0.0048
-0.00132
0.00128
0.00435
0.00796
0.01101
0.01271
0.01323
0.0135
0.01399
0.01416
0.01336
0.01138
0.00825
0.00413
-0.00057
-0.00504
-0.00908
-0.01332
-0.01765
-0.02134
-0.02434
-0.02692
-0.02917
-0.03128
-0.0334
-0.03529
-0.0369
-0.03841
-0.03983
-0.04108
-0.04237
-0.04402
-0.04607
-0.04816
-0.05019
-0.05257
-0.05553
-0.05874
-0.06185
-0.06516
-0.06912
-0.07345
-0.07747
-0.08098
-0.08465
-0.08876
-0.09243
-0.09479
-0.0958
-0.0963
-0.09708
-0.09715
-0.09547
-0.09333
-0.09158
-0.08883
-0.08488
-0.08093
-0.07699
-0.0728
-0.06871
-0.0649
-0.0614
-0.05809
-0.05482
-0.05184
-0.04963
-0.04856
-0.04853
-0.0488
-0.04886
-0.04931
-0.05059
-0.05222
-0.05373
-0.05475
-0.05508
-0.05535
-0.05569
-0.05526
-0.05373
-0.05157
-0.04909
-0.04624
-0.04261
-0.03826
-0.03409
-0.03028
-0.02608
-0.02155
-0.01756
-0.01454
-0.0123
-0.01026
-0.0083
-0.00681
-0.00565
-0.00437
-0.00308
-0.00182
-0.00046
0.00074
0.00176
0.00289
0.00398
0.00476
0.00546
0.00637
0.00762
0.0093
0.0112
0.01315
0.01564
0.01907
0.02257
0.02521
0.02731
0.02985
0.03317
0.03651
0.03896
0.04068
0.04216
0.04363
0.04529
0.04708
0.04859
0.04967
0.04986
0.04893
0.04807
0.04825
0.04865
0.04856
0.0486
0.04888
0.04872
0.04811
0.04778
0.04783
0.04761
0.04717
0.04727
0.04756
0.04739
0.04744
0.04819
0.04884
0.04883
0.0488
0.04891
0.04844
0.04753
0.04688
0.04627
0.04509
0.0433
0.0413
0.0393
0.03697
0.03431
0.03175
0.02893
0.02523
0.02133
0.01802
0.01475
0.01122
0.00811
0.00522
0.00182
-0.00166
-0.00478
-0.00804
-0.01136
-0.01447
-0.0179
-0.02149
-0.02426
-0.02636
-0.02851
-0.03044
-0.03168
-0.03239
-0.03285
-0.03328
-0.03364
-0.03366
-0.03343
-0.03342
-0.03342
-0.03273
-0.0316
-0.03022
-0.028
-0.02538
-0.02353
-0.02223
-0.02081
-0.01916
-0.01731
-0.01553
-0.01423
-0.01343
-0.01308
-0.01282
-0.01202
-0.01096
-0.01031
-0.00995
-0.00983
-0.01037
-0.01124
-0.01162
-0.01162
-0.012
-0.0128
-0.01333
-0.0133
-0.01265
-0.01138
-0.01008
-0.00875
-0.00656
-0.00392
-0.00197
-0.00054
0.00146
0.0043
0.00701
0.00898
0.01049
0.01148
0.01183
0.01205
0.01228
0.01225
0.01178
0.01073
0.00926
0.00768
0.00598
0.00406
0.00219
0.00056
-0.00088
-0.00218
-0.00343
-0.00478
-0.00592
-0.00656
-0.0072
-0.00813
-0.0086
-0.00853
-0.00878
-0.00921
-0.0091
-0.0092
-0.01035
-0.01184
-0.01277
-0.01328
-0.01388
-0.01461
-0.01564
-0.01725
-0.01886
-0.01951
-0.01944
-0.01992
-0.02133
-0.02273
-0.02334
-0.02308
-0.02227
-0.02167
-0.02181
-0.022
-0.02153
-0.02068
-0.01991
-0.01942
-0.01931
-0.01948
-0.01986
-0.02051
-0.02127
-0.0221
-0.02322
-0.0244
-0.02516
-0.02597
-0.02757
-0.02975
-0.03211
-0.03487
-0.03783
-0.04069
-0.044
-0.04772
-0.05078
-0.05304
-0.05516
-0.05745
-0.05945
-0.06043
-0.06049
-0.06048
-0.06065
-0.06082
-0.06083
-0.06021
-0.05889
-0.05744
-0.05582
-0.05383
-0.05179
-0.04947
-0.04665
-0.04414
-0.04252
-0.04132
-0.04002
-0.03851
-0.03703
-0.03574
-0.03442
-0.03302
-0.03166
-0.02974
-0.027
-0.02448
-0.02233
-0.01954
-0.01637
-0.01344
-0.01034
-0.0069
-0.00342
0.00005
0.00374
0.00783
0.01172
0.01442
0.01619
0.01795
0.01968
0.02107
0.02214
0.02294
0.02345
0.02346
0.02282
0.02213
0.02162
0.02036
0.01798
0.01537
0.01337
0.01216
0.01114
0.00995
0.00918
0.00928
0.00987
0.01064
0.01131
0.01162
0.01203
0.01301
0.01422
0.01536
0.01635
0.01723
0.01855
0.02083
0.02346
0.02553
0.02733
0.02951
0.0318
0.03388
0.03574
0.03705
0.03795
0.03907
0.04024
0.04108
0.04168
0.04188
0.04165
0.04167
0.0423
0.04279
0.04226
0.04103
0.04013
0.03982
0.03931
0.03799
0.03617
0.03457
0.03338
0.03228
0.03116
0.03012
0.02876
0.02699
0.02579
0.02557
0.02536
0.02441
0.02318
0.02232
0.0215
0.02019
0.01875
0.01786
0.01758
0.01767
0.01799
0.01833
0.01832
0.01797
0.01771
0.01766
0.01769
0.01785
0.01795
0.01769
0.01741
0.01784
0.01868
0.01898
0.01851
0.01759
0.01658
0.01553
0.01398
0.01191
0.00961
0.00707
0.00471
0.00313
0.00184
0.00013
-0.00193
-0.00415
-0.00644
-0.0086
-0.01072
-0.01301
-0.01535
-0.01769
-0.02009
-0.02224
-0.02389
-0.0252
-0.02636
-0.02757
-0.02873
-0.02926
-0.02916
-0.02922
-0.02966
-0.02977
-0.02933
-0.02908
-0.0293
-0.0291
-0.02818
-0.02726
-0.02658
-0.02578
-0.02462
-0.02329
-0.0222
-0.02113
-0.01962
-0.01796
-0.01667
-0.01572
-0.01447
-0.01231
-0.0099
-0.00831
-0.00702
-0.00519
-0.00327
-0.00144
0.00067
0.00243
0.00303
0.00276
0.0025
0.00265
0.00294
0.00306
0.00326
0.00378
0.00419
0.00416
0.00433
0.00514
0.00587
0.0061
0.0065
0.00734
0.00823
0.00931
0.01081
0.01242
0.01397
0.01563
0.01752
0.01956
0.02173
0.02401
0.02603
0.02782
0.02979
0.03156
0.03299
0.03476
0.03682
0.03873
0.04066
0.04236
0.04338
0.04413
0.04518
0.04613
0.04644
0.04633
0.04632
0.04647
0.04653
0.04648
0.04616
0.04519
0.04371
0.04206
0.04005
0.03741
0.03423
0.0308
0.02753
0.0248
0.02256
0.02031
0.01792
0.0157
0.01374
0.01164
0.0094
0.00742
0.00523
0.00245
0.00014
-0.00143
-0.00343
-0.00568
-0.00725
-0.00874
-0.01108
-0.01366
-0.01567
-0.0175
-0.01974
-0.02203
-0.024
-0.02603
-0.02828
-0.03057
-0.03295
-0.03535
-0.03773
-0.04027
-0.04281
-0.04505
-0.04696
-0.04865
-0.05052
-0.05266
-0.05472
-0.05667
-0.05829
-0.05911
-0.05949
-0.06015
-0.06101
-0.0616
-0.06192
-0.06209
-0.062
-0.06172
-0.06131
-0.06059
-0.05966
-0.05909
-0.05891
-0.05849
-0.05732
-0.05572
-0.0544
-0.05312
-0.051
-0.04818
-0.04516
-0.04154
-0.03714
-0.03278
-0.02893
-0.0249
-0.01993
-0.0142
-0.00821
-0.00223
0.00358
0.00925
0.0149
0.02057
0.02611
0.03115
0.03559
0.03975
0.04361
0.0471
0.05065
0.05425
0.05738
0.05989
0.06212
0.06435
0.06642
0.06791
0.06906
0.07031
0.07153
0.07243
0.07263
0.07207
0.07145
0.0711
0.07018
0.06797
0.06455
0.06061
0.0568
0.05275
0.04813
0.0438
0.03995
0.03576
0.03157
0.02837
0.02598
0.02353
0.02065
0.01762
0.01518
0.01338
0.01162
0.00983
0.00825
0.00686
0.00548
0.00382
0.00201
0.00076
0.0001
-0.00078
-0.00211
-0.00361
-0.00517
-0.00659
-0.0077
-0.00873
-0.01018
-0.01222
-0.01425
-0.01613
-0.01836
-0.02059
-0.02232
-0.0241
-0.02628
-0.0285
-0.03045
-0.03196
-0.03297
-0.03361
-0.03419
-0.03501
-0.03622
-0.03766
-0.03872
-0.03934
-0.04022
-0.04136
-0.04221
-0.04313
-0.04436
-0.04526
-0.04571
-0.04624
-0.04679
-0.04701
-0.04675
-0.04602
-0.04486
-0.04324
-0.04115
-0.03859
-0.03558
-0.03234
-0.02901
-0.02532
-0.02115
-0.01698
-0.01326
-0.00985
-0.00639
-0.00287
0.00011
0.00221
0.00382
0.00501
0.00553
0.00578
0.00634
0.00697
0.00727
0.00732
0.00739
0.00773
0.00825
0.00866
0.00905
0.00935
0.00897
0.00819
0.00797
0.00841
0.00908
0.01015
0.01164
0.01319
0.01452
0.01567
0.017
0.01855
0.01971
0.02031
0.02067
0.02054
0.01969
0.01857
0.01745
0.01608
0.01415
0.01178
0.00959
0.00769
0.00565
0.00367
0.00188
-0.00012
-0.00227
-0.00439
-0.00657
-0.00828
-0.00901
-0.00926
-0.00947
-0.00966
-0.00998
-0.00992
-0.00874
-0.00682
-0.00468
-0.00229
0.00029
0.00273
0.00491
0.00713
0.00968
0.0125
0.01523
0.01749
0.01952
0.02215
0.02509
0.02712
0.02803
0.02839
0.02856
0.02864
0.02871
0.02879
0.02876
0.02874
0.02891
0.029
0.0288
0.02873
0.02873
0.02793
0.02658
0.02588
0.0259
0.02605
0.02606
0.02592
0.02615
0.02717
0.02835
0.02919
0.0302
0.03169
0.03313
0.03413
0.03504
0.03643
0.03841
0.0406
0.04292
0.04559
0.04834
0.05102
0.05397
0.05716
0.06021
0.06307
0.06567
0.06794
0.07007
0.0719
0.07323
0.07433
0.07516
0.07525
0.07455
0.07312
0.07071
0.06754
0.0645
0.0617
0.05814
0.05325
0.04762
0.04215
0.03716
0.03254
0.02787
0.02305
0.01853
0.01462
0.01137
0.00879
0.00647
0.00405
0.00169
-0.00034
-0.00193
-0.00311
-0.004
-0.00502
-0.00651
-0.0079
-0.00857
-0.009
-0.00995
-0.01127
-0.01253
-0.01366
-0.01458
-0.01547
-0.0168
-0.01836
-0.01956
-0.02028
-0.0208
-0.02167
-0.02314
-0.02479
-0.02627
-0.02752
-0.02861
-0.02964
-0.0308
-0.03244
-0.03425
-0.03561
-0.0369
-0.03858
-0.04016
-0.04151
-0.04327
-0.04549
-0.0474
-0.0486
-0.04975
-0.05161
-0.0538
-0.05546
-0.05662
-0.05784
-0.05921
-0.06042
-0.06135
-0.06209
-0.0627
-0.06314
-0.06332
-0.06321
-0.06305
-0.06287
-0.06227
-0.06111
-0.05992
-0.05888
-0.05755
-0.05612
-0.05484
-0.05343
-0.05185
-0.05015
-0.04832
-0.04679
-0.04582
-0.04492
-0.04402
-0.04335
-0.04282
-0.04261
-0.04264
-0.04226
-0.0417
-0.04172
-0.0422
-0.04262
-0.04316
-0.04415
-0.04521
-0.04559
-0.04529
-0.04519
-0.04587
-0.04659
-0.04642
-0.04591
-0.04602
-0.04646
-0.04667
-0.04671
-0.04642
-0.04562
-0.04474
-0.04434
-0.04415
-0.04341
-0.04212
-0.04091
-0.03993
-0.03902
-0.03814
-0.03693
-0.03502
-0.03284
-0.03093
-0.02905
-0.02681
-0.02455
-0.02257
-0.0206
-0.0188
-0.01765
-0.01662
-0.01486
-0.0127
-0.01141
-0.01124
-0.01096
-0.00978
-0.00817
-0.00671
-0.00602
-0.00636
-0.0067
-0.0065
-0.00609
-0.00508
-0.00384
-0.00347
-0.00324
-0.00219
-0.00118
-0.00037
0.00063
0.00091
0.00054
0.00081
0.00111
0.00054
0.00012
0.00052
0.0008
0.00027
-0.00069
-0.00147
-0.00169
-0.00149
-0.00133
-0.00131
-0.00116
-0.00056
0.00026
0.00107
0.00247
0.0044
0.00593
0.00732
0.00936
0.0118
0.01416
0.01624
0.01778
0.01884
0.01985
0.02083
0.02147
0.02179
0.02194
0.02179
0.02122
0.02015
0.01856
0.01683
0.01508
0.01319
0.01134
0.00957
0.00778
0.00602
0.00437
0.00307
0.00248
0.00228
0.00181
0.00122
0.00131
0.00223
0.00328
0.00394
0.00439
0.00503
0.00597
0.00699
0.00787
0.00858
0.00905
0.00937
0.00987
0.01057
0.01125
0.01193
0.01276
0.01389
0.01538
0.01683
0.01795
0.01929
0.02104
0.02246
0.02347
0.02487
0.02646
0.02742
0.02789
0.0283
0.0286
0.02881
0.02897
0.02876
0.02824
0.02815
0.0289
0.02962
0.02935
0.0286
0.02838
0.02866
0.02893
0.02902
0.02899
0.02875
0.02823
0.02767
0.02723
0.02678
0.02616
0.02516
0.02392
0.02301
0.02248
0.02181
0.02083
0.01994
0.01966
0.02008
0.02074
0.02118
0.02137
0.02118
0.02038
0.0195
0.01918
0.01919
0.01915
0.01919
0.01937
0.01949
0.01912
0.01826
0.01743
0.01685
0.0164
0.01612
0.01567
0.01457
0.01311
0.01185
0.01085
0.0099
0.00894
0.00794
0.00671
0.0053
0.00437
0.00419
0.00433
0.00473
0.00563
0.00683
0.00827
0.01019
0.01226
0.01412
0.01601
0.01812
0.02029
0.02248
0.02451
0.02586
0.02641
0.02651
0.02634
0.02571
0.02447
0.02304
0.02183
0.02074
0.0197
0.01901
0.01868
0.01822
0.01755
0.01706
0.01671
0.01621
0.01576
0.01546
0.01505
0.01475
0.01502
0.01558
0.01599
0.01623
0.01651
0.01694
0.01732
0.0175
0.01785
0.01857
0.01922
0.01972
0.02067
0.02228
0.02364
0.02419
0.02464
0.02531
0.02552
0.02518
0.02485
0.02437
0.02342
0.02221
0.02073
0.01891
0.01701
0.01519
0.0135
0.01143
0.00841
0.00493
0.00145
-0.00236
-0.0063
-0.00996
-0.01376
-0.01792
-0.02216
-0.02614
-0.02943
-0.03206
-0.0346
-0.03699
-0.03905
-0.04069
-0.04137
-0.04106
-0.04044
-0.03927
-0.03719
-0.03494
-0.03275
-0.02972
-0.02588
-0.02242
-0.0198
-0.01765
-0.0158
-0.01435
-0.01332
-0.01276
-0.01278
-0.0135
-0.01483
-0.01631
-0.01773
-0.01943
-0.02146
-0.02336
-0.02513
-0.0272
-0.02928
-0.03064
-0.03137
-0.03213
-0.03286
-0.03329
-0.03353
-0.03326
-0.03233
-0.03136
-0.03061
-0.02972
-0.02861
-0.02746
-0.02646
-0.02563
-0.02472
-0.02367
-0.02285
-0.02219
-0.02134
-0.02024
-0.01894
-0.01781
-0.01736
-0.01744
-0.0175
-0.01726
-0.01697
-0.01727
-0.01801
-0.01827
-0.01793
-0.01791
-0.01854
-0.01903
-0.01896
-0.01914
-0.02011
-0.02115
-0.0216
-0.02184
-0.02234
-0.02295
-0.02307
-0.02232
-0.02116
-0.02009
-0.01868
-0.01658
-0.0143
-0.01221
-0.01032
-0.00862
-0.00647
-0.00366
-0.00101
0.00134
0.00391
0.00651
0.00893
0.01091
0.01209
0.01285
0.01384
0.01488
0.0154
0.01553
0.01606
0.01722
0.01826
0.01893
0.01963
0.02035
0.02111
0.02218
0.02345
0.02449
0.02526
0.02631
0.02806
0.03025
0.0324
0.03444
0.03669
0.0392
0.04155
0.04351
0.04541
0.04761
0.04987
0.05176
0.05313
0.05433
0.05577
0.05743
0.05886
0.05993
0.06096
0.06196
0.06256
0.06279
0.06277
0.06225
0.06139
0.06094
0.06097
0.06035
0.05882
0.05753
0.05673
0.05551
0.05375
0.05187
0.04975
0.04713
0.0442
0.04102
0.03742
0.03359
0.02969
0.0254
0.02099
0.01721
0.01396
0.01054
0.007
0.00376
0.00103
-0.00143
-0.00379
-0.00586
-0.00788
-0.01017
-0.01206
-0.01312
-0.01387
-0.01454
-0.01516
-0.01584
-0.01626
-0.0163
-0.01634
-0.01651
-0.0166
-0.0165
-0.01644
-0.01685
-0.01748
-0.01753
-0.01719
-0.01737
-0.01796
-0.01828
-0.0185
-0.01939
-0.02092
-0.02232
-0.0237
-0.02578
-0.02796
-0.02951
-0.03118
-0.03323
-0.03475
-0.0355
-0.03589
-0.03616
-0.03624
-0.03582
-0.03469
-0.03295
-0.03094
-0.02884
-0.02628
-0.02289
-0.01916
-0.01543
-0.01152
-0.00761
-0.00413
-0.001
0.00176
0.00389
0.00538
0.00658
0.00732
0.00746
0.00755
0.0078
0.0077
0.00718
0.00665
0.00628
0.00592
0.00514
0.00401
0.00312
0.00234
0.00112
-0.00015
-0.00099
-0.00166
-0.00243
-0.00342
-0.00482
-0.00631
-0.00742
-0.00828
-0.00906
-0.00968
-0.01019
-0.01055
-0.01065
-0.01042
-0.00986
-0.00899
-0.00785
-0.00609
-0.00351
-0.00099
0.00066
0.00208
0.00399
0.00614
0.00829
0.01057
0.01278
0.01476
0.01681
0.01919
0.02169
0.02369
0.02501
0.02623
0.02748
0.02846
0.02935
0.03015
0.03037
0.03001
0.02969
0.02947
0.02877
0.02733
0.02562
0.02401
0.02203
0.01952
0.01684
0.01394
0.01079
0.0079
0.00535
0.0026
-0.00027
-0.00282
-0.00532
-0.00802
-0.01055
-0.01307
-0.01587
-0.01847
-0.0208
-0.02331
-0.02565
-0.0274
-0.02907
-0.03099
-0.03288
-0.03476
-0.03669
-0.03842
-0.04006
-0.04192
-0.0437
-0.04492
-0.04573
-0.04651
-0.0471
-0.04707
-0.04634
-0.04547
-0.04469
-0.04366
-0.04226
-0.041
-0.04016
-0.03933
-0.03828
-0.03713
-0.03591
-0.0347
-0.03368
-0.03272
-0.03175
-0.0308
-0.03002
-0.02971
-0.0297
-0.02937
-0.02873
-0.02812
-0.02754
-0.02699
-0.02626
-0.02517
-0.02388
-0.02255
-0.02137
-0.02071
-0.02028
-0.01966
-0.0193
-0.0195
-0.01953
-0.01893
-0.01824
-0.01811
-0.01831
-0.0184
-0.0186
-0.01907
-0.01944
-0.01949
-0.01947
-0.01969
-0.02005
-0.02008
-0.01965
-0.01915
-0.01895
-0.0188
-0.0183
-0.0177
-0.01736
-0.01709
-0.01662
-0.01598
-0.01537
-0.01469
-0.01363
-0.01249
-0.01189
-0.01172
-0.01137
-0.01061
-0.00982
-0.00942
-0.00948
-0.00972
-0.00972
-0.00924
-0.0086
-0.0082
-0.00802
-0.00781
-0.00732
-0.00636
-0.0052
-0.0043
-0.00367
-0.00283
-0.00156
-0.00015
0.00114
0.00234
0.00346
0.00449
0.00555
0.0066
0.00745
0.00808
0.00866
0.00919
0.0095
0.00966
0.00991
0.01032
0.01071
0.011
0.01133
0.01161
0.0118
0.012
0.01209
0.01239
0.01331
0.01407
0.01422
0.01456
0.01548
0.01652
0.01729
0.01777
0.01835
0.01925
0.01999
0.02045
0.02098
0.02151
0.02187
0.02223
0.02255
0.02274
0.0231
0.02374
0.02407
0.02388
0.02382
0.02408
0.02406
0.02366
0.02341
0.02337
0.02308
0.02247
0.02187
0.02152
0.02121
0.02073
0.02014
0.01935
0.0183
0.01726
0.01634
0.0154
0.01439
0.01339
0.01244
0.01143
0.01022
0.00884
0.0075
0.00634
0.0052
0.00367
0.00178
0.00001
-0.00151
-0.003
-0.00455
-0.00613
-0.0077
-0.00907
-0.01021
-0.01141
-0.01246
-0.01312
-0.01371
-0.01447
-0.01524
-0.01583
-0.0161
-0.01617
-0.01622
-0.0161
-0.01578
-0.0155
-0.0152
-0.01479
-0.01434
-0.01382
-0.0133
-0.01288
-0.01253
-0.01211
-0.01164
-0.01125
-0.01087
-0.01051
-0.01024
-0.00988
-0.00937
-0.00895
-0.00874
-0.00846
-0.00782
-0.00701
-0.00654
-0.00632
-0.00588
-0.00511
-0.00432
-0.00357
-0.00257
-0.00135
-0.00039
0.00011
0.00061
0.0014
0.00225
0.00287
0.00323
0.00343
0.00364
0.00385
0.0038
0.00347
0.00309
0.00276
0.00239
0.00205
0.00186
0.00176
0.00162
0.00166
0.00207
0.00259
0.00308
0.00368
0.00442
0.00526
0.00621
0.00718
0.00801
0.00872
0.00947
0.01018
0.01078
0.01132
0.0117
0.0119
0.01213
0.01242
0.01262
0.0126
0.01238
0.01213
0.01193
0.01164
0.01127
0.01106
0.01094
0.01074
0.01063
0.01068
0.01072
0.01073
0.01086
0.0111
0.01133
0.01154
0.01179
0.01205
0.01231
0.01261
0.0129
0.01303
0.01312
0.01334
0.01345
0.01333
0.01318
0.01307
0.01283
0.01238
0.01183
0.01133
0.01083
0.01013
0.00927
0.0084
0.00761
0.00688
0.0061
0.00526
0.00451
0.0039
0.0033
0.0027
0.00216
0.00168
0.00129
0.00104
0.00086
0.0007
0.00057
0.00054
0.00059
0.00068
0.00081
0.00096
0.00113
0.00133
0.00161
0.00193
0.00227
0.00258
0.00281
0.003
0.00322
0.00346
0.00364
0.00376
0.00387
0.00395
0.00397
0.00397
0.00399
0.00399
0.00396
0.00392
0.00386
0.00376
0.00366
0.00362
0.00358
0.00349
0.00345
0.0035
0.00353
0.00353
0.0036
0.00372
0.00378
0.00381
0.00388
0.00395
0.004
0.00403
0.00406
0.0041
0.00414
0.00416
0.00418
0.00418
0.00419
0.00421
0.00421
0.00415
0.00409
0.00406
0.00402
0.00395
0.00386
0.0038
0.00376
0.0037
0.00363
0.00356
0.00349
0.0034
0.00331
0.00322
0.0031
0.00299
0.00287
0.00276
0.00263
0.0025
0.0024
0.0023
0.00219
0.00208
0.002
0.00193
0.00183
0.00175
0.0017
0.00166
0.00161
0.00158
0.00156
0.00155
0.00154
0.00153
0.00153
0.00153
0.00154
0.00154
0.00155
0.00154
0.00155
0.00155
0.00155
0.00154
0.00154
0.00153
0.00152
0.00151
0.0015
0.00148
0.00146
0.00144
0.00141
0.00138
0.00135
0.00132
0.00129
0.00125
0.00121
0.00118
0.00114
0.0011
0.00106
0.00102
0.00098
0.00093
0.00089
0.00084
0.0008
0.00075
0.0007
0.00065
0.00061
0.00056
0.00051
0.00046
0.00042
0.00037
0.00032
0.00028
0.00023
0.00019
0.00015
0.0001
0.00006
0.00002
-0.00002
-0.00006
-0.0001
-0.00014
-0.00017
-0.00021
-0.00025
-0.00028
-0.00032
-0.00036
-0.00039
-0.00042
-0.00046
-0.00049
-0.00052
-0.00056
-0.00059
-0.00062
-0.00065
-0.00068
-0.00071
-0.00074
-0.00076
-0.00079
-0.00082
-0.00085
-0.00087
-0.0009
-0.00092
-0.00095
-0.00097
-0.001
-0.00102
-0.00105
-0.00107
-0.00109
-0.00111
0.00007
