-0.0079
-0.02811
-0.03167
-0.00374
0.01431
0.00347
-0.00564
-0.00072
0.0034
0.00125
-0.00058
0.00041
0.00126
0.00085
0.00049
0.0007
0.00089
0.00082
0.00076
0.00082
0.00087
0.00087
0.00087
0.00089
0.00091
0.00093
0.00093
0.00094
0.00096
0.00098
0.00099
0.001
0.00102
0.00102
0.00103
0.00104
0.00105
0.00106
0.00108
0.00108
0.00108
0.00109
0.0011
0.00112
0.00112
0.00113
0.00114
0.00115
0.00113
0.00113
0.00115
0.00115
0.00114
0.00115
0.00118
0.00119
0.00118
0.00116
0.00116
0.00119
0.0012
0.00119
0.00118
0.0012
0.00123
0.00121
0.00116
0.00118
0.00124
0.00121
0.00114
0.00117
0.00121
0.0012
0.00119
0.00119
0.00116
0.00115
0.00118
0.00119
0.00116
0.00114
0.00115
0.00115
0.00114
0.00114
0.00114
0.0011
0.00108
0.00105
0.00107
0.00115
0.00117
0.00107
0.001
0.00103
0.00106
0.00107
0.00107
0.00104
0.001
0.00098
0.00097
0.00101
0.00103
0.00096
0.0009
0.00093
0.00096
0.00094
0.00088
0.00086
0.00089
0.0009
0.00084
0.00075
0.00075
0.00086
0.00094
0.00087
0.00074
0.00071
0.00074
0.00074
0.00076
0.00075
0.00066
0.00065
0.00076
0.00078
0.00069
0.00071
0.00078
0.0007
0.00056
0.00058
0.00071
0.00074
0.0006
0.00043
0.00038
0.00047
0.00056
0.00051
0.00041
0.00037
0.0004
0.00041
0.00032
0.00026
0.00029
0.00027
0.0002
0.00026
0.00032
0.00017
0.00007
0.00024
0.00037
0.00016
-0.00007
0.00003
0.00018
0.00019
0.00023
0.00018
-0.00006
-0.00008
0.0002
0.00033
0.00021
0.00004
0
0.00008
0.00012
0.00006
-0.00004
-0.00011
-0.00009
-0.00001
-0.00009
-0.00026
-0.00017
0
-0.00019
-0.00047
-0.00042
-0.00023
-0.00027
-0.00041
-0.00038
-0.00035
-0.00047
-0.00056
-0.00053
-0.00045
-0.0004
-0.00039
-0.00039
-0.00038
-0.00049
-0.00056
-0.00046
-0.00043
-0.00049
-0.0005
-0.00053
-0.0006
-0.00055
-0.00045
-0.00055
-0.00076
-0.00075
-0.00062
-0.00064
-0.00079
-0.0009
-0.0009
-0.00074
-0.0005
-0.0005
-0.00083
-0.00102
-0.00085
-0.00078
-0.00097
-0.00102
-0.00078
-0.00054
-0.00057
-0.00088
-0.00115
-0.0011
-0.00089
-0.00092
-0.00106
-0.00089
-0.00064
-0.00084
-0.00117
-0.00099
-0.00059
-0.00069
-0.00117
-0.00132
-0.00115
-0.00112
-0.00114
-0.00102
-0.00106
-0.00124
-0.00119
-0.00114
-0.00132
-0.00141
-0.00125
-0.00118
-0.00119
-0.00108
-0.001
-0.00109
-0.00125
-0.00133
-0.00121
-0.00106
-0.00107
-0.00126
-0.0013
-0.00108
-0.00106
-0.00124
-0.00111
-0.00091
-0.00103
-0.00114
-0.00107
-0.00111
-0.00119
-0.00115
-0.00103
-0.00105
-0.00124
-0.00128
-0.00113
-0.00114
-0.00124
-0.00122
-0.00107
-0.00089
-0.00096
-0.00121
-0.00112
-0.00077
-0.00077
-0.00104
-0.00106
-0.00074
-0.0005
-0.00068
-0.00103
-0.00118
-0.00111
-0.0009
-0.00074
-0.0008
-0.00083
-0.00064
-0.00062
-0.00091
-0.00104
-0.00089
-0.00081
-0.00093
-0.00104
-0.00083
-0.00043
-0.00039
-0.00081
-0.00133
-0.00157
-0.00145
-0.00125
-0.00123
-0.00104
-0.00069
-0.00059
-0.00063
-0.0007
-0.00093
-0.00108
-0.00102
-0.00096
-0.00091
-0.0007
-0.00035
-0.00028
-0.00047
-0.00035
-0.0001
-0.00012
-0.00005
-0.00007
-0.00045
-0.0008
-0.00138
-0.00241
-0.00267
-0.00127
0.00066
0.00103
-0.00041
-0.00186
-0.00203
-0.00103
-0.00038
-0.0018
-0.0039
-0.00391
-0.00216
-0.00068
-0.00011
-0.00045
-0.00158
-0.00221
-0.001
0.00064
0.00075
0.00065
0.00189
0.00291
0.0024
0.00103
-0.00045
-0.0013
-0.00139
-0.00166
-0.00184
-0.00054
0.00069
-0.00059
-0.00152
0.00047
0.0012
-0.00105
-0.00191
-0.00132
-0.00216
-0.00198
0.00108
0.00256
-0.00009
-0.00181
0.00066
0.00258
0.00319
0.00704
0.00893
0.00342
-0.00086
0.00073
0.00052
-0.00226
0.00056
0.0078
0.00853
0.00229
-0.00031
0.00141
0.0024
0.0043
0.00442
-0.00189
-0.00705
-0.00239
0.00566
0.00508
-0.00237
-0.00745
-0.00985
-0.00901
-0.00083
0.00626
0.00205
-0.00667
-0.01024
-0.0092
-0.00571
-0.00063
0.00244
0.00201
0.00206
0.00329
0.00168
-0.00075
0.00053
0.00205
0.00042
-0.00075
0.00048
0.00197
0.0031
0.00406
0.00325
-0.00018
-0.00328
-0.00323
-0.00294
-0.00581
-0.00987
-0.01172
-0.01041
-0.0073
-0.00365
-0.00029
-0.00036
-0.00317
-0.00297
-0.00253
-0.00851
-0.01473
-0.0122
-0.00549
-0.00327
-0.00208
0.00694
0.0172
0.01358
0.00001
-0.00815
-0.00872
-0.00502
0.0017
0.00237
-0.0093
-0.0197
-0.0146
-0.00445
-0.00414
-0.00823
-0.00907
-0.00949
-0.00752
-0.00146
-0.00224
-0.01208
-0.01701
-0.01232
-0.00121
0.01505
0.02388
0.01542
0.00664
0.01364
0.02146
0.01034
-0.0095
-0.01396
-0.00261
0.00873
0.01291
0.00572
-0.00796
-0.00955
-0.00089
-0.00359
-0.01492
-0.01374
-0.00571
-0.0139
-0.0318
-0.03581
-0.02876
-0.02628
-0.02798
-0.02916
-0.02969
-0.02532
-0.014
-0.00578
-0.0089
-0.01506
-0.01375
-0.00533
0.00874
0.02487
0.03242
0.03052
0.02874
0.0291
0.03033
0.03421
0.03799
0.03754
0.03608
0.03936
0.04396
0.04287
0.04036
0.03978
0.03243
0.0207
0.0187
0.02676
0.03302
0.02656
0.01148
0.008
0.02146
0.0367
0.04121
0.03077
0.01314
0.00093
-0.00328
0.00002
0.00815
0.01261
0.0112
0.00924
0.01325
0.02567
0.03638
0.03456
0.02168
0.00424
-0.0061
0.00011
0.01498
0.02477
0.01959
-0.00645
-0.03913
-0.05153
-0.03973
-0.02556
-0.02975
-0.05328
-0.07554
-0.07685
-0.06228
-0.05178
-0.05351
-0.0564
-0.04903
-0.0346
-0.02249
-0.02014
-0.02679
-0.02829
-0.01634
-0.00303
-0.00149
-0.0059
0.00076
0.02009
0.03147
0.02058
-0.00458
-0.02703
-0.03373
-0.02508
-0.01749
-0.02435
-0.03582
-0.03438
-0.02334
-0.017
-0.02071
-0.03393
-0.04648
-0.04415
-0.03815
-0.04998
-0.06588
-0.05395
-0.01751
0.00381
-0.0114
-0.02904
-0.00714
0.03656
0.05087
0.02007
-0.02544
-0.04623
-0.02924
0.00225
0.00942
-0.01629
-0.03475
-0.01554
0.01087
0.00664
-0.01323
-0.02386
-0.03173
-0.03375
-0.00781
0.03565
0.06743
0.09221
0.11809
0.12735
0.12672
0.14459
0.16788
0.17055
0.16927
0.17414
0.16335
0.15111
0.1688
0.18434
0.16033
0.12858
0.11733
0.10448
0.07591
0.0408
0.00406
-0.02516
-0.03103
-0.02148
-0.02766
-0.04889
-0.04404
-0.01432
-0.01906
-0.0712
-0.1107
-0.10095
-0.07126
-0.05738
-0.05125
-0.02838
0.00412
0.02113
0.01992
0.01689
0.02361
0.03403
0.02656
-0.00168
-0.01499
0.00607
0.02399
0.00854
-0.01112
-0.00577
0.00537
-0.00489
-0.03383
-0.0628
-0.08272
-0.09619
-0.1083
-0.11897
-0.10743
-0.0564
-0.00493
-0.00663
-0.04366
-0.05465
-0.02567
-0.00174
-0.01412
-0.03831
-0.04178
-0.02842
-0.01315
0.00514
0.03223
0.06165
0.07101
0.04859
0.02157
0.01938
0.02913
0.02633
0.00971
-0.00741
-0.00364
0.02905
0.06543
0.08013
0.0644
0.01536
-0.03969
-0.06195
-0.05948
-0.05889
-0.06309
-0.0731
-0.08802
-0.09237
-0.07616
-0.05007
-0.03935
-0.049
-0.05372
-0.05122
-0.05538
-0.04899
-0.02954
-0.02973
-0.04646
-0.04176
-0.00887
0.02843
0.04828
0.03507
-0.01059
-0.05761
-0.06772
-0.04383
-0.02312
-0.01887
-0.02062
-0.02863
-0.03827
-0.03586
-0.02971
-0.03846
-0.05775
-0.06974
-0.06909
-0.06491
-0.06449
-0.0647
-0.06239
-0.06091
-0.06184
-0.05936
-0.04107
-0.00486
0.02249
0.01741
-0.00694
-0.02586
-0.02387
-0.00069
0.02114
0.02504
0.0223
0.03114
0.05077
0.05558
0.03298
0.01038
0.00852
0.01084
0.00505
0.00739
0.02309
0.02897
0.02266
0.03168
0.05831
0.07831
0.08044
0.06813
0.05382
0.05537
0.07241
0.07864
0.06115
0.05378
0.08688
0.13335
0.15179
0.13179
0.09377
0.07428
0.07685
0.07487
0.07116
0.07626
0.07884
0.07937
0.08775
0.105
0.12469
0.12412
0.08641
0.03691
0.01981
0.03983
0.05085
0.02257
-0.01399
-0.02499
-0.01711
-0.00598
-0.00866
-0.03581
-0.06526
-0.08338
-0.11364
-0.15418
-0.16438
-0.136
-0.10949
-0.11019
-0.1166
-0.11159
-0.10603
-0.09897
-0.08687
-0.08595
-0.09584
-0.0974
-0.09268
-0.08245
-0.0388
0.03125
0.06436
0.03673
-0.00432
-0.01556
-0.00279
-0.00096
-0.02002
-0.02988
-0.01406
0.01465
0.0407
0.05308
0.05795
0.06634
0.06473
0.04357
0.02423
0.02515
0.03413
0.02015
-0.02275
-0.04427
-0.00777
0.04839
0.07544
0.05829
0.01015
-0.02506
-0.03322
-0.05153
-0.08438
-0.10221
-0.10586
-0.10617
-0.10349
-0.10674
-0.11207
-0.10756
-0.1137
-0.1448
-0.16374
-0.1385
-0.09213
-0.05958
-0.04425
-0.03944
-0.03969
-0.02656
-0.00366
-0.00651
-0.03093
-0.03576
-0.02116
-0.01201
-0.0069
-0.00576
-0.02282
-0.04733
-0.05083
-0.04142
-0.05115
-0.07034
-0.0731
-0.07708
-0.0975
-0.11321
-0.11813
-0.12532
-0.12998
-0.12078
-0.09901
-0.07085
-0.04042
-0.0141
0.00358
0.0172
0.01548
-0.01788
-0.04018
-0.00191
0.05808
0.0825
0.08089
0.08855
0.11761
0.15907
0.19514
0.20133
0.17328
0.1512
0.16577
0.20012
0.23341
0.25487
0.24838
0.22
0.20887
0.23445
0.26923
0.28229
0.26355
0.21599
0.17248
0.17009
0.18778
0.18276
0.15364
0.10973
0.05506
0.01476
0.00346
-0.00619
-0.0378
-0.07441
-0.09906
-0.12299
-0.15513
-0.18486
-0.1965
-0.19439
-0.20112
-0.21105
-0.1966
-0.16496
-0.14009
-0.1282
-0.13451
-0.15219
-0.15634
-0.14257
-0.11999
-0.07609
-0.00951
0.03245
0.01835
-0.00559
0.00715
0.02987
0.03776
0.05669
0.08527
0.08408
0.04993
0.007
-0.03268
-0.05737
-0.05638
-0.03274
-0.00223
0.02388
0.06167
0.12306
0.18292
0.2156
0.21766
0.20688
0.21707
0.23847
0.22305
0.20015
0.24238
0.31051
0.31308
0.26191
0.22103
0.2011
0.18561
0.18086
0.20072
0.23379
0.25797
0.27003
0.26609
0.23623
0.20459
0.20881
0.23944
0.26513
0.27243
0.24851
0.21797
0.24197
0.29273
0.29991
0.30752
0.36306
0.39568
0.36529
0.34321
0.36465
0.36487
0.32968
0.32785
0.33576
0.28005
0.22148
0.22923
0.23209
0.18933
0.16612
0.14595
0.041
-0.09477
-0.13619
-0.12395
-0.16863
-0.2351
-0.25722
-0.28039
-0.32921
-0.35747
-0.3777
-0.43677
-0.50623
-0.53329
-0.53419
-0.55763
-0.60227
-0.64139
-0.68375
-0.73351
-0.7594
-0.75183
-0.7358
-0.73021
-0.72376
-0.66844
-0.54396
-0.42431
-0.38233
-0.36876
-0.29144
-0.16605
-0.08654
-0.07057
-0.03883
0.04962
0.137
0.16373
0.15635
0.17248
0.2056
0.2095
0.17793
0.14294
0.12293
0.10831
0.09193
0.08565
0.09342
0.10581
0.12425
0.13535
0.1005
0.03016
-0.00874
0.00854
0.04134
0.05771
0.06482
0.07574
0.09149
0.10447
0.09772
0.06714
0.04063
0.0407
0.05055
0.04541
0.03382
0.03692
0.03793
0.0007
-0.06104
-0.0879
-0.06054
-0.03873
-0.07938
-0.14536
-0.16594
-0.15442
-0.1694
-0.21034
-0.24087
-0.25628
-0.26747
-0.26964
-0.27374
-0.31116
-0.36553
-0.38524
-0.38305
-0.41522
-0.47544
-0.51069
-0.51246
-0.51656
-0.53966
-0.56456
-0.57021
-0.55573
-0.54843
-0.57392
-0.60689
-0.60082
-0.56762
-0.55289
-0.54765
-0.50689
-0.40513
-0.20603
0.07152
0.25409
0.23489
0.15747
0.15948
0.19214
0.18917
0.17245
0.17351
0.22387
0.4001
0.68603
0.8881
0.91018
0.89484
0.94698
1.0001
0.99267
0.95917
0.94477
0.93938
0.91489
0.88058
0.86109
0.84756
0.82082
0.78928
0.75934
0.71454
0.65098
0.58521
0.52154
0.4574
0.41042
0.39201
0.37203
0.32637
0.28697
0.27932
0.27763
0.26815
0.25573
0.20053
0.05417
-0.13431
-0.23877
-0.22111
-0.17709
-0.17858
-0.1979
-0.19854
-0.18653
-0.17875
-0.17959
-0.18161
-0.17829
-0.17521
-0.17678
-0.17644
-0.17213
-0.16906
-0.1663
-0.16087
-0.156
-0.15504
-0.15662
-0.15748
-0.15669
-0.15618
-0.15549
-0.15216
-0.14918
-0.14843
-0.14926
-0.19239
-0.32852
-0.47134
-0.48132
-0.42107
-0.43883
-0.51479
-0.56535
-0.59542
-0.63327
-0.6723
-0.70343
-0.73071
-0.75222
-0.75587
-0.74015
-0.71924
-0.69343
-0.63627
-0.53287
-0.4131
-0.31722
-0.23937
-0.14985
-0.05689
0.01922
0.09034
0.16395
0.232
0.29918
0.36278
0.40966
0.44952
0.50008
0.54947
0.57427
0.58593
0.60617
0.61559
0.59324
0.55707
0.52559
0.49893
0.4736
0.44789
0.42059
0.38068
0.31517
0.22531
0.11876
0.01603
-0.05031
-0.07977
-0.10657
-0.15028
-0.20885
-0.2785
-0.35365
-0.42986
-0.5076
-0.58552
-0.65375
-0.69889
-0.72859
-0.76692
-0.80833
-0.82267
-0.80816
-0.79178
-0.78847
-0.79206
-0.78932
-0.7566
-0.66947
-0.5452
-0.43347
-0.34916
-0.27123
-0.19526
-0.13341
-0.09029
-0.06406
-0.04477
-0.02062
0.00134
0.01398
0.03992
0.09268
0.13641
0.13608
0.11154
0.09622
0.08359
0.05444
0.01413
-0.02167
-0.04229
-0.04453
-0.04232
-0.05482
-0.07389
-0.07037
-0.04276
-0.02456
-0.02796
-0.02648
-0.00488
0.01958
0.02825
0.02981
0.05122
0.0908
0.11523
0.1229
0.14042
0.16656
0.19218
0.21459
0.21207
0.19059
0.19844
0.23199
0.23996
0.22936
0.24273
0.27649
0.30854
0.33527
0.35561
0.37068
0.38483
0.39564
0.40093
0.40952
0.43433
0.46766
0.48274
0.47529
0.47048
0.48733
0.51862
0.5346
0.51656
0.48735
0.47508
0.4661
0.43328
0.38042
0.32637
0.27741
0.23608
0.20313
0.16949
0.13246
0.09827
0.06309
0.01971
-0.02766
-0.0698
-0.10629
-0.14583
-0.18994
-0.23093
-0.26653
-0.29777
-0.32274
-0.34148
-0.3563
-0.37155
-0.39057
-0.40439
-0.40116
-0.38905
-0.38296
-0.3766
-0.35489
-0.3196
-0.28125
-0.24369
-0.21147
-0.1891
-0.16816
-0.14039
-0.11292
-0.09001
-0.06429
-0.03469
-0.00732
0.01542
0.03356
0.05138
0.07661
0.10783
0.13543
0.15672
0.17806
0.20216
0.22582
0.25142
0.28273
0.31475
0.34573
0.37662
0.39631
0.40711
0.43666
0.48574
0.52243
0.54073
0.55811
0.57256
0.57401
0.56984
0.56893
0.56356
0.54685
0.52296
0.48895
0.43927
0.37612
0.29684
0.21244
0.15922
0.14344
0.12471
0.08329
0.03802
-0.00583
-0.05526
-0.09591
-0.11827
-0.14182
-0.17955
-0.21662
-0.23852
-0.2515
-0.26558
-0.27869
-0.28734
-0.29593
-0.30874
-0.3241
-0.33847
-0.35256
-0.37041
-0.39053
-0.40674
-0.4183
-0.42645
-0.42504
-0.40756
-0.37841
-0.34309
-0.29675
-0.2399
-0.18857
-0.15284
-0.12631
-0.10214
-0.0775
-0.04807
-0.01837
0.00223
0.023
0.05656
0.089
0.10418
0.11137
0.12252
0.13412
0.14014
0.14066
0.13918
0.13817
0.13841
0.14095
0.14591
0.15491
0.17004
0.18644
0.19917
0.2093
0.21712
0.22555
0.23949
0.25401
0.26178
0.26575
0.27087
0.2733
0.27082
0.27419
0.2861
0.29165
0.28876
0.28778
0.28707
0.28456
0.28203
0.26868
0.23754
0.20615
0.19011
0.177
0.15331
0.12853
0.11244
0.09991
0.08509
0.06822
0.05132
0.03687
0.02682
0.01836
0.00724
-0.00281
-0.0064
-0.00576
-0.00537
-0.00885
-0.01824
-0.03123
-0.04353
-0.05114
-0.05495
-0.06297
-0.07832
-0.09358
-0.10462
-0.11862
-0.14152
-0.16517
-0.1785
-0.18789
-0.2077
-0.23528
-0.25542
-0.2631
-0.26727
-0.27769
-0.29467
-0.31094
-0.31976
-0.31834
-0.30895
-0.29679
-0.27941
-0.2496
-0.21469
-0.19219
-0.18208
-0.16723
-0.1464
-0.13521
-0.13133
-0.12126
-0.10898
-0.09982
-0.09072
-0.09005
-0.10508
-0.12055
-0.12322
-0.12481
-0.1366
-0.14944
-0.15626
-0.16279
-0.16959
-0.17348
-0.17979
-0.18822
-0.18684
-0.17708
-0.17264
-0.16981
-0.15507
-0.13205
-0.11367
-0.1035
-0.09844
-0.09573
-0.0896
-0.07475
-0.06043
-0.05855
-0.05858
-0.04594
-0.03051
-0.02558
-0.02235
-0.00858
0.0095
0.02018
0.02487
0.03112
0.03992
0.04879
0.05618
0.06076
0.06347
0.06728
0.07245
0.07632
0.0789
0.0813
0.07855
0.06823
0.06094
0.06312
0.06455
0.05852
0.05205
0.04855
0.0423
0.03165
0.02235
0.01854
0.01717
0.01066
-0.00025
0.00429
0.03651
0.0687
0.07087
0.05773
0.05513
0.05996
0.06006
0.05683
0.05575
0.05617
0.0556
0.05441
0.05365
0.05392
0.0691
0.12441
0.20424
0.24925
0.24802
0.24865
0.27026
0.29
0.29659
0.30248
0.31662
0.32827
0.32717
0.32511
0.33472
0.34448
0.34082
0.33114
0.3254
0.32326
0.32395
0.32467
0.31764
0.29935
0.27728
0.26447
0.25947
0.24456
0.21857
0.20035
0.19354
0.18193
0.158
0.13526
0.12664
0.12348
0.11429
0.10627
0.10873
0.11599
0.11843
0.11889
0.12705
0.14071
0.15072
0.15717
0.16284
0.16616
0.16546
0.16066
0.15893
0.16645
0.16655
0.13996
0.10192
0.07636
0.0559
0.02568
-0.00457
-0.0223
-0.03659
-0.05869
-0.08284
-0.10211
-0.12234
-0.14579
-0.16246
-0.17049
-0.17874
-0.18615
-0.19021
-0.19942
-0.21159
-0.21306
-0.20877
-0.21553
-0.23124
-0.2431
-0.25047
-0.25594
-0.25791
-0.26245
-0.2758
-0.29178
-0.30472
-0.31779
-0.33235
-0.34651
-0.36176
-0.37762
-0.38823
-0.39372
-0.40107
-0.40958
-0.41104
-0.40433
-0.39497
-0.38328
-0.36625
-0.34567
-0.32419
-0.3008
-0.27365
-0.24062
-0.20319
-0.17128
-0.15122
-0.13423
-0.11142
-0.08819
-0.07245
-0.06294
-0.05552
-0.04772
-0.03778
-0.03007
-0.03181
-0.03715
-0.03324
-0.02276
-0.01694
-0.01588
-0.0162
-0.01999
-0.02516
-0.02522
-0.02019
-0.01398
-0.00728
-0.00236
-0.0029
-0.00259
0.00819
0.02251
0.02695
0.02352
0.01956
0.01439
0.00899
0.00859
0.01073
0.00554
-0.00844
-0.02012
-0.02233
-0.02048
-0.02166
-0.02505
-0.02644
-0.02422
-0.02017
-0.02039
-0.02563
-0.02137
-0.00019
0.01962
0.02384
0.0266
0.0428
0.06343
0.07651
0.08584
0.09596
0.10502
0.11511
0.12702
0.13366
0.1333
0.13452
0.14006
0.14178
0.13435
0.1183
0.09386
0.06478
0.03991
0.02425
0.01552
0.01019
0.00566
-0.00216
-0.01467
-0.02582
-0.0302
-0.03195
-0.03623
-0.03849
-0.03322
-0.0237
-0.01318
-0.00053
0.01028
0.0143
0.01547
0.0158
0.00652
-0.01544
-0.03733
-0.04863
-0.05291
-0.05694
-0.06396
-0.07418
-0.0835
-0.09181
-0.10616
-0.12763
-0.15034
-0.1721
-0.18977
-0.19572
-0.19318
-0.19795
-0.2135
-0.22302
-0.21555
-0.20291
-0.20185
-0.21309
-0.22427
-0.22454
-0.21438
-0.20555
-0.20755
-0.21123
-0.19749
-0.16779
-0.14493
-0.13597
-0.12447
-0.10404
-0.08862
-0.08778
-0.09033
-0.07752
-0.05104
-0.03311
-0.0331
-0.03645
-0.02868
-0.01464
-0.01231
-0.02667
-0.04016
-0.04106
-0.04214
-0.05581
-0.07149
-0.07613
-0.07819
-0.08893
-0.10004
-0.10169
-0.10073
-0.10304
-0.10155
-0.0955
-0.09228
-0.08574
-0.06943
-0.05958
-0.06689
-0.07079
-0.05517
-0.0372
-0.03152
-0.02303
-0.00266
0.0133
0.018
0.02148
0.02396
0.02151
0.02239
0.03194
0.03934
0.03574
0.02844
0.0234
0.01625
0.0081
0.00427
0.00091
-0.0068
-0.01539
-0.02098
-0.02548
-0.03144
-0.03658
-0.03826
-0.03874
-0.04016
-0.04087
-0.03861
-0.03355
-0.02933
-0.02884
-0.02859
-0.02312
-0.01328
-0.00494
-0.00221
-0.00353
-0.00224
0.00572
0.0154
0.02105
0.02578
0.03473
0.0457
0.05405
0.06039
0.06684
0.07111
0.07074
0.06856
0.06882
0.07142
0.0724
0.06838
0.06008
0.05108
0.04356
0.03712
0.03113
0.02542
0.0188
0.01129
0.00662
0.00655
0.00755
0.00663
0.0043
0.00303
0.00517
0.00926
0.01201
0.01375
0.0166
0.0206
0.02464
0.02765
0.02954
0.03292
0.04003
0.0489
0.05651
0.06234
0.06793
0.07583
0.08636
0.09461
0.09701
0.10012
0.11195
0.12638
0.13242
0.13432
0.14319
0.15734
0.16873
0.17578
0.17983
0.18382
0.19207
0.20217
0.20877
0.21369
0.22063
0.22842
0.23574
0.24331
0.24982
0.25436
0.25956
0.26489
0.26574
0.26262
0.25917
0.25346
0.24284
0.22955
0.21259
0.18697
0.15543
0.12718
0.10629
0.08946
0.07206
0.05339
0.03578
0.02025
0.00589
-0.00802
-0.01967
-0.02693
-0.03223
-0.03741
-0.03768
-0.02898
-0.01319
0.005
0.02039
0.03112
0.04147
0.05543
0.06992
0.07889
0.08225
0.08574
0.09354
0.10517
0.11573
0.11895
0.11514
0.10992
0.10412
0.09585
0.08657
0.07568
0.06096
0.0464
0.03702
0.03093
0.02406
0.01505
0.0042
-0.00631
-0.0122
-0.01288
-0.01509
-0.02363
-0.03274
-0.0352
-0.03328
-0.03285
-0.03493
-0.03817
-0.04144
-0.04324
-0.04556
-0.05177
-0.05942
-0.06503
-0.07019
-0.07663
-0.08373
-0.09106
-0.09781
-0.10333
-0.1097
-0.1179
-0.12406
-0.12587
-0.12655
-0.12752
-0.12598
-0.1224
-0.11883
-0.11093
-0.09492
-0.07677
-0.06264
-0.04989
-0.03466
-0.01896
-0.00646
0.0021
0.0091
0.01918
0.03263
0.04264
0.04721
0.05274
0.05989
0.06287
0.06208
0.06171
0.06105
0.05837
0.056
0.0553
0.05379
0.05098
0.04947
0.05007
0.0512
0.05101
0.04901
0.04639
0.04398
0.04244
0.04272
0.04287
0.04034
0.03663
0.03391
0.03263
0.03307
0.03294
0.02859
0.02094
0.01427
0.01071
0.00922
0.00756
0.00647
0.00948
0.01468
0.01432
0.00723
0.0013
0.00003
-0.00212
-0.00972
-0.02055
-0.02903
-0.03146
-0.02953
-0.02814
-0.02823
-0.02587
-0.02043
-0.0168
-0.01717
-0.01734
-0.01292
-0.00524
0.00103
0.00553
0.01235
0.02254
0.03272
0.04083
0.04704
0.0516
0.05627
0.0637
0.0721
0.07628
0.07669
0.07906
0.08222
0.08057
0.07661
0.07442
0.07198
0.0697
0.07028
0.07147
0.07089
0.07024
0.06996
0.06808
0.0657
0.06603
0.06808
0.06883
0.06875
0.06957
0.07021
0.06896
0.06775
0.06763
0.06498
0.05804
0.04838
0.0386
0.03243
0.02846
0.02099
0.01115
0.00521
0.00338
-0.00036
-0.00853
-0.01716
-0.02292
-0.02671
-0.03165
-0.03935
-0.04566
-0.04688
-0.0491
-0.0579
-0.06529
-0.06273
-0.05735
-0.0595
-0.06565
-0.0665
-0.06133
-0.05626
-0.05555
-0.05699
-0.05363
-0.04233
-0.02939
-0.02256
-0.01956
-0.01257
-0.00281
0.00132
0.00146
0.00841
0.0225
0.03243
0.03496
0.0391
0.04916
0.05751
0.0582
0.05647
0.05933
0.06578
0.07077
0.07221
0.0723
0.07393
0.07592
0.07482
0.07182
0.07119
0.0718
0.06763
0.0577
0.04854
0.04385
0.03877
0.02978
0.02123
0.01627
0.01218
0.00745
0.00291
-0.00145
-0.00507
-0.00746
-0.00992
-0.01281
-0.01457
-0.01502
-0.01557
-0.01628
-0.01551
-0.01249
-0.00812
-0.00521
-0.00683
-0.01127
-0.01367
-0.01437
-0.01731
-0.0223
-0.02655
-0.03021
-0.03513
-0.0412
-0.04633
-0.04951
-0.05344
-0.06075
-0.06804
-0.07097
-0.07206
-0.07614
-0.08308
-0.08946
-0.09383
-0.09791
-0.10262
-0.10724
-0.11214
-0.11727
-0.12025
-0.12053
-0.12114
-0.12408
-0.12848
-0.13287
-0.13599
-0.13772
-0.13941
-0.14127
-0.14198
-0.14217
-0.14388
-0.14599
-0.1446
-0.13984
-0.13715
-0.13839
-0.13864
-0.13498
-0.13021
-0.12631
-0.12288
-0.12121
-0.12248
-0.12382
-0.1213
-0.11623
-0.11332
-0.11288
-0.11137
-0.10812
-0.10571
-0.10627
-0.1091
-0.11096
-0.1096
-0.10632
-0.10338
-0.10022
-0.09359
-0.08274
-0.07112
-0.06045
-0.04843
-0.03424
-0.01988
-0.00676
0.00491
0.01508
0.02391
0.03257
0.04271
0.05375
0.06282
0.0682
0.07089
0.0732
0.07614
0.07747
0.07464
0.06875
0.06301
0.05954
0.05746
0.0533
0.04656
0.0421
0.04239
0.04328
0.04161
0.04065
0.04407
0.04948
0.0527
0.0538
0.05548
0.05931
0.06417
0.06761
0.06946
0.07091
0.07164
0.07147
0.07059
0.06799
0.06389
0.05993
0.05517
0.04739
0.03786
0.02891
0.01922
0.00742
-0.00435
-0.01507
-0.0254
-0.03372
-0.03884
-0.04235
-0.04551
-0.04864
-0.05246
-0.05637
-0.05756
-0.05561
-0.05419
-0.05327
-0.04776
-0.0372
-0.02638
-0.01705
-0.00725
0.00396
0.015
0.02384
0.02998
0.03465
0.03942
0.04474
0.04966
0.05326
0.05599
0.05951
0.06419
0.06744
0.06719
0.06554
0.06557
0.06688
0.06656
0.06364
0.06069
0.0607
0.06313
0.06471
0.06414
0.06408
0.06712
0.07194
0.07608
0.08048
0.08767
0.09705
0.10516
0.10985
0.1122
0.11573
0.12217
0.12769
0.12866
0.12819
0.13008
0.13236
0.13226
0.13067
0.12872
0.12477
0.11698
0.10664
0.09611
0.08568
0.07472
0.06375
0.05405
0.04625
0.03947
0.03331
0.02864
0.02441
0.01801
0.01044
0.00562
0.0044
0.00346
0.00026
-0.00389
-0.00621
-0.00699
-0.00988
-0.01625
-0.02262
-0.02654
-0.03061
-0.03718
-0.04435
-0.04993
-0.05447
-0.05942
-0.06498
-0.0698
-0.07273
-0.07468
-0.07672
-0.07814
-0.07805
-0.07631
-0.07373
-0.07232
-0.07185
-0.06902
-0.06305
-0.05692
-0.0526
-0.04912
-0.04491
-0.04065
-0.03819
-0.03739
-0.03676
-0.03594
-0.03632
-0.03956
-0.04442
-0.04698
-0.04721
-0.05028
-0.05657
-0.06049
-0.06324
-0.07117
-0.08141
-0.08667
-0.08814
-0.09034
-0.09295
-0.09527
-0.09805
-0.09936
-0.09657
-0.09068
-0.08442
-0.07894
-0.07444
-0.07005
-0.06371
-0.05551
-0.04844
-0.04355
-0.03882
-0.03337
-0.02795
-0.02315
-0.01971
-0.01679
-0.0129
-0.00979
-0.0082
-0.00519
-0.00176
-0.00102
-0.00032
0.00213
0.00191
-0.00172
-0.00367
-0.00376
-0.00635
-0.01044
-0.01229
-0.01279
-0.01362
-0.01467
-0.01835
-0.02523
-0.02941
-0.02895
-0.031
-0.03859
-0.04548
-0.04778
-0.04792
-0.0477
-0.04731
-0.04786
-0.04946
-0.0506
-0.0506
-0.0507
-0.05187
-0.053
-0.05367
-0.05572
-0.05963
-0.06324
-0.06521
-0.06693
-0.06994
-0.07316
-0.07497
-0.0761
-0.07821
-0.08197
-0.08606
-0.08755
-0.08714
-0.08905
-0.09322
-0.09582
-0.09567
-0.09433
-0.09346
-0.09354
-0.09315
-0.0914
-0.08959
-0.08839
-0.08652
-0.08357
-0.08079
-0.07833
-0.07571
-0.07408
-0.07343
-0.07165
-0.06873
-0.06649
-0.06485
-0.06246
-0.05889
-0.05469
-0.05055
-0.04682
-0.04289
-0.0378
-0.03225
-0.02754
-0.02277
-0.01689
-0.01107
-0.00578
0.00014
0.0068
0.01289
0.01769
0.02203
0.02664
0.0308
0.03409
0.03714
0.03975
0.04181
0.0447
0.04871
0.05201
0.05414
0.05652
0.05909
0.06081
0.06213
0.06372
0.06504
0.06594
0.06678
0.06726
0.06733
0.06781
0.06868
0.06884
0.06826
0.06851
0.07013
0.07155
0.07196
0.07256
0.07375
0.07463
0.07477
0.07403
0.07288
0.07243
0.07268
0.07256
0.07197
0.07185
0.07281
0.07398
0.07403
0.07355
0.07393
0.07454
0.07397
0.07231
0.07051
0.06943
0.06942
0.06936
0.06843
0.06799
0.06905
0.07035
0.07083
0.07088
0.07164
0.07373
0.07662
0.0796
0.08272
0.08637
0.09026
0.0935
0.09642
0.10056
0.10621
0.11203
0.11699
0.12089
0.12436
0.1282
0.13183
0.13398
0.13479
0.13556
0.1364
0.13584
0.13309
0.12898
0.12405
0.11754
0.10876
0.09853
0.08904
0.08196
0.07703
0.07274
0.06785
0.06268
0.05827
0.05485
0.05235
0.05038
0.04861
0.04788
0.04812
0.04817
0.04793
0.04708
0.04477
0.04084
0.03492
0.02728
0.01961
0.01269
0.00524
-0.00413
-0.01457
-0.02382
-0.03164
-0.03993
-0.04966
-0.0598
-0.06882
-0.0766
-0.08442
-0.09293
-0.10131
-0.10855
-0.11487
-0.12126
-0.12699
-0.13039
-0.13265
-0.136
-0.13961
-0.14173
-0.1428
-0.14423
-0.14669
-0.14919
-0.15072
-0.15216
-0.15359
-0.15359
-0.1524
-0.15106
-0.14937
-0.14763
-0.14645
-0.14442
-0.13977
-0.13335
-0.12647
-0.11842
-0.10875
-0.09766
-0.08511
-0.07305
-0.06344
-0.05462
-0.04528
-0.03711
-0.03082
-0.02491
-0.01915
-0.01562
-0.01445
-0.01274
-0.01037
-0.01074
-0.01415
-0.01763
-0.02008
-0.02192
-0.02287
-0.02401
-0.0269
-0.02989
-0.03064
-0.02941
-0.02737
-0.02511
-0.02271
-0.02024
-0.01822
-0.01621
-0.01282
-0.00836
-0.00435
-0.00074
0.00358
0.00832
0.01207
0.01481
0.01806
0.02226
0.02606
0.02864
0.03058
0.03243
0.03458
0.03786
0.04194
0.04545
0.04865
0.05289
0.05773
0.06133
0.06335
0.06483
0.06638
0.06812
0.06966
0.07
0.07007
0.07201
0.07463
0.0747
0.07231
0.0703
0.0699
0.06941
0.0666
0.06149
0.0563
0.05275
0.05034
0.04793
0.04525
0.04254
0.03986
0.03657
0.03236
0.02888
0.0274
0.02628
0.0239
0.02137
0.01988
0.0191
0.01855
0.01743
0.01505
0.01285
0.01268
0.01387
0.0152
0.01747
0.02136
0.02568
0.02941
0.03328
0.03821
0.04322
0.04676
0.04938
0.05262
0.05665
0.06106
0.06581
0.07042
0.07444
0.07829
0.08254
0.08683
0.08997
0.09201
0.09431
0.09675
0.09839
0.10056
0.10453
0.10869
0.11158
0.11396
0.11664
0.11938
0.12106
0.1206
0.11883
0.11766
0.11755
0.11753
0.11676
0.1155
0.11427
0.11241
0.1092
0.10549
0.10241
0.10017
0.09833
0.09619
0.09315
0.08949
0.08641
0.08439
0.0821
0.0783
0.07366
0.06947
0.0652
0.0593
0.05163
0.04349
0.03585
0.02889
0.02222
0.01541
0.00885
0.00304
-0.00285
-0.00947
-0.01569
-0.02067
-0.02458
-0.02754
-0.0304
-0.0338
-0.03629
-0.03675
-0.0363
-0.03594
-0.0358
-0.03604
-0.03573
-0.03406
-0.03248
-0.03201
-0.0316
-0.03065
-0.02947
-0.02822
-0.02739
-0.02706
-0.02651
-0.02617
-0.02718
-0.02886
-0.02951
-0.02886
-0.02808
-0.02821
-0.02874
-0.02835
-0.0272
-0.02651
-0.02652
-0.02632
-0.02535
-0.02425
-0.02353
-0.02307
-0.0226
-0.02141
-0.01927
-0.01726
-0.01632
-0.01593
-0.01493
-0.01369
-0.01369
-0.01456
-0.01519
-0.016
-0.01706
-0.01719
-0.01676
-0.01761
-0.0193
-0.01953
-0.01874
-0.01962
-0.02191
-0.02289
-0.0222
-0.02181
-0.02267
-0.02395
-0.02487
-0.02573
-0.02734
-0.03008
-0.03368
-0.03729
-0.03964
-0.04091
-0.04349
-0.04804
-0.05215
-0.05462
-0.05671
-0.0593
-0.06204
-0.06478
-0.0679
-0.07118
-0.07375
-0.0756
-0.07741
-0.07949
-0.08172
-0.08365
-0.08475
-0.08545
-0.08675
-0.08873
-0.09047
-0.09154
-0.09231
-0.09303
-0.09362
-0.09374
-0.09338
-0.09358
-0.09481
-0.09575
-0.09548
-0.09521
-0.09606
-0.09708
-0.09725
-0.09754
-0.09912
-0.10133
-0.10309
-0.1049
-0.10756
-0.11052
-0.11281
-0.11448
-0.11619
-0.11834
-0.12081
-0.12275
-0.1233
-0.12327
-0.12442
-0.12679
-0.12822
-0.12779
-0.12771
-0.12909
-0.1296
-0.128
-0.1263
-0.12587
-0.12546
-0.12369
-0.12099
-0.11835
-0.11589
-0.11279
-0.10813
-0.10214
-0.09605
-0.09018
-0.08363
-0.07638
-0.07008
-0.06517
-0.05979
-0.05329
-0.0476
-0.04352
-0.03904
-0.03228
-0.02433
-0.01846
-0.01531
-0.01174
-0.00643
-0.00126
0.00276
0.00603
0.00909
0.01247
0.01604
0.01936
0.02261
0.0261
0.02933
0.03129
0.03262
0.03505
0.03765
0.0384
0.03815
0.03846
0.03943
0.04113
0.04338
0.04531
0.04697
0.04959
0.05354
0.05821
0.06316
0.0676
0.07111
0.07473
0.0789
0.0828
0.08638
0.09029
0.09399
0.09619
0.09699
0.09819
0.10044
0.10194
0.10143
0.09943
0.09639
0.09297
0.09007
0.08666
0.0809
0.07351
0.06656
0.06033
0.05384
0.04715
0.04127
0.03708
0.03442
0.03201
0.02906
0.0265
0.02538
0.02522
0.02505
0.02529
0.02712
0.03013
0.03309
0.03613
0.03972
0.04354
0.04712
0.0495
0.04992
0.04917
0.04822
0.04649
0.04311
0.03877
0.03473
0.03086
0.02653
0.022
0.0172
0.01203
0.00769
0.00457
0.00049
-0.00537
-0.01045
-0.01366
-0.01642
-0.01911
-0.02169
-0.02494
-0.02838
-0.03076
-0.0325
-0.03501
-0.0384
-0.04192
-0.0457
-0.05004
-0.05459
-0.05924
-0.06338
-0.06674
-0.07058
-0.0748
-0.07786
-0.08057
-0.08439
-0.0884
-0.09145
-0.09346
-0.0948
-0.09636
-0.09888
-0.10213
-0.10489
-0.10594
-0.10625
-0.10748
-0.10864
-0.10838
-0.10743
-0.10645
-0.10532
-0.10418
-0.10246
-0.09951
-0.09652
-0.09425
-0.09132
-0.08683
-0.08164
-0.07661
-0.0715
-0.06524
-0.05776
-0.05078
-0.04463
-0.03787
-0.03091
-0.02505
-0.01954
-0.01344
-0.00709
-0.0011
0.00387
0.00776
0.01128
0.01483
0.01789
0.01945
0.01954
0.01979
0.02132
0.02352
0.02553
0.02715
0.02892
0.03163
0.03525
0.0383
0.04004
0.04277
0.04864
0.05548
0.06034
0.06425
0.06934
0.0751
0.08009
0.08404
0.08673
0.08813
0.08961
0.09216
0.09446
0.09478
0.09339
0.09181
0.09072
0.08929
0.08635
0.08206
0.07767
0.0737
0.06985
0.06581
0.06169
0.05821
0.05584
0.05396
0.05206
0.05076
0.05088
0.05203
0.05336
0.05488
0.05688
0.05942
0.06248
0.06561
0.06856
0.07213
0.07662
0.08106
0.08477
0.08821
0.09179
0.09527
0.09848
0.10167
0.10467
0.10744
0.11047
0.11334
0.11504
0.11622
0.11826
0.12088
0.12271
0.12321
0.12343
0.12476
0.12716
0.12898
0.12897
0.12821
0.12871
0.13037
0.13144
0.1314
0.13113
0.13127
0.13193
0.13269
0.1328
0.13213
0.1313
0.13065
0.12996
0.129
0.12791
0.12702
0.12618
0.12462
0.12251
0.1211
0.1203
0.11866
0.11562
0.11164
0.10726
0.10268
0.0975
0.09157
0.08547
0.07941
0.07336
0.06751
0.0615
0.05454
0.04705
0.04038
0.03455
0.0283
0.02166
0.01619
0.01239
0.00881
0.00465
0.00099
-0.00101
-0.00219
-0.00406
-0.00648
-0.0085
-0.00997
-0.01113
-0.01221
-0.01328
-0.01409
-0.0147
-0.01575
-0.01706
-0.01741
-0.01678
-0.01663
-0.01715
-0.01732
-0.01698
-0.01662
-0.01647
-0.01642
-0.01591
-0.01483
-0.01427
-0.01445
-0.0142
-0.01325
-0.01249
-0.01233
-0.01244
-0.01225
-0.01163
-0.01161
-0.0128
-0.01399
-0.01485
-0.01673
-0.01955
-0.02208
-0.02446
-0.02719
-0.02969
-0.0316
-0.03329
-0.03471
-0.03594
-0.03716
-0.03796
-0.03815
-0.03784
-0.03676
-0.03523
-0.03355
-0.03081
-0.0268
-0.02269
-0.01855
-0.01371
-0.00855
-0.00388
0.00032
0.00434
0.00826
0.01185
0.01485
0.01745
0.01982
0.02125
0.0212
0.01997
0.01818
0.01661
0.01513
0.01229
0.00734
0.0017
-0.00271
-0.00555
-0.0083
-0.0126
-0.01793
-0.02234
-0.02531
-0.02796
-0.03135
-0.03562
-0.03977
-0.04299
-0.04601
-0.04984
-0.05401
-0.05759
-0.06059
-0.06363
-0.06714
-0.0715
-0.07638
-0.08069
-0.08436
-0.08859
-0.09395
-0.09933
-0.1035
-0.10697
-0.11079
-0.11479
-0.11886
-0.12331
-0.12734
-0.13001
-0.13212
-0.13471
-0.13697
-0.13822
-0.13964
-0.14148
-0.14206
-0.14093
-0.13965
-0.1388
-0.13726
-0.13449
-0.13145
-0.12882
-0.12633
-0.12359
-0.12062
-0.11749
-0.11418
-0.11096
-0.10795
-0.10502
-0.10224
-0.09963
-0.09692
-0.09435
-0.09258
-0.09141
-0.09001
-0.08834
-0.08725
-0.08662
-0.08523
-0.08275
-0.08023
-0.07804
-0.07526
-0.07175
-0.06868
-0.06637
-0.06367
-0.0598
-0.05513
-0.05023
-0.04526
-0.04019
-0.03497
-0.02954
-0.02435
-0.02003
-0.01598
-0.01133
-0.00675
-0.00299
0.00051
0.00415
0.00764
0.01065
0.0129
0.01475
0.01691
0.01913
0.02064
0.02133
0.02149
0.02146
0.02163
0.02164
0.02072
0.01916
0.01816
0.01783
0.01719
0.01605
0.01493
0.0139
0.013
0.01255
0.01224
0.01143
0.01024
0.0088
0.00726
0.00634
0.00608
0.00571
0.00526
0.0051
0.00501
0.00469
0.00429
0.00438
0.00511
0.00581
0.00633
0.00704
0.0079
0.00891
0.00999
0.01085
0.01148
0.01218
0.0132
0.01463
0.01643
0.01817
0.01921
0.0196
0.0199
0.02033
0.02105
0.02215
0.02306
0.02314
0.02281
0.0229
0.02357
0.02448
0.02516
0.02527
0.02508
0.02496
0.02453
0.02331
0.02166
0.01991
0.01801
0.01634
0.01486
0.01282
0.01033
0.00811
0.00603
0.00342
-0.00021
-0.00436
-0.00799
-0.01119
-0.01485
-0.01883
-0.02213
-0.0245
-0.0265
-0.02842
-0.03035
-0.03255
-0.03465
-0.03609
-0.03759
-0.03947
-0.0405
-0.0404
-0.04019
-0.03984
-0.0385
-0.03655
-0.03507
-0.03442
-0.03451
-0.03487
-0.03498
-0.03519
-0.03607
-0.03718
-0.03771
-0.03788
-0.03857
-0.03982
-0.0408
-0.04126
-0.0418
-0.04281
-0.04385
-0.04403
-0.0433
-0.04272
-0.04241
-0.04119
-0.03884
-0.03616
-0.03359
-0.03114
-0.0287
-0.02622
-0.02382
-0.02157
-0.01963
-0.01817
-0.01709
-0.01639
-0.01616
-0.01623
-0.01676
-0.01803
-0.0198
-0.0217
-0.02343
-0.02485
-0.02628
-0.02783
-0.02911
-0.02989
-0.03027
-0.0305
-0.03071
-0.03052
-0.02957
-0.02818
-0.02672
-0.02494
-0.02262
-0.02002
-0.01727
-0.01412
-0.01039
-0.00655
-0.0032
0.00008
0.00391
0.00772
0.01084
0.01368
0.01708
0.02122
0.02538
0.02874
0.03141
0.03391
0.0363
0.03866
0.0409
0.04223
0.04294
0.04398
0.04511
0.04596
0.04666
0.04694
0.0467
0.04622
0.04578
0.04551
0.04519
0.04453
0.04346
0.04211
0.04085
0.04009
0.03977
0.0392
0.03832
0.03794
0.03811
0.03804
0.03743
0.03655
0.03569
0.03535
0.03591
0.03706
0.03852
0.04037
0.04241
0.04438
0.04653
0.04877
0.0508
0.05275
0.05492
0.0575
0.06027
0.06258
0.06454
0.06691
0.0699
0.07301
0.07561
0.0775
0.07933
0.08157
0.08341
0.08409
0.084
0.08403
0.08433
0.08434
0.08423
0.08451
0.08479
0.08436
0.08325
0.08213
0.08144
0.08079
0.07967
0.07831
0.07723
0.07662
0.07616
0.07543
0.07478
0.07481
0.0751
0.07494
0.07461
0.07458
0.07456
0.0741
0.07316
0.07216
0.07138
0.07052
0.0695
0.0687
0.06789
0.0665
0.06484
0.0632
0.06103
0.0582
0.0554
0.05294
0.0503
0.04721
0.04434
0.04193
0.03948
0.03725
0.03526
0.0327
0.02989
0.02775
0.02572
0.02311
0.02049
0.01803
0.01514
0.01199
0.00933
0.00716
0.00494
0.00252
0.0004
-0.00107
-0.00212
-0.00312
-0.00411
-0.00519
-0.00644
-0.00736
-0.00757
-0.0076
-0.00748
-0.00639
-0.00479
-0.00384
-0.00292
-0.00103
0.00096
0.00177
0.00186
0.00187
0.00146
0.001
0.00106
0.0003
-0.00159
-0.00244
-0.00247
-0.00398
-0.00643
-0.00851
-0.01064
-0.0127
-0.01439
-0.01654
-0.01914
-0.0212
-0.02245
-0.0234
-0.02448
-0.02572
-0.0269
-0.028
-0.0289
-0.02951
-0.03028
-0.0315
-0.03262
-0.03299
-0.03274
-0.03248
-0.03227
-0.03164
-0.03081
-0.03023
-0.02956
-0.02845
-0.02692
-0.02501
-0.02311
-0.02138
-0.01948
-0.017
-0.01351
-0.00927
-0.00552
-0.00266
0.00019
0.00359
0.00714
0.01055
0.01378
0.01658
0.01897
0.02123
0.02363
0.0262
0.02833
0.02972
0.03056
0.0307
0.03057
0.03113
0.0319
0.03164
0.03048
0.02946
0.02875
0.02774
0.02642
0.02512
0.02339
0.02105
0.01877
0.01691
0.01532
0.01381
0.01209
0.01014
0.00821
0.00639
0.00449
0.00224
-0.0002
-0.00244
-0.00458
-0.007
-0.00966
-0.01227
-0.01486
-0.01783
-0.02107
-0.02398
-0.02648
-0.02939
-0.03323
-0.03735
-0.04093
-0.04415
-0.04753
-0.05111
-0.05455
-0.0576
-0.0605
-0.06344
-0.06611
-0.06866
-0.07145
-0.0739
-0.07554
-0.07698
-0.07851
-0.07967
-0.08047
-0.0809
-0.0806
-0.07995
-0.07978
-0.0798
-0.07904
-0.07793
-0.07735
-0.07681
-0.07588
-0.0754
-0.07538
-0.07499
-0.07435
-0.07412
-0.07442
-0.07501
-0.07535
-0.07497
-0.07457
-0.075
-0.07556
-0.07519
-0.07423
-0.07394
-0.0743
-0.07343
-0.07074
-0.06854
-0.06789
-0.06666
-0.06372
-0.06032
-0.05741
-0.05502
-0.05237
-0.04818
-0.04297
-0.03876
-0.03559
-0.03154
-0.02629
-0.02159
-0.01792
-0.01354
-0.00788
-0.00247
0.00183
0.00551
0.00938
0.01369
0.0173
0.01936
0.02101
0.02323
0.02543
0.02689
0.02788
0.02947
0.03185
0.0338
0.03487
0.03585
0.03716
0.03831
0.03919
0.04046
0.0423
0.04394
0.04528
0.04678
0.04849
0.05051
0.05258
0.05377
0.0542
0.0548
0.05565
0.05614
0.05605
0.05575
0.05556
0.05507
0.05403
0.05265
0.05096
0.04914
0.04731
0.04516
0.04243
0.03956
0.03705
0.03486
0.03284
0.03105
0.02953
0.02845
0.02795
0.0277
0.02765
0.02805
0.02878
0.02979
0.03128
0.03312
0.03499
0.03686
0.03882
0.04066
0.04237
0.04441
0.04657
0.04808
0.04907
0.05001
0.05105
0.0521
0.05278
0.05263
0.05165
0.05025
0.04842
0.04595
0.04277
0.03857
0.03319
0.027
0.02041
0.01385
0.00799
0.00267
-0.00288
-0.00854
-0.01352
-0.01776
-0.02193
-0.02632
-0.0302
-0.03293
-0.035
-0.03716
-0.0391
-0.04029
-0.04128
-0.04262
-0.04392
-0.04518
-0.04681
-0.04858
-0.05064
-0.05369
-0.05703
-0.05975
-0.06275
-0.06676
-0.07085
-0.07433
-0.07741
-0.08043
-0.08361
-0.08672
-0.08895
-0.09003
-0.09055
-0.09093
-0.0909
-0.08972
-0.08716
-0.08402
-0.0811
-0.07793
-0.0729
-0.06544
-0.05728
-0.04993
-0.04278
-0.03502
-0.02739
-0.02071
-0.01469
-0.00858
-0.00218
0.00354
0.00768
0.01106
0.01472
0.0181
0.02024
0.0211
0.02162
0.0224
0.02248
0.02141
0.0203
0.01938
0.018
0.01645
0.01537
0.01504
0.01548
0.01615
0.01684
0.01776
0.01871
0.01952
0.02012
0.01998
0.01955
0.02019
0.02168
0.02261
0.02292
0.02344
0.02418
0.02497
0.02601
0.02689
0.02691
0.02654
0.02638
0.02594
0.02499
0.02418
0.02365
0.02315
0.02259
0.02182
0.02087
0.02002
0.01908
0.01759
0.01588
0.01461
0.01372
0.01264
0.01126
0.00998
0.00881
0.00741
0.00614
0.00516
0.00383
0.00226
0.00106
0.00005
-0.00132
-0.00304
-0.00481
-0.00645
-0.0081
-0.00987
-0.01167
-0.01342
-0.0151
-0.01673
-0.01829
-0.01953
-0.02036
-0.02085
-0.02105
-0.02139
-0.02217
-0.02261
-0.02235
-0.02215
-0.02234
-0.02238
-0.02179
-0.02039
-0.01862
-0.01759
-0.01752
-0.01747
-0.01701
-0.01676
-0.01728
-0.01807
-0.01835
-0.01854
-0.01906
-0.01916
-0.01861
-0.01818
-0.01789
-0.01725
-0.01627
-0.01501
-0.01344
-0.01202
-0.01098
-0.00949
-0.00705
-0.00438
-0.00195
0.00101
0.00483
0.00843
0.01126
0.01406
0.01687
0.01902
0.02069
0.02247
0.02409
0.02523
0.02669
0.02855
0.02912
0.02812
0.02725
0.0269
0.02626
0.02561
0.0251
0.02372
0.02172
0.02059
0.01989
0.01827
0.01625
0.01512
0.01449
0.01319
0.01162
0.01131
0.01188
0.01163
0.01079
0.01039
0.01015
0.00998
0.01018
0.00976
0.00853
0.00829
0.0097
0.01106
0.01088
0.00963
0.00888
0.00901
0.00881
0.00774
0.00642
0.00483
0.00289
0.00127
-0.00017
-0.00217
-0.0042
-0.00558
-0.00712
-0.00887
-0.00932
-0.00878
-0.00921
-0.01079
-0.01206
-0.01215
-0.01147
-0.0107
-0.00974
-0.00846
-0.00687
-0.00414
-0.00039
0.00255
0.00468
0.00744
0.01041
0.01297
0.01589
0.01889
0.02116
0.02335
0.02606
0.02887
0.03144
0.03346
0.0352
0.03739
0.03942
0.04043
0.04097
0.0413
0.04102
0.04065
0.04063
0.04
0.03878
0.03843
0.03876
0.03815
0.03636
0.03428
0.03221
0.02994
0.02747
0.02492
0.0221
0.01912
0.01637
0.01369
0.01058
0.00725
0.00408
0.00095
-0.00227
-0.0055
-0.00876
-0.01176
-0.01433
-0.01679
-0.01937
-0.02174
-0.02358
-0.02515
-0.02677
-0.02835
-0.0296
-0.0304
-0.03071
-0.0306
-0.03058
-0.0308
-0.03053
-0.02963
-0.02857
-0.02743
-0.02639
-0.02548
-0.02416
-0.02223
-0.02022
-0.01837
-0.01653
-0.01484
-0.01345
-0.01201
-0.01047
-0.00905
-0.00756
-0.0057
-0.0034
-0.00092
0.00104
0.0022
0.00307
0.00403
0.0052
0.0065
0.00747
0.00806
0.00861
0.00922
0.00977
0.01035
0.01103
0.01155
0.01159
0.01139
0.01135
0.01169
0.01233
0.01273
0.01275
0.01309
0.01421
0.01572
0.01682
0.01699
0.01697
0.0179
0.01923
0.01993
0.02029
0.02084
0.02162
0.02275
0.02411
0.02524
0.0261
0.02692
0.02732
0.02698
0.02659
0.02684
0.02716
0.02674
0.0259
0.02531
0.02492
0.02406
0.0223
0.02022
0.01875
0.01762
0.01587
0.01361
0.01146
0.00943
0.00724
0.00481
0.00229
0.00007
-0.00177
-0.00395
-0.00666
-0.0088
-0.01003
-0.01145
-0.01337
-0.01493
-0.016
-0.01703
-0.01802
-0.01879
-0.01981
-0.02134
-0.02275
-0.02367
-0.02459
-0.02578
-0.02707
-0.02827
-0.02911
-0.02971
-0.03057
-0.03165
-0.03263
-0.03362
-0.03452
-0.03487
-0.03466
-0.03422
-0.03343
-0.0322
-0.0309
-0.02961
-0.02796
-0.02589
-0.02352
-0.02071
-0.01767
-0.01483
-0.01193
-0.0087
-0.00565
-0.00296
-0.00009
0.00288
0.00535
0.00739
0.00935
0.0114
0.01329
0.01444
0.01457
0.01413
0.01367
0.01307
0.01141
0.00828
0.00491
0.00218
-0.00072
-0.0042
-0.0077
-0.01089
-0.01364
-0.01604
-0.01857
-0.02128
-0.02361
-0.02546
-0.02709
-0.0285
-0.02981
-0.03097
-0.03178
-0.03252
-0.03343
-0.03413
-0.03456
-0.03509
-0.03572
-0.03621
-0.03676
-0.03768
-0.03861
-0.0392
-0.03966
-0.04028
-0.04103
-0.04158
-0.04147
-0.04089
-0.04046
-0.04041
-0.04071
-0.04101
-0.0409
-0.04052
-0.04029
-0.03998
-0.03919
-0.03821
-0.03738
-0.03632
-0.03505
-0.03435
-0.03391
-0.03271
-0.03112
-0.02988
-0.02846
-0.02649
-0.0243
-0.02198
-0.01964
-0.01743
-0.01497
-0.01218
-0.00984
-0.00818
-0.00655
-0.00439
-0.00203
-0.00031
0.00074
0.00198
0.00357
0.0047
0.00496
0.00495
0.0052
0.00522
0.00448
0.00365
0.00319
0.00239
0.00118
0.00026
-0.0007
-0.00207
-0.00323
-0.00384
-0.00402
-0.00373
-0.00301
-0.00191
-0.00065
0.00051
0.0021
0.00463
0.00718
0.00883
0.01028
0.01245
0.01492
0.01664
0.01752
0.01875
0.02062
0.02178
0.02142
0.02059
0.02032
0.02009
0.01885
0.0168
0.01513
0.0146
0.01474
0.01431
0.01316
0.01273
0.01351
0.01415
0.0144
0.01515
0.01614
0.01722
0.01908
0.02119
0.02286
0.02467
0.02674
0.02853
0.02998
0.03149
0.03331
0.03474
0.03505
0.03517
0.03571
0.03629
0.03714
0.03795
0.03802
0.03819
0.03873
0.03876
0.0387
0.03912
0.03943
0.03972
0.04052
0.04109
0.04079
0.04078
0.04173
0.04234
0.04202
0.04197
0.04257
0.04272
0.04214
0.04133
0.04008
0.03845
0.03721
0.03595
0.034
0.03231
0.03148
0.03079
0.02981
0.0287
0.02789
0.02772
0.02789
0.02822
0.02897
0.03005
0.03145
0.03328
0.03511
0.03691
0.03901
0.04125
0.04343
0.04564
0.04748
0.04873
0.04991
0.05115
0.05207
0.05239
0.05227
0.05217
0.05197
0.05119
0.04983
0.04802
0.04587
0.04378
0.04183
0.0399
0.03836
0.03735
0.03611
0.03424
0.03256
0.03153
0.03047
0.02923
0.0285
0.02805
0.02727
0.0265
0.02598
0.02522
0.02421
0.02344
0.02292
0.02229
0.02143
0.02036
0.01916
0.01803
0.01691
0.01575
0.01495
0.01437
0.01362
0.01313
0.0131
0.013
0.01257
0.01203
0.01173
0.01189
0.01246
0.01312
0.01343
0.01352
0.01425
0.01565
0.01707
0.01831
0.01946
0.0205
0.0215
0.02251
0.02353
0.02442
0.02505
0.02564
0.0261
0.02599
0.02537
0.02425
0.02249
0.02021
0.01735
0.0139
0.01028
0.00664
0.00282
-0.00118
-0.0053
-0.00936
-0.01323
-0.017
-0.02089
-0.02484
-0.02824
-0.03073
-0.03297
-0.03526
-0.03696
-0.03777
-0.03827
-0.0388
-0.03894
-0.03835
-0.0375
-0.03693
-0.03661
-0.03613
-0.03529
-0.03435
-0.03364
-0.03315
-0.0325
-0.03173
-0.03142
-0.03166
-0.03207
-0.03268
-0.03341
-0.03399
-0.03459
-0.03553
-0.03668
-0.03779
-0.03881
-0.03973
-0.04077
-0.04205
-0.04322
-0.04417
-0.04517
-0.04594
-0.04633
-0.04705
-0.04829
-0.04905
-0.04891
-0.04865
-0.04891
-0.04935
-0.04931
-0.04875
-0.04836
-0.04844
-0.04871
-0.04898
-0.04916
-0.04924
-0.04931
-0.04948
-0.04988
-0.05054
-0.0514
-0.05227
-0.05308
-0.05406
-0.05525
-0.05665
-0.05816
-0.05961
-0.06107
-0.06279
-0.06445
-0.0655
-0.06637
-0.06772
-0.06886
-0.06916
-0.06961
-0.07098
-0.07218
-0.07245
-0.07259
-0.07295
-0.07303
-0.07289
-0.0726
-0.07198
-0.07139
-0.07125
-0.07108
-0.07036
-0.06928
-0.06803
-0.06661
-0.0651
-0.06334
-0.06131
-0.05914
-0.0565
-0.05302
-0.04939
-0.04648
-0.04409
-0.04152
-0.03839
-0.03483
-0.03148
-0.02877
-0.02624
-0.02355
-0.0213
-0.01992
-0.0189
-0.01763
-0.01613
-0.01477
-0.01377
-0.01299
-0.01216
-0.01143
-0.01088
-0.01028
-0.00982
-0.00971
-0.00949
-0.00904
-0.00862
-0.00801
-0.00707
-0.00625
-0.00577
-0.00518
-0.00418
-0.00323
-0.00281
-0.00261
-0.0021
-0.00145
-0.00091
-0.00046
-0.00009
0.00035
0.00087
0.00133
0.00178
0.00217
0.00226
0.0021
0.00203
0.00223
0.00264
0.00311
0.00362
0.00435
0.00524
0.00598
0.0066
0.00732
0.00808
0.00883
0.00965
0.01043
0.01117
0.0118
0.01216
0.01262
0.01336
0.01394
0.01413
0.01421
0.01446
0.0149
0.01532
0.01559
0.01578
0.01609
0.01667
0.0174
0.0181
0.01875
0.0194
0.0201
0.02076
0.02138
0.02221
0.02325
0.02402
0.02455
0.02525
0.02613
0.02705
0.02779
0.02827
0.02897
0.03016
0.03128
0.03194
0.03261
0.0336
0.03446
0.03505
0.03589
0.03689
0.03757
0.03824
0.03919
0.03992
0.04026
0.04066
0.04119
0.04162
0.04186
0.04183
0.04169
0.04155
0.04115
0.04068
0.0405
0.04024
0.03969
0.03929
0.0391
0.0388
0.03835
0.03796
0.03772
0.03757
0.0375
0.03748
0.03741
0.03742
0.03767
0.03798
0.03827
0.03866
0.03913
0.03961
0.04002
0.04037
0.04074
0.04098
0.04091
0.04074
0.04071
0.04066
0.04043
0.04027
0.04029
0.04011
0.03972
0.03963
0.0397
0.03935
0.0387
0.0383
0.03809
0.03778
0.03739
0.037
0.03662
0.03634
0.03616
0.03597
0.03568
0.03523
0.03465
0.03416
0.03384
0.03337
0.03269
0.03207
0.03156
0.03094
0.03033
0.02995
0.02969
0.02923
0.02871
0.02847
0.02832
0.02794
0.02756
0.0275
0.02759
0.02744
0.02709
0.02691
0.02694
0.02695
0.02682
0.02645
0.02602
0.02574
0.02524
0.02425
0.02318
0.02237
0.02141
0.01994
0.0184
0.01711
0.01568
0.01385
0.01198
0.01032
0.0086
0.00672
0.00488
0.00316
0.00148
-0.00001
-0.00136
-0.00288
-0.00446
-0.00571
-0.00665
-0.00768
-0.00892
-0.01
-0.01092
-0.01199
-0.01311
-0.01412
-0.01499
-0.01578
-0.01662
-0.01752
-0.01835
-0.0192
-0.02017
-0.02112
-0.02186
-0.02247
-0.02318
-0.02386
-0.02429
-0.02466
-0.02521
-0.02578
-0.02622
-0.02657
-0.02692
-0.02733
-0.02771
-0.02787
-0.02788
-0.02796
-0.02817
-0.02843
-0.02866
-0.02879
-0.02888
-0.02899
-0.02907
-0.02905
-0.029
-0.02889
-0.02867
-0.0284
-0.02815
-0.0279
-0.02757
-0.02714
-0.02669
-0.02627
-0.02585
-0.0254
-0.02486
-0.02424
-0.02371
-0.0233
-0.02287
-0.02241
-0.02201
-0.02172
-0.02143
-0.0211
-0.02079
-0.02055
-0.02041
-0.02032
-0.02017
-0.02001
-0.01992
-0.01985
-0.01968
-0.01949
-0.01939
-0.0193
-0.01913
-0.01886
-0.01855
-0.01829
-0.01806
-0.01778
-0.01742
-0.01704
-0.01665
-0.0162
-0.01573
-0.01527
-0.0148
-0.0143
-0.01375
-0.01316
-0.0126
-0.01208
-0.01156
-0.01102
-0.01051
-0.01004
-0.00957
-0.00907
-0.00861
-0.00825
-0.00792
-0.00757
-0.00729
-0.00709
-0.00689
-0.00668
-0.00652
-0.00638
-0.00622
-0.00608
-0.00596
-0.00582
-0.00563
-0.00546
-0.0053
-0.00511
-0.00488
-0.00465
-0.00442
-0.00417
-0.00391
-0.00366
-0.00339
-0.00309
-0.00279
-0.0025
-0.00217
-0.00184
-0.00154
-0.00124
-0.00094
-0.00064
-0.00035
-0.00005
0.00023
0.00049
0.00075
0.001
0.00124
0.00147
0.0017
0.00193
0.00213
0.00233
0.00252
0.00271
0.00289
0.00307
0.00325
0.00341
0.00356
0.00372
0.00386
0.00398
0.00409
0.0042
0.00429
0.00437
0.00444
0.00449
0.00454
0.00459
0.00463
0.00465
0.00466
0.00467
0.00466
0.00466
0.00465
0.00463
0.00461
0.00459
0.00457
0.00454
0.00451
0.00448
0.00445
0.00442
0.00439
0.00436
0.00433
0.00429
0.00426
0.00422
0.00419
0.00415
0.00411
0.00407
0.00403
0.00399
0.00395
0.0039
0.00385
0.0038
0.00375
0.0037
0.00364
0.00359
0.00353
0.00347
0.00341
0.00335
0.00329
0.00323
0.00316
0.0031
0.00304
0.00298
0.00292
0.00285
0.00279
0.00273
0.00267
0.00261
0.00255
0.0025
0.00244
0.00238
0.00233
0.00227
0.00222
0.00216
0.00211
0.00206
0.00201
0.00196
0.00191
0.00186
0.00181
0.00177
0.00172
0.00168
0.00163
0.00159
0.00155
0.00151
0.00147
0.00143
0.00139
0.00135
0.00131
0.00127
0.00124
0.0012
0.00117
0.00113
0.0011
0.00107
0.00104
0.001
0.00097
0.00094
0.00061
