0
0.01831
0.01776
0.01677
0.01573
0.01494
0.01459
0.01469
0.01515
0.01575
0.01626
0.01643
0.01604
0.01494
0.0131
0.01055
0.00753
0.00437
0.00151
-0.00071
-0.00216
-0.00291
-0.00322
-0.00339
-0.00368
-0.00426
-0.00523
-0.00662
-0.00836
-0.0103
-0.01229
-0.01417
-0.01582
-0.01719
-0.01832
-0.01934
-0.02051
-0.02218
-0.02465
-0.0281
-0.0324
-0.03715
-0.04175
-0.04561
-0.04822
-0.04927
-0.04863
-0.04633
-0.0426
-0.03775
-0.03222
-0.02643
-0.02074
-0.01527
-0.01005
-0.00505
-0.00039
0.00373
0.0071
0.00968
0.01162
0.01318
0.01455
0.01576
0.01667
0.01699
0.01647
0.01499
0.01264
0.00967
0.00637
0.00298
-0.00041
-0.00377
-0.0071
-0.01031
-0.01313
-0.01521
-0.01616
-0.01575
-0.01392
-0.0108
-0.00664
-0.00179
0.00344
0.00877
0.01409
0.01941
0.02481
0.03034
0.0359
0.04126
0.0461
0.05015
0.05324
0.05536
0.0566
0.05701
0.05653
0.05498
0.05212
0.04778
0.04192
0.03467
0.02629
0.01714
0.00765
-0.00171
-0.01056
-0.01864
-0.02591
-0.03247
-0.03848
-0.044
-0.0489
-0.05278
-0.05509
-0.05532
-0.05324
-0.049
-0.04307
-0.03599
-0.02812
-0.0196
-0.01044
-0.00065
0.00959
0.02001
0.0303
0.04024
0.04972
0.05876
0.06731
0.07513
0.08169
0.08636
0.0886
0.08818
0.08522
0.08009
0.07322
0.06502
0.05574
0.04564
0.03497
0.02409
0.01345
0.00352
-0.00531
-0.01279
-0.01883
-0.02345
-0.02674
-0.02886
-0.03003
-0.03056
-0.03072
-0.03075
-0.03082
-0.03104
-0.03147
-0.03207
-0.0327
-0.03313
-0.03307
-0.03228
-0.03065
-0.0282
-0.02512
-0.02168
-0.0181
-0.01448
-0.01087
-0.00731
-0.00387
-0.00065
0.00223
0.00469
0.00661
0.00786
0.00827
0.00772
0.00612
0.00353
0.00012
-0.00372
-0.00751
-0.01077
-0.01311
-0.01433
-0.01439
-0.01337
-0.01152
-0.00914
-0.00656
-0.00405
-0.00173
0.00042
0.0025
0.00463
0.0069
0.00939
0.01219
0.01537
0.01891
0.02271
0.02658
0.03034
0.03381
0.03689
0.0395
0.04161
0.04316
0.04405
0.04414
0.0433
0.04157
0.03923
0.03676
0.03468
0.03335
0.03282
0.03281
0.03292
0.03272
0.03189
0.0303
0.02798
0.02505
0.02167
0.01796
0.01406
0.01012
0.00642
0.00328
0.00107
0.00009
0.00052
0.00242
0.00562
0.0098
0.01453
0.0194
0.02412
0.02858
0.03266
0.03609
0.03842
0.03913
0.03785
0.03451
0.02938
0.02292
0.01568
0.00811
0.00059
-0.00654
-0.01293
-0.01817
-0.02189
-0.02384
-0.02399
-0.0225
-0.01976
-0.01628
-0.0126
-0.00924
-0.00668
-0.00532
-0.0054
-0.00691
-0.00951
-0.01263
-0.01569
-0.01824
-0.02006
-0.02109
-0.02128
-0.02054
-0.01865
-0.01541
-0.01078
-0.00496
0.00158
0.0083
0.0148
0.02085
0.02636
0.03113
0.03482
0.03697
0.03715
0.03524
0.03143
0.02621
0.02021
0.01405
0.00828
0.00328
-0.00076
-0.00391
-0.0065
-0.00902
-0.01194
-0.01554
-0.01989
-0.02486
-0.03016
-0.03536
-0.0398
-0.04272
-0.04338
-0.04143
-0.03699
-0.03066
-0.02323
-0.01535
-0.00734
0.00078
0.00903
0.01724
0.02488
0.0312
0.03548
0.03733
0.03685
0.03447
0.03078
0.02624
0.02112
0.01548
0.00937
0.00295
-0.00342
-0.00933
-0.01446
-0.01869
-0.02215
-0.02499
-0.02731
-0.02911
-0.03044
-0.03148
-0.03252
-0.0339
-0.03586
-0.03844
-0.04144
-0.04453
-0.04734
-0.04961
-0.05118
-0.0519
-0.05161
-0.0501
-0.04722
-0.04297
-0.03756
-0.03139
-0.02486
-0.01832
-0.01191
-0.00556
0.00084
0.00727
0.01349
0.01905
0.02347
0.02635
0.02752
0.02698
0.02482
0.02116
0.01615
0.00999
0.00302
-0.00432
-0.01157
-0.01837
-0.0245
-0.02982
-0.03418
-0.03738
-0.03925
-0.03961
-0.03836
-0.03546
-0.03094
-0.02494
-0.0177
-0.00954
-0.00079
0.00814
0.01682
0.02479
0.03164
0.03712
0.04117
0.04397
0.04592
0.0475
0.04922
0.05146
0.05451
0.05849
0.06326
0.06843
0.07333
0.07722
0.07953
0.07993
0.07839
0.07505
0.07028
0.06455
0.05842
0.05236
0.04663
0.04126
0.03613
0.03095
0.0254
0.01916
0.01202
0.00408
-0.00435
-0.01284
-0.02105
-0.02882
-0.03616
-0.04303
-0.04921
-0.05419
-0.05729
-0.05798
-0.05616
-0.05236
-0.0477
-0.04348
-0.0408
-0.04016
-0.04137
-0.04371
-0.0463
-0.0484
-0.04957
-0.04973
-0.04911
-0.04817
-0.04748
-0.04763
-0.04899
-0.05156
-0.05492
-0.05837
-0.06106
-0.0623
-0.06164
-0.05904
-0.05483
-0.04963
-0.04417
-0.03908
-0.03486
-0.03188
-0.03043
-0.03067
-0.03258
-0.03589
-0.0401
-0.04459
-0.0487
-0.0517
-0.0529
-0.05162
-0.04742
-0.04024
-0.03049
-0.01893
-0.00636
0.00662
0.01975
0.03294
0.04607
0.05868
0.06998
0.07901
0.08506
0.08791
0.08798
0.08608
0.08303
0.07926
0.07472
0.06915
0.06231
0.05427
0.04537
0.03608
0.0268
0.01775
0.00894
0.00026
-0.00829
-0.01656
-0.02428
-0.03121
-0.03729
-0.04266
-0.04759
-0.05239
-0.05725
-0.06224
-0.06728
-0.07216
-0.07658
-0.08011
-0.08224
-0.08256
-0.08092
-0.07755
-0.07303
-0.06805
-0.06326
-0.05907
-0.0556
-0.05267
-0.04992
-0.04694
-0.04345
-0.03937
-0.03489
-0.03046
-0.02659
-0.02366
-0.02174
-0.02059
-0.01975
-0.01878
-0.01733
-0.01523
-0.01244
-0.00903
-0.00517
-0.00112
0.00275
0.0061
0.00873
0.01068
0.01209
0.01318
0.01401
0.01438
0.01386
0.01196
0.00845
0.00361
-0.00162
-0.00588
-0.00776
-0.00639
-0.00188
0.00456
0.01106
0.01584
0.01813
0.01846
0.01837
0.01963
0.02332
0.02937
0.03652
0.04279
0.04628
0.04591
0.04181
0.03517
0.02772
0.02122
0.01696
0.01561
0.0172
0.02126
0.02709
0.03388
0.04077
0.04689
0.05124
0.05281
0.05083
0.04501
0.03584
0.02445
0.01216
-0.00001
-0.01162
-0.02271
-0.0334
-0.04355
-0.05264
-0.05994
-0.06489
-0.06743
-0.068
-0.06743
-0.06661
-0.0661
-0.06608
-0.06631
-0.06642
-0.06605
-0.06497
-0.06319
-0.06084
-0.05814
-0.05529
-0.05236
-0.04924
-0.04558
-0.04088
-0.03464
-0.02666
-0.01716
-0.00681
0.00362
0.01345
0.02238
0.03038
0.03747
0.04348
0.04785
0.04979
0.0485
0.04353
0.03494
0.02337
0.00981
-0.00467
-0.01917
-0.03309
-0.04615
-0.05823
-0.06924
-0.07894
-0.08686
-0.09247
-0.09532
-0.09524
-0.09238
-0.08716
-0.08017
-0.07207
-0.06345
-0.0547
-0.04597
-0.03739
-0.02917
-0.02179
-0.01582
-0.01175
-0.00973
-0.00942
-0.01001
-0.01043
-0.00957
-0.00662
-0.00131
0.00601
0.01455
0.02339
0.03195
0.04005
0.04776
0.0551
0.06177
0.06719
0.07073
0.07205
0.07126
0.06896
0.06597
0.06309
0.06088
0.05961
0.05925
0.05956
0.06012
0.06039
0.05976
0.05766
0.05372
0.04786
0.04037
0.03174
0.02252
0.01312
0.00381
-0.00519
-0.01351
-0.02057
-0.02567
-0.02831
-0.02851
-0.02698
-0.02504
-0.02433
-0.02629
-0.03171
-0.04046
-0.05159
-0.06373
-0.07567
-0.08684
-0.09728
-0.10734
-0.11719
-0.12647
-0.13427
-0.13953
-0.14149
-0.14006
-0.13583
-0.12978
-0.12291
-0.11593
-0.10919
-0.10277
-0.0966
-0.09057
-0.08468
-0.0791
-0.07414
-0.07018
-0.06749
-0.06608
-0.06566
-0.06569
-0.06556
-0.0648
-0.06324
-0.06104
-0.05855
-0.05619
-0.0543
-0.05319
-0.0531
-0.05429
-0.05706
-0.06174
-0.06865
-0.07792
-0.08935
-0.10234
-0.11608
-0.12976
-0.14274
-0.1546
-0.16497
-0.17333
-0.17909
-0.1819
-0.18201
-0.1804
-0.17857
-0.17789
-0.17891
-0.181
-0.18225
-0.17988
-0.17097
-0.15321
-0.12559
-0.0886
-0.04396
0.00603
0.05887
0.11202
0.16294
0.20904
0.2479
0.27745
0.2963
0.30398
0.30091
0.2883
0.26778
0.241
0.20931
0.1735
0.13414
0.09207
0.04891
0.0069
-0.03172
-0.06555
-0.09445
-0.11916
-0.14052
-0.15885
-0.17387
-0.18515
-0.19268
-0.19704
-0.19923
-0.20023
-0.20066
-0.20053
-0.19941
-0.19672
-0.1921
-0.18559
-0.17764
-0.16896
-0.1603
-0.15246
-0.1462
-0.14215
-0.1406
-0.14132
-0.14344
-0.14561
-0.14632
-0.14429
-0.13883
-0.12995
-0.11829
-0.10476
-0.09016
-0.07498
-0.05935
-0.04317
-0.02632
-0.00888
0.00882
0.02616
0.04255
0.05765
0.0716
0.08505
0.09891
0.11392
0.13026
0.14744
0.16456
0.18077
0.19561
0.20903
0.2212
0.23222
0.24187
0.24937
0.25351
0.25296
0.24688
0.23531
0.21921
0.20008
0.17947
0.15861
0.13829
0.11898
0.10102
0.08496
0.07167
0.06237
0.05834
0.06037
0.0684
0.0814
0.09773
0.1157
0.13397
0.15174
0.16854
0.18404
0.19772
0.20869
0.21555
0.2166
0.21032
0.19597
0.17384
0.14511
0.11136
0.07419
0.03505
-0.0046
-0.04322
-0.07928
-0.11151
-0.13905
-0.16149
-0.17874
-0.19102
-0.19892
-0.20334
-0.2055
-0.20668
-0.20798
-0.20997
-0.21272
-0.2158
-0.21858
-0.22046
-0.22101
-0.22015
-0.21803
-0.21511
-0.21199
-0.2093
-0.20753
-0.20694
-0.20755
-0.20925
-0.21201
-0.21587
-0.22095
-0.22729
-0.2348
-0.24335
-0.25297
-0.26391
-0.27658
-0.29122
-0.30755
-0.32466
-0.34115
-0.35543
-0.36578
-0.37018
-0.36616
-0.35095
-0.32207
-0.27814
-0.21952
-0.14859
-0.06949
0.01243
0.0915
0.16282
0.22334
0.27239
0.31133
0.34261
0.36856
0.39072
0.40968
0.4255
0.4382
0.44797
0.45519
0.46015
0.46293
0.46334
0.46117
0.45635
0.44905
0.43957
0.4281
0.41462
0.39892
0.38065
0.35951
0.33543
0.30874
0.28018
0.25076
0.22132
0.19227
0.16361
0.13528
0.10758
0.08125
0.05732
0.03684
0.02063
0.00918
0.0025
0.00011
0.00112
0.00441
0.00895
0.01403
0.01934
0.02473
0.02982
0.03375
0.0354
0.03386
0.02889
0.02099
0.01107
0.00005
-0.01136
-0.02272
-0.03368
-0.04394
-0.05313
-0.06086
-0.06662
-0.06976
-0.06958
-0.06555
-0.05757
-0.04615
-0.03225
-0.01686
-0.00064
0.01632
0.03426
0.05339
0.07363
0.09456
0.11569
0.13651
0.15666
0.17593
0.1945
0.21301
0.23246
0.25383
0.27765
0.30369
0.33107
0.35858
0.38513
0.40998
0.43281
0.45358
0.47234
0.48909
0.5037
0.51589
0.5253
0.53161
0.53494
0.53597
0.53601
0.53658
0.53884
0.54304
0.54844
0.55378
0.55806
0.56103
0.56313
0.565
0.56707
0.56939
0.57166
0.57338
0.57394
0.5728
0.56951
0.56377
0.5554
0.54426
0.53019
0.51297
0.49227
0.46765
0.43873
0.40547
0.36841
0.32875
0.28814
0.24839
0.21107
0.17722
0.14725
0.121
0.09793
0.07757
0.05984
0.04508
0.03386
0.02659
0.02334
0.02378
0.02741
0.03375
0.0424
0.05306
0.06539
0.07907
0.0938
0.10942
0.12581
0.14289
0.16051
0.1784
0.19622
0.21359
0.2302
0.2458
0.26013
0.27284
0.28345
0.29141
0.29622
0.29759
0.2957
0.29124
0.28531
0.27921
0.27402
0.27023
0.26735
0.26378
0.2568
0.24307
0.21923
0.18264
0.13197
0.06764
-0.00777
-0.08949
-0.17103
-0.24556
-0.30783
-0.35565
-0.39014
-0.41483
-0.43396
-0.45098
-0.46783
-0.48501
-0.50231
-0.51957
-0.53707
-0.55544
-0.57528
-0.59697
-0.62059
-0.64603
-0.67296
-0.7008
-0.72873
-0.75576
-0.78082
-0.80299
-0.82168
-0.83696
-0.8496
-0.86081
-0.8716
-0.8822
-0.8919
-0.89936
-0.90312
-0.9021
-0.89584
-0.88447
-0.86852
-0.84861
-0.82518
-0.79808
-0.76627
-0.72754
-0.67857
-0.61537
-0.53429
-0.43339
-0.31404
-0.18188
-0.04627
0.08178
0.19271
0.28093
0.34599
0.39177
0.42441
0.44971
0.47144
0.49089
0.50759
0.52048
0.52875
0.53233
0.53179
0.52814
0.52251
0.51593
0.50914
0.50258
0.49642
0.49063
0.48511
0.47983
0.47489
0.47051
0.46693
0.46435
0.46289
0.46248
0.46282
0.46328
0.46275
0.45962
0.45186
0.43733
0.41423
0.38155
0.33929
0.2884
0.23051
0.16783
0.10298
0.03897
-0.02101
-0.0741
-0.11842
-0.15361
-0.18073
-0.20175
-0.21878
-0.23363
-0.24768
-0.26193
-0.27711
-0.29361
-0.31137
-0.32983
-0.34815
-0.36558
-0.38164
-0.39601
-0.40797
-0.41614
-0.41864
-0.41396
-0.40175
-0.38319
-0.36058
-0.3364
-0.31239
-0.28933
-0.26734
-0.24667
-0.22808
-0.21274
-0.20168
-0.19515
-0.19239
-0.19183
-0.19174
-0.19077
-0.18835
-0.18467
-0.18054
-0.17704
-0.17522
-0.17595
-0.17964
-0.18624
-0.19532
-0.20627
-0.2186
-0.23196
-0.24611
-0.26073
-0.27539
-0.28964
-0.30323
-0.31619
-0.32871
-0.34089
-0.35256
-0.36341
-0.37314
-0.38169
-0.3891
-0.39537
-0.40019
-0.40293
-0.4028
-0.39912
-0.39162
-0.38043
-0.36592
-0.3485
-0.32822
-0.30475
-0.27761
-0.24667
-0.21247
-0.17611
-0.1387
-0.10089
-0.06288
-0.02474
0.01316
0.04995
0.0844
0.11536
0.14214
0.16478
0.1838
0.1998
0.21297
0.22306
0.22961
0.23254
0.23243
0.23052
0.22842
0.22758
0.2289
0.23259
0.23824
0.24507
0.25228
0.25927
0.26568
0.27136
0.27612
0.27964
0.28138
0.28075
0.27718
0.27037
0.26032
0.2474
0.23217
0.21527
0.19723
0.17835
0.15877
0.13844
0.11736
0.09568
0.07371
0.05193
0.03086
0.01091
-0.0077
-0.02505
-0.04139
-0.05702
-0.07211
-0.08657
-0.1002
-0.11281
-0.1243
-0.13476
-0.14435
-0.15317
-0.16125
-0.16852
-0.17494
-0.18052
-0.18527
-0.18912
-0.19178
-0.19272
-0.19125
-0.1867
-0.1787
-0.1672
-0.15239
-0.13448
-0.11359
-0.08994
-0.06402
-0.03676
-0.00923
0.01771
0.04363
0.06839
0.09195
0.11426
0.13523
0.15488
0.1733
0.19062
0.20691
0.22211
0.23608
0.24861
0.25951
0.2687
0.2762
0.28222
0.28691
0.29023
0.29176
0.29072
0.28622
0.27749
0.26412
0.24609
0.22372
0.19748
0.16787
0.13545
0.10093
0.06535
0.0301
-0.00326
-0.03333
-0.05905
-0.07982
-0.09538
-0.10567
-0.11079
-0.11105
-0.10703
-0.09961
-0.08973
-0.07829
-0.06603
-0.05361
-0.04166
-0.03084
-0.02167
-0.0145
-0.00939
-0.00614
-0.00439
-0.00373
-0.00389
-0.00474
-0.00628
-0.00856
-0.01154
-0.015
-0.0186
-0.02189
-0.02451
-0.0262
-0.02701
-0.02717
-0.02705
-0.02703
-0.02736
-0.02816
-0.02936
-0.03067
-0.03163
-0.03172
-0.03058
-0.02814
-0.02464
-0.02043
-0.01588
-0.01117
-0.00642
-0.00179
0.0025
0.00618
0.00903
0.01091
0.01174
0.01153
0.01037
0.00845
0.0061
0.00373
0.00182
0.00088
0.00135
0.00348
0.00723
0.01228
0.01801
0.02369
0.02853
0.03177
0.03278
0.03121
0.02703
0.02059
0.01255
0.00367
-0.00533
-0.01389
-0.02149
-0.02749
-0.0311
-0.03151
-0.02815
-0.02085
-0.0099
0.00403
0.02014
0.03775
0.05634
0.0755
0.0948
0.11366
0.13137
0.14719
0.16059
0.1714
0.17987
0.1864
0.19136
0.1949
0.19701
0.19764
0.19678
0.19455
0.19115
0.18676
0.1815
0.17543
0.16857
0.16099
0.15276
0.14402
0.1349
0.12547
0.11577
0.10581
0.09566
0.08542
0.07521
0.06496
0.05446
0.0434
0.03163
0.01929
0.00679
-0.00536
-0.01675
-0.02727
-0.03719
-0.04702
-0.0573
-0.06824
-0.07966
-0.09103
-0.10184
-0.11193
-0.12155
-0.13124
-0.14154
-0.15277
-0.16492
-0.17771
-0.19069
-0.20342
-0.2157
-0.22762
-0.2395
-0.2517
-0.26438
-0.27742
-0.29043
-0.30283
-0.31407
-0.32362
-0.33104
-0.33591
-0.33784
-0.33653
-0.33167
-0.32306
-0.31059
-0.29448
-0.27532
-0.25405
-0.23165
-0.20884
-0.1859
-0.16274
-0.13905
-0.11469
-0.08978
-0.06486
-0.04078
-0.01842
0.00156
0.01898
0.03415
0.04756
0.05959
0.07017
0.07881
0.08486
0.08791
0.08804
0.08588
0.08234
0.07825
0.07413
0.07018
0.06642
0.06288
0.05972
0.05723
0.05578
0.05567
0.05704
0.05981
0.06369
0.06828
0.07317
0.07806
0.08276
0.08716
0.09117
0.09466
0.09744
0.0993
0.10004
0.09946
0.09739
0.09359
0.08776
0.07959
0.06887
0.05559
0.03997
0.02249
0.00364
-0.01619
-0.03684
-0.05827
-0.0805
-0.10336
-0.12645
-0.14905
-0.17031
-0.18944
-0.20593
-0.21955
-0.2303
-0.23825
-0.24354
-0.24649
-0.2476
-0.24753
-0.24688
-0.24612
-0.24549
-0.24503
-0.24464
-0.24419
-0.24352
-0.24248
-0.24091
-0.23861
-0.23528
-0.23043
-0.22351
-0.21395
-0.20134
-0.18555
-0.16678
-0.14556
-0.12254
-0.09844
-0.07388
-0.04946
-0.0257
-0.00309
0.0179
0.03674
0.05292
0.06607
0.07613
0.0834
0.0885
0.0922
0.09522
0.09808
0.10105
0.10423
0.10769
0.11152
0.1157
0.12002
0.12398
0.12682
0.12771
0.12591
0.12094
0.11272
0.10156
0.08808
0.07304
0.0571
0.04074
0.02433
0.00828
-0.00693
-0.02064
-0.03222
-0.04118
-0.04739
-0.05115
-0.05304
-0.05375
-0.05388
-0.05377
-0.05351
-0.05296
-0.05189
-0.05008
-0.04738
-0.04386
-0.03973
-0.0354
-0.03133
-0.02795
-0.0255
-0.02399
-0.02319
-0.02279
-0.02246
-0.02191
-0.02099
-0.01959
-0.01761
-0.01496
-0.01153
-0.0073
-0.00224
0.00369
0.01057
0.01847
0.02739
0.0373
0.04814
0.0599
0.07257
0.08611
0.1004
0.11528
0.13059
0.14616
0.1617
0.17677
0.19071
0.20294
0.21302
0.22075
0.22602
0.22873
0.22884
0.22648
0.22207
0.21626
0.20978
0.20326
0.19706
0.19125
0.18568
0.18015
0.17446
0.16852
0.16237
0.15616
0.15005
0.14409
0.13811
0.13175
0.12461
0.11637
0.10695
0.09646
0.0851
0.0731
0.06067
0.04807
0.03556
0.02349
0.01217
0.00189
-0.00706
-0.01443
-0.01997
-0.02346
-0.02475
-0.02388
-0.02101
-0.0165
-0.01075
-0.00418
0.00288
0.01019
0.01755
0.02485
0.03207
0.03927
0.04649
0.05361
0.06025
0.0658
0.06953
0.07074
0.0689
0.06373
0.05523
0.04362
0.02924
0.01245
-0.00647
-0.02724
-0.0495
-0.07255
-0.09541
-0.117
-0.13644
-0.15324
-0.16737
-0.17913
-0.18893
-0.19717
-0.20402
-0.20949
-0.21349
-0.216
-0.21707
-0.2168
-0.21529
-0.21248
-0.20816
-0.20201
-0.19371
-0.18305
-0.17003
-0.15479
-0.13754
-0.11852
-0.09801
-0.07644
-0.05443
-0.0327
-0.0119
0.00751
0.02532
0.04154
0.05637
0.07012
0.08311
0.09561
0.10779
0.11964
0.13104
0.14183
0.1519
0.16117
0.1696
0.17722
0.18415
0.19056
0.1966
0.20229
0.20753
0.21217
0.21599
0.21876
0.22025
0.22028
0.21878
0.21581
0.21153
0.20619
0.20002
0.19323
0.18598
0.17845
0.17082
0.16337
0.15633
0.14992
0.14425
0.13942
0.1355
0.13248
0.1303
0.12878
0.12779
0.12723
0.12706
0.12721
0.12754
0.12779
0.12771
0.12715
0.12615
0.1249
0.12366
0.12259
0.12173
0.12103
0.12036
0.11964
0.11875
0.11755
0.11574
0.11296
0.10883
0.10316
0.09609
0.08809
0.0797
0.07136
0.06321
0.05517
0.04714
0.03918
0.03164
0.02505
0.02002
0.01703
0.01629
0.0177
0.0208
0.02493
0.02939
0.03365
0.03748
0.04091
0.04413
0.04738
0.05074
0.05416
0.05744
0.06035
0.0627
0.06446
0.06574
0.06675
0.06771
0.06871
0.06969
0.07041
0.07052
0.06975
0.06797
0.06522
0.06166
0.05744
0.05261
0.04704
0.04047
0.03264
0.02339
0.01276
0.00098
-0.0116
-0.02466
-0.03802
-0.05169
-0.06578
-0.08035
-0.09518
-0.1098
-0.12363
-0.13618
-0.14723
-0.15689
-0.16552
-0.17354
-0.18124
-0.18862
-0.19542
-0.20132
-0.20617
-0.2101
-0.21345
-0.2166
-0.21976
-0.22287
-0.22565
-0.22783
-0.2292
-0.22981
-0.22983
-0.22954
-0.22918
-0.22894
-0.22895
-0.22921
-0.22967
-0.23019
-0.23057
-0.23063
-0.23015
-0.22899
-0.22705
-0.22432
-0.22082
-0.21655
-0.21145
-0.20546
-0.19853
-0.19078
-0.18251
-0.17413
-0.16603
-0.15847
-0.15147
-0.14495
-0.1388
-0.13304
-0.12777
-0.12311
-0.11916
-0.11594
-0.11341
-0.11151
-0.11017
-0.10933
-0.10897
-0.10905
-0.10962
-0.11082
-0.1128
-0.11572
-0.11962
-0.12448
-0.13015
-0.13644
-0.14309
-0.14979
-0.15626
-0.16233
-0.16804
-0.17359
-0.17915
-0.1848
-0.19041
-0.19568
-0.20024
-0.20376
-0.2061
-0.20726
-0.2074
-0.20673
-0.20548
-0.20386
-0.20208
-0.20035
-0.19893
-0.19802
-0.19778
-0.19824
-0.19938
-0.20116
-0.20349
-0.20627
-0.20937
-0.21261
-0.21586
-0.21909
-0.22237
-0.2258
-0.22946
-0.23329
-0.23712
-0.24075
-0.24401
-0.24679
-0.249
-0.25048
-0.25105
-0.25053
-0.2489
-0.24637
-0.24335
-0.24031
-0.23758
-0.23531
-0.23346
-0.23187
-0.23032
-0.2286
-0.22651
-0.22388
-0.2206
-0.21672
-0.21253
-0.20847
-0.20493
-0.20209
-0.19984
-0.19791
-0.19608
-0.1943
-0.19267
-0.19127
-0.19004
-0.18874
-0.18704
-0.18463
-0.18134
-0.17708
-0.17184
-0.1656
-0.15836
-0.15019
-0.14126
-0.13194
-0.12263
-0.11361
-0.10496
-0.09651
-0.08804
-0.07937
-0.07051
-0.06171
-0.05334
-0.04577
-0.03924
-0.03383
-0.02942
-0.02585
-0.02297
-0.02071
-0.01909
-0.01819
-0.01814
-0.01905
-0.02097
-0.02388
-0.02769
-0.03234
-0.03773
-0.04378
-0.05038
-0.05736
-0.0645
-0.07157
-0.07842
-0.08498
-0.09122
-0.09712
-0.10265
-0.10777
-0.11253
-0.11699
-0.12116
-0.12493
-0.12808
-0.13037
-0.13168
-0.13203
-0.1316
-0.13063
-0.12931
-0.12776
-0.12603
-0.12404
-0.12173
-0.11902
-0.11588
-0.11235
-0.10847
-0.10429
-0.0999
-0.09538
-0.09082
-0.08632
-0.08191
-0.07763
-0.07357
-0.06986
-0.06665
-0.06404
-0.0621
-0.06083
-0.06027
-0.06046
-0.06141
-0.06298
-0.06495
-0.06713
-0.06944
-0.07189
-0.07448
-0.07712
-0.0796
-0.08176
-0.08345
-0.08466
-0.08549
-0.08613
-0.08681
-0.0877
-0.0888
-0.08998
-0.09111
-0.0921
-0.09297
-0.09379
-0.09459
-0.09535
-0.09598
-0.09631
-0.09611
-0.0952
-0.09352
-0.09121
-0.08847
-0.0855
-0.08237
-0.07901
-0.07524
-0.07081
-0.06546
-0.05902
-0.05151
-0.0432
-0.03455
-0.02611
-0.01828
-0.01125
-0.00499
0.00062
0.00562
0.00998
0.01355
0.01616
0.01771
0.01816
0.01764
0.01641
0.01477
0.01301
0.01127
0.00955
0.0077
0.00551
0.00284
-0.00032
-0.00384
-0.0075
-0.01109
-0.01451
-0.0177
-0.02057
-0.02296
-0.02464
-0.02539
-0.02505
-0.02357
-0.02099
-0.01738
-0.01276
-0.00697
0.0002
0.00888
0.01896
0.03008
0.04175
0.05358
0.06533
0.07696
0.08853
0.10007
0.11158
0.12301
0.13437
0.14574
0.15715
0.16856
0.17982
0.19072
0.20115
0.21103
0.22036
0.22898
0.23657
0.24278
0.24734
0.25026
0.25181
0.25239
0.25236
0.2519
0.25106
0.24977
0.24804
0.24596
0.2437
0.24154
0.23973
0.23849
0.23786
0.23781
0.2382
0.2389
0.23976
0.24068
0.24154
0.24226
0.24277
0.2429
0.24241
0.24105
0.23868
0.23539
0.23138
0.22692
0.2222
0.21733
0.21236
0.2073
0.20218
0.19706
0.19207
0.18735
0.18298
0.17884
0.1746
0.16985
0.16425
0.15773
0.15045
0.14273
0.13492
0.12734
0.12025
0.1138
0.10808
0.10319
0.09932
0.09672
0.09559
0.09599
0.09775
0.1005
0.10379
0.1072
0.11046
0.11347
0.11624
0.1188
0.12109
0.12299
0.12439
0.12525
0.1257
0.12597
0.12642
0.12732
0.12887
0.13103
0.13361
0.13636
0.139
0.14128
0.14301
0.14407
0.14437
0.14383
0.14233
0.13974
0.13599
0.13109
0.12521
0.11862
0.11166
0.10471
0.09813
0.0922
0.08709
0.08279
0.07914
0.07589
0.07281
0.06973
0.06659
0.06347
0.06052
0.05792
0.05583
0.05432
0.05341
0.05304
0.05313
0.05352
0.05407
0.05473
0.05554
0.05665
0.05824
0.06041
0.06317
0.06646
0.07017
0.07432
0.079
0.08439
0.09065
0.09776
0.1055
0.11342
0.12099
0.12775
0.13349
0.13827
0.14238
0.1462
0.15008
0.15417
0.1584
0.16248
0.16604
0.16882
0.17071
0.17181
0.1724
0.17285
0.17347
0.17438
0.1755
0.17667
0.17777
0.17878
0.17977
0.18075
0.18165
0.18234
0.18266
0.18253
0.18194
0.18097
0.17971
0.17826
0.17663
0.17467
0.17213
0.16873
0.1643
0.1589
0.15274
0.14607
0.13902
0.13157
0.12355
0.11482
0.10533
0.09528
0.08506
0.07512
0.0659
0.0577
0.05072
0.04505
0.04073
0.03769
0.03579
0.03485
0.03468
0.03513
0.03606
0.03732
0.0388
0.04038
0.04207
0.04391
0.04599
0.0483
0.05071
0.05307
0.05524
0.05724
0.05915
0.06103
0.06293
0.06486
0.06676
0.06854
0.06999
0.07087
0.07097
0.07021
0.06866
0.06651
0.06402
0.06145
0.059
0.05681
0.05498
0.05361
0.05278
0.05251
0.05269
0.05315
0.05373
0.05434
0.05491
0.05538
0.05562
0.05551
0.05489
0.05369
0.05193
0.04973
0.04737
0.04522
0.04375
0.04347
0.0448
0.04801
0.05309
0.05973
0.06749
0.07592
0.08477
0.09407
0.10415
0.11544
0.12825
0.14257
0.15802
0.17394
0.18968
0.20473
0.21884
0.2319
0.2439
0.2549
0.26507
0.27466
0.28397
0.29338
0.3032
0.31364
0.32468
0.33607
0.34749
0.35867
0.36953
0.38014
0.39055
0.40063
0.41006
0.41845
0.42554
0.4312
0.43544
0.43837
0.44013
0.44083
0.44058
0.43941
0.43731
0.43429
0.43036
0.42555
0.41987
0.41328
0.40573
0.39713
0.38733
0.37625
0.36381
0.35003
0.33495
0.31864
0.30129
0.28321
0.26482
0.24664
0.2292
0.21298
0.19847
0.18609
0.17614
0.16874
0.16378
0.16095
0.15983
0.16003
0.1613
0.16363
0.16714
0.17201
0.17827
0.18577
0.19415
0.20294
0.21167
0.21996
0.22755
0.23433
0.24031
0.24559
0.25029
0.2545
0.25815
0.26101
0.26278
0.26321
0.26212
0.25947
0.25523
0.24935
0.2417
0.2321
0.22035
0.20629
0.18984
0.17105
0.15014
0.12749
0.10361
0.07898
0.05403
0.02915
0.00482
-0.01835
-0.03971
-0.05884
-0.07569
-0.09063
-0.10431
-0.1174
-0.13023
-0.14275
-0.15454
-0.16503
-0.17377
-0.18061
-0.18577
-0.1897
-0.19292
-0.19579
-0.19845
-0.20084
-0.2028
-0.2042
-0.20497
-0.20503
-0.20435
-0.20288
-0.20068
-0.1979
-0.19478
-0.19162
-0.18872
-0.18626
-0.18426
-0.18262
-0.18119
-0.17985
-0.17858
-0.17748
-0.17673
-0.17654
-0.177
-0.17804
-0.17946
-0.18097
-0.1823
-0.18323
-0.18356
-0.18311
-0.18176
-0.17946
-0.17629
-0.17244
-0.16817
-0.16368
-0.15909
-0.15435
-0.14935
-0.14393
-0.13797
-0.13139
-0.12422
-0.11662
-0.10885
-0.10115
-0.09371
-0.08665
-0.08017
-0.07453
-0.07005
-0.06696
-0.06532
-0.0649
-0.06521
-0.06564
-0.06564
-0.06493
-0.06353
-0.06172
-0.05981
-0.05798
-0.0562
-0.05429
-0.052
-0.04916
-0.04569
-0.0417
-0.03748
-0.03331
-0.02943
-0.02595
-0.02292
-0.02038
-0.01845
-0.01721
-0.01672
-0.01686
-0.01745
-0.01826
-0.01909
-0.01978
-0.02023
-0.02043
-0.02044
-0.02041
-0.02054
-0.02096
-0.02169
-0.02262
-0.02356
-0.02431
-0.02468
-0.02452
-0.02371
-0.02222
-0.02013
-0.01766
-0.01508
-0.01266
-0.01053
-0.00872
-0.00723
-0.00608
-0.00538
-0.00524
-0.00572
-0.00686
-0.00862
-0.01093
-0.01366
-0.01668
-0.01989
-0.02325
-0.02676
-0.03041
-0.03408
-0.03752
-0.04039
-0.04235
-0.04316
-0.04272
-0.0411
-0.03847
-0.03508
-0.03117
-0.02693
-0.02254
-0.0181
-0.01374
-0.00955
-0.00565
-0.00207
0.00124
0.00444
0.00777
0.01146
0.01566
0.02035
0.02533
0.03032
0.03504
0.03934
0.04318
0.04654
0.04935
0.05141
0.05243
0.05214
0.05039
0.04718
0.04264
0.03689
0.02998
0.02189
0.01255
0.00194
-0.00995
-0.02305
-0.03717
-0.05191
-0.06671
-0.08102
-0.09451
-0.10711
-0.11894
-0.13004
-0.14038
-0.14987
-0.15853
-0.16651
-0.17407
-0.18136
-0.18844
-0.19525
-0.20172
-0.20781
-0.21354
-0.219
-0.22429
-0.22947
-0.2345
-0.23923
-0.2435
-0.2472
-0.25035
-0.2531
-0.25558
-0.25792
-0.26021
-0.26256
-0.26505
-0.26778
-0.27073
-0.27386
-0.27702
-0.28001
-0.28266
-0.28482
-0.28639
-0.28728
-0.28738
-0.28652
-0.28456
-0.28141
-0.27716
-0.27204
-0.26636
-0.2604
-0.25428
-0.24802
-0.24162
-0.23508
-0.22847
-0.22191
-0.21561
-0.20981
-0.20472
-0.20055
-0.1974
-0.19529
-0.19414
-0.19376
-0.19393
-0.19445
-0.1951
-0.19566
-0.19585
-0.19532
-0.19366
-0.1905
-0.18557
-0.17879
-0.17035
-0.16067
-0.15031
-0.1397
-0.12906
-0.11829
-0.10719
-0.09562
-0.0837
-0.07181
-0.06043
-0.04989
-0.04027
-0.03139
-0.023
-0.01497
-0.00745
-0.00082
0.00452
0.00833
0.01067
0.01187
0.01238
0.01269
0.0132
0.0142
0.01586
0.01817
0.02098
0.02408
0.0273
0.03061
0.03403
0.03752
0.04094
0.04414
0.04704
0.04963
0.05196
0.05399
0.05561
0.05659
0.05676
0.05607
0.0546
0.05253
0.05005
0.04735
0.04462
0.04204
0.03966
0.03751
0.03555
0.03382
0.03238
0.03133
0.03064
0.0302
0.02982
0.02933
0.02867
0.02792
0.02718
0.02655
0.02601
0.02551
0.02494
0.02428
0.02356
0.02292
0.02248
0.02235
0.02251
0.02285
0.02324
0.02357
0.02384
0.02415
0.0246
0.02522
0.02586
0.02625
0.02608
0.0252
0.0237
0.02193
0.02029
0.01904
0.01822
0.01762
0.01699
0.01616
0.01512
0.01405
0.01319
0.01275
0.0129
0.01371
0.01513
0.01705
0.01924
0.02154
0.0238
0.02603
0.02829
0.03065
0.03315
0.03567
0.03799
0.03985
0.04104
0.04148
0.04132
0.04076
0.04
0.03911
0.03799
0.03636
0.03393
0.03043
0.02565
0.01948
0.01183
0.00271
-0.00778
-0.01933
-0.03145
-0.04364
-0.05549
-0.06687
-0.07791
-0.08883
-0.09981
-0.11078
-0.12149
-0.13155
-0.14057
-0.14834
-0.15489
-0.16038
-0.16504
-0.16896
-0.1721
-0.17437
-0.17575
-0.17638
-0.1765
-0.17638
-0.17625
-0.17625
-0.17638
-0.17659
-0.1768
-0.17687
-0.17662
-0.17588
-0.17453
-0.17263
-0.17032
-0.16782
-0.16532
-0.16296
-0.16077
-0.15874
-0.15675
-0.15466
-0.15236
-0.14989
-0.14745
-0.14535
-0.14385
-0.14306
-0.14281
-0.14276
-0.14252
-0.1417
-0.14008
-0.13757
-0.13422
-0.13019
-0.12565
-0.12083
-0.11586
-0.11085
-0.10585
-0.10088
-0.09592
-0.09085
-0.08548
-0.0796
-0.07301
-0.06567
-0.05783
-0.04992
-0.0425
-0.03596
-0.0304
-0.02555
-0.021
-0.01638
-0.01161
-0.0069
-0.00261
0.00097
0.00379
0.0061
0.00832
0.01094
0.01424
0.0183
0.02291
0.02778
0.03268
0.03752
0.04238
0.04741
0.05263
0.0579
0.06295
0.06747
0.07122
0.07412
0.0761
0.07715
0.0772
0.07619
0.07404
0.07075
0.06635
0.0609
0.05459
0.04768
0.04055
0.03357
0.02699
0.02091
0.01528
0.01003
0.00515
0.00067
-0.00343
-0.00723
-0.01087
-0.0145
-0.01816
-0.02179
-0.02515
-0.02791
-0.02979
-0.03058
-0.03033
-0.02932
-0.02799
-0.02678
-0.02594
-0.02553
-0.02541
-0.02544
-0.02555
-0.02582
-0.02643
-0.02758
-0.02932
-0.03156
-0.03407
-0.03659
-0.03891
-0.04094
-0.04272
-0.04438
-0.04605
-0.04785
-0.04976
-0.05176
-0.05387
-0.05621
-0.059
-0.06245
-0.06665
-0.07156
-0.07702
-0.08281
-0.08871
-0.09444
-0.09974
-0.10434
-0.10801
-0.1106
-0.11194
-0.11187
-0.11026
-0.10708
-0.10249
-0.09679
-0.09045
-0.08388
-0.07744
-0.07138
-0.06588
-0.06113
-0.05729
-0.05452
-0.05287
-0.05231
-0.05279
-0.05422
-0.05652
-0.05961
-0.06336
-0.06767
-0.07243
-0.07759
-0.08325
-0.08956
-0.09659
-0.10413
-0.11167
-0.11855
-0.12421
-0.12828
-0.1306
-0.13114
-0.12994
-0.12707
-0.1226
-0.11655
-0.1089
-0.09959
-0.08859
-0.07609
-0.06252
-0.04854
-0.03475
-0.02152
-0.0089
0.0033
0.01532
0.02729
0.03914
0.05063
0.06154
0.07181
0.08159
0.09112
0.10061
0.11006
0.11931
0.12818
0.13658
0.14445
0.15176
0.15844
0.16434
0.16929
0.17314
0.17583
0.17736
0.17784
0.1774
0.17628
0.1747
0.17288
0.17093
0.16889
0.16681
0.16478
0.16291
0.16127
0.15978
0.15823
0.15634
0.15392
0.15091
0.14748
0.1439
0.14042
0.13713
0.13389
0.13039
0.12632
0.12151
0.11607
0.11031
0.10459
0.0992
0.09423
0.08963
0.08533
0.08123
0.07731
0.07352
0.06985
0.06625
0.06269
0.05912
0.05547
0.0517
0.04784
0.04398
0.0402
0.03656
0.03299
0.02933
0.02536
0.02089
0.01593
0.01064
0.00527
0.0001
-0.00475
-0.00924
-0.01344
-0.01738
-0.02103
-0.02428
-0.02696
-0.0289
-0.02994
-0.02994
-0.02885
-0.02666
-0.0235
-0.01963
-0.01549
-0.0115
-0.00798
-0.00502
-0.00247
-0.0001
0.00232
0.00492
0.00768
0.01046
0.01315
0.01569
0.01815
0.02072
0.02352
0.02663
0.02999
0.03352
0.03708
0.04056
0.04382
