0.00007
0.00048
0.00157
0.00334
0.00527
0.00673
0.00739
0.00733
0.00687
0.00638
0.00605
0.00594
0.00597
0.00603
0.00605
0.00601
0.00591
0.0058
0.0057
0.00562
0.00555
0.0055
0.00544
0.00537
0.00529
0.00519
0.00509
0.005
0.00491
0.00483
0.00476
0.00469
0.00462
0.00455
0.00447
0.00439
0.0043
0.00422
0.00415
0.00408
0.00401
0.00393
0.00384
0.00373
0.00361
0.00349
0.00337
0.00326
0.00316
0.00309
0.00303
0.003
0.00298
0.00298
0.00299
0.003
0.00303
0.00304
0.00304
0.00301
0.00295
0.00287
0.00277
0.00265
0.00252
0.00237
0.00219
0.00198
0.00175
0.00151
0.00128
0.00108
0.00092
0.00079
0.00071
0.00065
0.00062
0.00061
0.00058
0.00054
0.00047
0.00038
0.00027
0.00016
0.00005
-0.00008
-0.00023
-0.00041
-0.00061
-0.00082
-0.00101
-0.00115
-0.00121
-0.00119
-0.00108
-0.0009
-0.00069
-0.00046
-0.00025
-0.00011
-0.00006
-0.00013
-0.0003
-0.00053
-0.00078
-0.00102
-0.00126
-0.00149
-0.00173
-0.00198
-0.00224
-0.0025
-0.00274
-0.00295
-0.0031
-0.00317
-0.00313
-0.00298
-0.00275
-0.00251
-0.00234
-0.00228
-0.00236
-0.00255
-0.00281
-0.00306
-0.00326
-0.0034
-0.00349
-0.00355
-0.0036
-0.00367
-0.00377
-0.00389
-0.00402
-0.00415
-0.00423
-0.00424
-0.00414
-0.00391
-0.00356
-0.00311
-0.00264
-0.00223
-0.00199
-0.002
-0.00226
-0.00274
-0.00333
-0.0039
-0.00433
-0.00456
-0.00459
-0.00448
-0.00432
-0.00421
-0.00422
-0.00438
-0.00464
-0.00495
-0.00526
-0.00553
-0.00577
-0.00599
-0.00619
-0.00637
-0.00654
-0.00667
-0.00677
-0.00686
-0.007
-0.00725
-0.00761
-0.00802
-0.00836
-0.00847
-0.00826
-0.00771
-0.0069
-0.00601
-0.00521
-0.00465
-0.0044
-0.00448
-0.00482
-0.00539
-0.00616
-0.00715
-0.00839
-0.00986
-0.0115
-0.0132
-0.01481
-0.01622
-0.01734
-0.01814
-0.01858
-0.01863
-0.01824
-0.0174
-0.01611
-0.01443
-0.01244
-0.01029
-0.00816
-0.00623
-0.00464
-0.00346
-0.00272
-0.00238
-0.00239
-0.00265
-0.00304
-0.00339
-0.00361
-0.00366
-0.00362
-0.00357
-0.00363
-0.00386
-0.00429
-0.00492
-0.00567
-0.00639
-0.00689
-0.00696
-0.00647
-0.00543
-0.00393
-0.00211
-0.00013
0.00189
0.00386
0.00572
0.00742
0.00891
0.01016
0.01113
0.01183
0.01227
0.01248
0.01249
0.01226
0.01176
0.01091
0.00966
0.00801
0.00608
0.00402
0.00206
0.0004
-0.00081
-0.00143
-0.00139
-0.00073
0.00044
0.00188
0.00338
0.00469
0.00564
0.00611
0.00606
0.00553
0.00458
0.0033
0.00182
0.00029
-0.00115
-0.00245
-0.0037
-0.00506
-0.00664
-0.00842
-0.01025
-0.01187
-0.01304
-0.01367
-0.01378
-0.01351
-0.01305
-0.0126
-0.01226
-0.01207
-0.01197
-0.01182
-0.01147
-0.01083
-0.00989
-0.00874
-0.00752
-0.00634
-0.00529
-0.00434
-0.00344
-0.00249
-0.00134
0.00012
0.00197
0.00413
0.00639
0.00843
0.00987
0.0104
0.00985
0.0082
0.00564
0.00251
-0.00078
-0.00385
-0.00638
-0.00814
-0.00901
-0.00894
-0.00791
-0.00597
-0.00326
-0.00005
0.00331
0.00645
0.00913
0.01121
0.01271
0.01372
0.01436
0.01475
0.01492
0.01491
0.0147
0.01429
0.01365
0.01275
0.01157
0.01017
0.00869
0.0073
0.00614
0.00529
0.00469
0.00428
0.00396
0.00373
0.00361
0.00373
0.00424
0.00528
0.00692
0.00914
0.01174
0.01441
0.01677
0.01849
0.01939
0.01957
0.01932
0.01907
0.0192
0.01992
0.02126
0.02304
0.02499
0.0268
0.02818
0.02888
0.02877
0.02779
0.02603
0.02364
0.02081
0.01768
0.01434
0.01091
0.00757
0.00456
0.00214
0.00045
-0.00053
-0.00095
-0.00098
-0.00081
-0.00051
-0.0001
0.00046
0.00122
0.00217
0.00324
0.0043
0.00518
0.00575
0.00593
0.00567
0.00504
0.00408
0.0029
0.00162
0.00034
-0.00087
-0.00194
-0.00287
-0.00363
-0.00416
-0.00437
-0.0042
-0.00367
-0.00289
-0.00203
-0.00127
-0.00072
-0.00041
-0.00027
-0.00019
-0.00002
0.00039
0.0012
0.00255
0.0046
0.00739
0.01084
0.01473
0.01872
0.02243
0.02547
0.02751
0.02833
0.02784
0.0261
0.02328
0.01966
0.01554
0.01119
0.00672
0.00214
-0.00259
-0.00753
-0.01258
-0.0175
-0.02199
-0.02573
-0.02856
-0.03047
-0.03155
-0.03196
-0.03188
-0.03142
-0.03066
-0.0296
-0.02825
-0.02663
-0.0248
-0.02288
-0.02098
-0.0192
-0.01754
-0.01596
-0.01439
-0.01281
-0.0113
-0.01004
-0.00925
-0.00915
-0.00978
-0.01109
-0.01286
-0.01487
-0.01692
-0.01885
-0.02059
-0.02211
-0.02341
-0.02455
-0.0256
-0.02663
-0.02776
-0.02904
-0.03047
-0.03195
-0.03324
-0.03407
-0.03422
-0.03351
-0.03189
-0.02942
-0.02624
-0.02252
-0.01845
-0.01409
-0.00946
-0.00451
0.00078
0.00631
0.01188
0.01723
0.02202
0.02597
0.02887
0.03059
0.03115
0.03068
0.02945
0.02776
0.02589
0.02403
0.02228
0.02064
0.01912
0.01768
0.01625
0.01471
0.01288
0.01066
0.00804
0.00515
0.00225
-0.00037
-0.00246
-0.00386
-0.00451
-0.00445
-0.00379
-0.00271
-0.00141
-0.00012
0.00097
0.00171
0.00205
0.00203
0.00172
0.00125
0.00075
0.00031
0.00002
-0.00007
0.00001
0.00017
0.00022
0.00002
-0.00053
-0.00144
-0.00263
-0.00396
-0.00532
-0.00665
-0.00793
-0.00916
-0.01035
-0.01154
-0.01277
-0.01408
-0.01549
-0.01696
-0.01847
-0.01995
-0.0213
-0.02243
-0.02327
-0.02382
-0.0241
-0.02414
-0.02393
-0.02339
-0.02244
-0.02108
-0.01939
-0.01757
-0.01588
-0.01459
-0.01388
-0.01385
-0.01447
-0.0156
-0.01702
-0.01845
-0.01961
-0.02028
-0.02033
-0.01975
-0.01867
-0.01728
-0.01582
-0.01453
-0.0136
-0.01318
-0.01331
-0.01389
-0.01471
-0.01549
-0.01599
-0.01606
-0.01567
-0.01488
-0.01386
-0.01274
-0.01165
-0.01061
-0.00953
-0.0083
-0.0068
-0.005
-0.00297
-0.00092
0.00091
0.00228
0.00298
0.00289
0.00201
0.00045
-0.00156
-0.00377
-0.00588
-0.00763
-0.00879
-0.00917
-0.0087
-0.00735
-0.00522
-0.00249
0.00056
0.00361
0.00632
0.00844
0.00984
0.01057
0.0108
0.01078
0.01076
0.01093
0.01136
0.01201
0.0127
0.01316
0.01307
0.01212
0.01011
0.00703
0.0031
-0.00128
-0.00554
-0.00917
-0.01181
-0.01337
-0.01399
-0.01396
-0.01358
-0.01303
-0.01239
-0.01163
-0.01074
-0.00969
-0.00852
-0.00731
-0.00621
-0.00537
-0.00494
-0.00502
-0.00561
-0.00658
-0.00777
-0.00897
-0.00997
-0.0106
-0.01075
-0.0104
-0.00965
-0.00871
-0.00784
-0.00727
-0.00711
-0.00728
-0.00754
-0.0075
-0.00674
-0.00491
-0.00183
0.00237
0.00733
0.01248
0.01721
0.021
0.02352
0.0247
0.0247
0.02389
0.02266
0.02142
0.02048
0.02008
0.02034
0.02124
0.02264
0.02426
0.02578
0.02686
0.02722
0.02674
0.02542
0.02341
0.02097
0.01839
0.01596
0.0139
0.01232
0.0112
0.01042
0.00978
0.00913
0.00836
0.00751
0.00669
0.00609
0.00586
0.00609
0.00674
0.00765
0.00863
0.00951
0.01019
0.01065
0.01095
0.01114
0.01129
0.01144
0.01161
0.01184
0.01218
0.01268
0.01332
0.014
0.01453
0.01472
0.01442
0.01357
0.01218
0.01029
0.00794
0.00517
0.00208
-0.0012
-0.00443
-0.00736
-0.00977
-0.01157
-0.01275
-0.0134
-0.01363
-0.01351
-0.01308
-0.01231
-0.01118
-0.00964
-0.0077
-0.00542
-0.00295
-0.00054
0.00148
0.00276
0.00306
0.00233
0.00074
-0.00129
-0.00327
-0.00474
-0.00534
-0.00494
-0.00355
-0.00137
0.00137
0.00447
0.00782
0.01134
0.01498
0.01859
0.02197
0.02495
0.02739
0.02924
0.03056
0.03145
0.03195
0.03209
0.03187
0.03129
0.03045
0.02954
0.02877
0.02836
0.02846
0.0292
0.03065
0.03285
0.03574
0.03914
0.04273
0.04614
0.049
0.05105
0.05209
0.05203
0.05083
0.04847
0.04501
0.04062
0.03557
0.03018
0.02479
0.0197
0.01517
0.01137
0.00839
0.00623
0.00486
0.00418
0.00408
0.00438
0.0049
0.00545
0.00585
0.00592
0.00556
0.00475
0.00355
0.00212
0.00063
-0.00075
-0.00191
-0.00278
-0.00329
-0.00342
-0.0032
-0.00266
-0.00191
-0.00104
-0.00022
0.00039
0.00067
0.00052
-0.00003
-0.0009
-0.00198
-0.00321
-0.00459
-0.0062
-0.00816
-0.01056
-0.01345
-0.01678
-0.02046
-0.02431
-0.02807
-0.03145
-0.03418
-0.03612
-0.03728
-0.03776
-0.03773
-0.03726
-0.03632
-0.03475
-0.03236
-0.02901
-0.02465
-0.01942
-0.0136
-0.00764
-0.00201
0.00282
0.00654
0.00905
0.01043
0.01082
0.01039
0.00928
0.00762
0.00555
0.00328
0.00103
-0.00096
-0.00249
-0.00346
-0.00394
-0.0041
-0.0042
-0.00449
-0.00516
-0.00632
-0.00806
-0.01048
-0.01376
-0.01814
-0.02381
-0.03079
-0.03884
-0.04744
-0.05587
-0.06334
-0.06916
-0.07282
-0.07405
-0.07282
-0.06924
-0.06361
-0.0563
-0.04772
-0.03828
-0.02833
-0.01813
-0.00785
0.00234
0.01231
0.02198
0.03129
0.04013
0.04825
0.05524
0.06063
0.064
0.06507
0.06379
0.06034
0.05504
0.04828
0.04037
0.03157
0.02205
0.01194
0.00141
-0.00926
-0.01965
-0.02922
-0.03738
-0.04363
-0.04763
-0.04924
-0.04854
-0.04575
-0.04118
-0.03518
-0.02812
-0.02044
-0.01261
-0.00502
0.00208
0.00857
0.01444
0.01973
0.02441
0.02844
0.03172
0.0342
0.0359
0.03694
0.03753
0.03791
0.03829
0.03879
0.03943
0.04013
0.04075
0.04112
0.04112
0.04062
0.03959
0.03805
0.03608
0.03378
0.03131
0.02886
0.02665
0.0249
0.02372
0.02314
0.0231
0.02346
0.02409
0.02491
0.02589
0.02712
0.02877
0.031
0.03395
0.03758
0.04172
0.04601
0.05002
0.05331
0.05549
0.05636
0.05584
0.05397
0.05089
0.04678
0.04182
0.03625
0.03029
0.02421
0.01828
0.01275
0.00778
0.00347
-0.00015
-0.0031
-0.00543
-0.00722
-0.00853
-0.00941
-0.00983
-0.00969
-0.00886
-0.00718
-0.0046
-0.00119
0.00279
0.00697
0.01095
0.01431
0.01664
0.01759
0.01688
0.0144
0.01024
0.00469
-0.00179
-0.00867
-0.01543
-0.02166
-0.02706
-0.03152
-0.035
-0.03758
-0.03947
-0.041
-0.04267
-0.045
-0.04839
-0.05298
-0.05862
-0.06493
-0.07137
-0.07743
-0.08264
-0.08659
-0.08886
-0.08904
-0.08677
-0.08186
-0.07442
-0.06489
-0.054
-0.0426
-0.03144
-0.02106
-0.01171
-0.00338
0.00406
0.01075
0.01681
0.02234
0.02748
0.0324
0.0372
0.04185
0.04608
0.04949
0.05164
0.05224
0.05125
0.0489
0.04562
0.04197
0.03847
0.03555
0.03344
0.03221
0.03175
0.0318
0.03203
0.03201
0.03136
0.0297
0.02682
0.02263
0.01732
0.01124
0.00494
-0.001
-0.00604
-0.0098
-0.01211
-0.01307
-0.01294
-0.01214
-0.01113
-0.01032
-0.01
-0.01025
-0.01087
-0.01151
-0.01165
-0.01076
-0.00835
-0.00409
0.0022
0.01047
0.02039
0.0314
0.04271
0.05341
0.06254
0.06922
0.07274
0.07267
0.06891
0.06172
0.05169
0.03964
0.02649
0.01315
0.00038
-0.01123
-0.02132
-0.02976
-0.03662
-0.04211
-0.04649
-0.04999
-0.05281
-0.05512
-0.05714
-0.05907
-0.06101
-0.06293
-0.06458
-0.06559
-0.06554
-0.0641
-0.0611
-0.05657
-0.05075
-0.04393
-0.03643
-0.02849
-0.02029
-0.01199
-0.00378
0.00406
0.01119
0.01725
0.02196
0.02518
0.02692
0.02733
0.02661
0.02501
0.02279
0.02021
0.0175
0.01483
0.01235
0.01016
0.00837
0.0071
0.00647
0.00654
0.00728
0.00856
0.01014
0.0117
0.01297
0.01373
0.01386
0.01337
0.01239
0.01113
0.0098
0.00858
0.0076
0.00689
0.00636
0.00581
0.00497
0.0037
0.00202
0.0002
-0.00133
-0.00212
-0.0018
-0.0002
0.00265
0.00651
0.01105
0.01586
0.02049
0.02448
0.02738
0.02881
0.0285
0.02641
0.02274
0.0179
0.01252
0.00727
0.00281
-0.00042
-0.00221
-0.00265
-0.00209
-0.00107
-0.00023
-0.00024
-0.00161
-0.00469
-0.00955
-0.01598
-0.02352
-0.03152
-0.03928
-0.04607
-0.0512
-0.05404
-0.05412
-0.05121
-0.04545
-0.03731
-0.02748
-0.01672
-0.00567
0.00515
0.01536
0.02467
0.0328
0.03945
0.04441
0.04764
0.04944
0.05037
0.05124
0.05286
0.0559
0.06072
0.06739
0.07566
0.08508
0.0951
0.10516
0.11463
0.12293
0.12949
0.13381
0.13552
0.13443
0.13054
0.12407
0.11548
0.10541
0.0946
0.08376
0.07353
0.06438
0.0566
0.05039
0.04587
0.0431
0.04211
0.04283
0.04511
0.04869
0.05311
0.05781
0.06217
0.06567
0.06805
0.06933
0.06984
0.07005
0.07042
0.07132
0.07301
0.07562
0.0792
0.08367
0.08881
0.09427
0.09961
0.10435
0.10806
0.11041
0.11124
0.11057
0.10863
0.1058
0.10255
0.09936
0.09662
0.09463
0.09351
0.09325
0.09366
0.09443
0.09512
0.09534
0.09474
0.09319
0.09071
0.08748
0.08378
0.07989
0.07603
0.07231
0.06871
0.06513
0.06146
0.05767
0.05386
0.05017
0.04677
0.0437
0.04091
0.03816
0.03515
0.03151
0.02703
0.02165
0.01554
0.00907
0.00273
-0.00297
-0.00766
-0.01116
-0.0135
-0.01485
-0.01545
-0.01554
-0.01531
-0.01493
-0.01446
-0.01391
-0.01321
-0.01219
-0.01062
-0.00824
-0.00484
-0.00026
0.00558
0.01258
0.02049
0.02888
0.03725
0.04508
0.05194
0.05764
0.06224
0.06609
0.06973
0.07372
0.07849
0.08417
0.09058
0.09722
0.10348
0.10877
0.11271
0.11523
0.11651
0.11692
0.11694
0.11702
0.11757
0.11881
0.12074
0.12307
0.12529
0.12677
0.12686
0.12513
0.12133
0.11552
0.1079
0.09884
0.0888
0.07823
0.06764
0.0575
0.04824
0.04017
0.03345
0.02801
0.02356
0.01954
0.01508
0.00912
0.00045
-0.01198
-0.02893
-0.05067
-0.07691
-0.10684
-0.13929
-0.17302
-0.20695
-0.24036
-0.27283
-0.30406
-0.33372
-0.36138
-0.38663
-0.40916
-0.42895
-0.44617
-0.46114
-0.4742
-0.48567
-0.49582
-0.50499
-0.51357
-0.52195
-0.53036
-0.53867
-0.5464
-0.55281
-0.55709
-0.55867
-0.55731
-0.55323
-0.54694
-0.53916
-0.53056
-0.5217
-0.51294
-0.50446
-0.49631
-0.48845
-0.48078
-0.47315
-0.4654
-0.45739
-0.44906
-0.44043
-0.43149
-0.42215
-0.41223
-0.40155
-0.39003
-0.37775
-0.36493
-0.3519
-0.339
-0.32645
-0.31434
-0.30271
-0.29157
-0.28104
-0.27132
-0.26266
-0.2553
-0.2494
-0.24502
-0.24225
-0.24117
-0.24194
-0.24462
-0.24916
-0.25525
-0.2624
-0.27005
-0.27771
-0.28512
-0.2922
-0.29892
-0.30511
-0.31037
-0.31405
-0.3154
-0.31373
-0.30852
-0.29953
-0.2867
-0.27022
-0.25045
-0.22784
-0.20293
-0.17632
-0.14874
-0.12103
-0.09413
-0.0689
-0.04597
-0.02566
-0.00798
0.00719
0.01996
0.03031
0.03814
0.04323
0.04539
0.0445
0.04052
0.03359
0.02395
0.01198
-0.00187
-0.01705
-0.03301
-0.04925
-0.06534
-0.08092
-0.09567
-0.10919
-0.12104
-0.13081
-0.13816
-0.143
-0.14545
-0.14587
-0.14471
-0.14237
-0.13902
-0.13459
-0.12883
-0.12144
-0.11218
-0.10097
-0.08794
-0.07341
-0.05784
-0.04174
-0.02549
-0.00928
0.00689
0.02322
0.03997
0.0574
0.07569
0.09484
0.11472
0.13509
0.15579
0.17684
0.19845
0.22092
0.24445
0.26899
0.2942
0.31952
0.34433
0.36815
0.39087
0.41279
0.43458
0.45707
0.48103
0.50698
0.53507
0.56512
0.59673
0.62941
0.66264
0.69595
0.72888
0.7609
0.79135
0.81947
0.84447
0.86569
0.8828
0.89586
0.90526
0.91163
0.91557
0.91754
0.91768
0.91585
0.91161
0.90434
0.89332
0.87799
0.8581
0.83397
0.80652
0.77709
0.74702
0.71723
0.6881
0.65945
0.63087
0.60189
0.5722
0.54151
0.50957
0.47604
0.44056
0.4029
0.36302
0.3211
0.27759
0.2331
0.18844
0.14459
0.10252
0.06317
0.0273
-0.00452
-0.03192
-0.05474
-0.07294
-0.08652
-0.09549
-0.09976
-0.09914
-0.09342
-0.08236
-0.06583
-0.04384
-0.01661
0.01533
0.05121
0.09005
0.1308
0.17242
0.21403
0.25504
0.29517
0.33436
0.3725
0.40928
0.44405
0.47604
0.5045
0.52899
0.54946
0.56617
0.57942
0.58933
0.59565
0.59773
0.59472
0.58586
0.57073
0.54945
0.52257
0.49096
0.45553
0.41711
0.37643
0.33417
0.29111
0.24816
0.20629
0.16648
0.12947
0.0957
0.0652
0.03772
0.01278
-0.01013
-0.03156
-0.05202
-0.072
-0.09199
-0.11245
-0.13381
-0.15637
-0.18014
-0.2047
-0.22926
-0.25281
-0.27451
-0.29383
-0.31058
-0.32476
-0.33647
-0.34588
-0.35322
-0.35889
-0.36341
-0.36743
-0.37165
-0.37674
-0.38325
-0.39159
-0.40202
-0.41461
-0.42928
-0.44576
-0.46369
-0.48262
-0.50216
-0.52197
-0.54179
-0.56139
-0.5805
-0.59879
-0.61592
-0.63162
-0.64574
-0.65829
-0.66929
-0.67875
-0.68659
-0.69259
-0.69652
-0.6982
-0.69766
-0.69512
-0.69101
-0.68583
-0.68007
-0.67409
-0.66807
-0.66198
-0.65552
-0.64814
-0.63898
-0.62694
-0.61079
-0.58937
-0.56187
-0.52799
-0.48804
-0.44282
-0.39342
-0.34109
-0.28721
-0.23331
-0.18104
-0.13213
-0.08828
-0.051
-0.02144
-0.00016
0.013
0.01889
0.01894
0.01493
0.00861
0.00145
-0.0055
-0.01167
-0.01686
-0.02119
-0.02503
-0.02895
-0.03359
-0.03953
-0.04718
-0.0567
-0.06807
-0.0812
-0.09609
-0.11287
-0.13176
-0.15297
-0.17662
-0.20266
-0.23088
-0.26091
-0.2922
-0.32409
-0.35576
-0.38623
-0.41423
-0.43806
-0.45566
-0.46477
-0.46346
-0.45044
-0.42538
-0.38886
-0.34217
-0.28698
-0.22519
-0.15883
-0.09003
-0.02097
0.04633
0.11026
0.16973
0.22428
0.27396
0.31924
0.36096
0.40011
0.43773
0.47474
0.51179
0.54928
0.58733
0.62581
0.66423
0.70179
0.73736
0.76981
0.79826
0.8224
0.8425
0.85928
0.87353
0.88575
0.89583
0.90287
0.9051
0.90006
0.88471
0.85584
0.81049
0.74648
0.66293
0.56049
0.44143
0.30934
0.16877
0.0249
-0.11682
-0.25105
-0.37312
-0.47965
-0.5691
-0.64184
-0.69975
-0.74558
-0.78219
-0.81211
-0.83729
-0.85912
-0.87856
-0.89634
-0.91307
-0.92922
-0.94508
-0.96058
-0.9752
-0.9878
-0.99674
-1.00002
-0.99564
-0.98199
-0.9582
-0.92417
-0.88054
-0.82839
-0.76906
-0.70401
-0.6348
-0.56319
-0.49119
-0.42103
-0.35497
-0.29493
-0.24231
-0.19792
-0.16206
-0.13466
-0.11542
-0.1039
-0.09949
-0.10135
-0.10836
-0.11914
-0.13227
-0.14645
-0.16065
-0.17412
-0.18626
-0.19647
-0.204
-0.20803
-0.20774
-0.20247
-0.19193
-0.17628
-0.15616
-0.13266
-0.10706
-0.08073
-0.05485
-0.03037
-0.00793
0.01214
0.0298
0.04522
0.05873
0.07066
0.08139
0.09123
0.10045
0.10925
0.1178
0.1262
0.13456
0.14292
0.15127
0.15952
0.16757
0.17531
0.1826
0.18925
0.19502
0.19957
0.20252
0.2035
0.20217
0.19827
0.19161
0.18212
0.16976
0.15452
0.13645
0.11573
0.09272
0.06803
0.0424
0.01654
-0.00895
-0.03359
-0.05701
-0.07887
-0.09888
-0.1168
-0.13245
-0.14575
-0.15667
-0.16522
-0.17135
-0.17495
-0.17578
-0.17351
-0.16771
-0.158
-0.14401
-0.12549
-0.1023
-0.0745
-0.04238
-0.00647
0.03248
0.07359
0.11596
0.15862
0.20054
0.24065
0.27784
0.31121
0.34017
0.36455
0.38452
0.40048
0.41293
0.42244
0.42963
0.43511
0.43936
0.44261
0.44474
0.44529
0.44356
0.43886
0.43057
0.41833
0.40214
0.38234
0.35955
0.33455
0.30809
0.28088
0.25358
0.22679
0.20109
0.17694
0.15462
0.13425
0.11579
0.09918
0.08444
0.07179
0.06156
0.05415
0.04981
0.0485
0.04989
0.05339
0.05834
0.06406
0.07002
0.07584
0.08132
0.08642
0.09123
0.09594
0.10086
0.10632
0.11262
0.11997
0.12842
0.13786
0.14803
0.15861
0.16934
0.18006
0.1907
0.20125
0.21169
0.22195
0.23194
0.24149
0.25044
0.25857
0.26568
0.27159
0.27615
0.27926
0.2809
0.28107
0.27979
0.27706
0.27277
0.2667
0.25852
0.24784
0.23431
0.21769
0.19797
0.17541
0.1505
0.12392
0.0964
0.06866
0.04133
0.01507
-0.00949
-0.0317
-0.05091
-0.06657
-0.07828
-0.08589
-0.08953
-0.08958
-0.08661
-0.08126
-0.0741
-0.06557
-0.05589
-0.04513
-0.03328
-0.02033
-0.00634
0.00856
0.02418
0.04036
0.057
0.07402
0.09135
0.1088
0.12605
0.14267
0.15823
0.17234
0.18476
0.1954
0.20434
0.21176
0.21788
0.22285
0.22666
0.22915
0.22999
0.22879
0.22524
0.21922
0.21081
0.20025
0.18778
0.17351
0.15744
0.13952
0.11978
0.09842
0.07576
0.05217
0.02796
0.00336
-0.02147
-0.04638
-0.07115
-0.0955
-0.11908
-0.14157
-0.16261
-0.18182
-0.19876
-0.2129
-0.22375
-0.23086
-0.23395
-0.23295
-0.22798
-0.21932
-0.20734
-0.19248
-0.17514
-0.15573
-0.13457
-0.11192
-0.08801
-0.06309
-0.03759
-0.01211
0.0126
0.03578
0.05675
0.07496
0.09
0.10154
0.10929
0.11303
0.11265
0.10819
0.09991
0.08817
0.07331
0.0556
0.03526
0.01261
-0.01173
-0.03678
-0.06137
-0.0844
-0.10512
-0.1233
-0.13909
-0.15276
-0.16452
-0.17439
-0.18225
-0.18796
-0.19151
-0.19308
-0.19305
-0.19186
-0.18988
-0.18724
-0.18376
-0.17906
-0.1726
-0.16391
-0.15264
-0.1386
-0.12177
-0.10224
-0.08018
-0.05588
-0.02971
-0.00218
0.02603
0.05411
0.08125
0.10675
0.13014
0.15122
0.17003
0.18673
0.20152
0.21455
0.22593
0.23569
0.2438
0.25027
0.2551
0.25836
0.26012
0.26044
0.25926
0.2564
0.25155
0.24432
0.23426
0.221
0.20431
0.1842
0.16094
0.13511
0.10751
0.07903
0.05054
0.02284
-0.00343
-0.02776
-0.04982
-0.06947
-0.08673
-0.1018
-0.11497
-0.12661
-0.137
-0.14629
-0.1545
-0.16154
-0.16731
-0.17175
-0.17478
-0.17634
-0.1763
-0.17452
-0.17085
-0.16526
-0.15777
-0.14852
-0.13773
-0.1257
-0.11283
-0.09961
-0.08662
-0.07445
-0.06361
-0.05443
-0.04703
-0.04127
-0.03685
-0.03338
-0.03047
-0.02777
-0.02501
-0.02196
-0.01839
-0.01404
-0.00871
-0.00226
0.00531
0.01386
0.0231
0.03267
0.04226
0.05167
0.06077
0.06949
0.07777
0.08552
0.09274
0.09952
0.10602
0.11247
0.1191
0.12605
0.13341
0.14118
0.14922
0.1573
0.16507
0.17212
0.17802
0.18244
0.18512
0.1859
0.18462
0.18111
0.17527
0.16712
0.15682
0.1447
0.13125
0.11701
0.10252
0.08816
0.07418
0.06071
0.04784
0.03572
0.02449
0.01434
0.0053
-0.00274
-0.01008
-0.01708
-0.02412
-0.03141
-0.03897
-0.04664
-0.05409
-0.06087
-0.06655
-0.07074
-0.07317
-0.07373
-0.07247
-0.06961
-0.06549
-0.06054
-0.05524
-0.05008
-0.04556
-0.04214
-0.04014
-0.0397
-0.04075
-0.04303
-0.04609
-0.0493
-0.05187
-0.05293
-0.05167
-0.04751
-0.04021
-0.02989
-0.01697
-0.00202
0.01434
0.03152
0.04907
0.06669
0.08418
0.10136
0.11803
0.13388
0.14862
0.16207
0.17426
0.18542
0.19589
0.20599
0.2159
0.22572
0.23544
0.24504
0.25446
0.26364
0.27242
0.28057
0.28781
0.29382
0.2983
0.30093
0.30139
0.29934
0.29436
0.28607
0.27416
0.25853
0.23929
0.21684
0.19173
0.1647
0.13665
0.10856
0.0814
0.05606
0.03323
0.01338
-0.00328
-0.01674
-0.02715
-0.0348
-0.04004
-0.04334
-0.0452
-0.04616
-0.04665
-0.04694
-0.0471
-0.04705
-0.0466
-0.04551
-0.04359
-0.04062
-0.03644
-0.03091
-0.02403
-0.01588
-0.00663
0.00347
0.01418
0.0252
0.03621
0.04686
0.05681
0.06574
0.07333
0.07931
0.08347
0.08579
0.08638
0.08541
0.08303
0.07928
0.07412
0.06749
0.0594
0.04999
0.03953
0.02845
0.01721
0.00624
-0.0041
-0.01359
-0.02204
-0.02923
-0.03493
-0.03881
-0.04049
-0.03961
-0.03589
-0.02922
-0.01969
-0.00763
0.00645
0.0219
0.038
0.05404
0.06933
0.08326
0.09529
0.10495
0.11191
0.116
0.11725
0.11595
0.11263
0.10794
0.1025
0.09685
0.09135
0.08622
0.08159
0.07749
0.07389
0.07065
0.0676
0.06458
0.06153
0.05848
0.05554
0.05283
0.05036
0.04809
0.04589
0.04362
0.04116
0.03838
0.0352
0.03161
0.02767
0.02355
0.01949
0.01571
0.01231
0.00917
0.00605
0.0026
-0.00145
-0.00624
-0.01182
-0.01815
-0.02511
-0.03257
-0.04036
-0.0483
-0.05629
-0.06428
-0.07234
-0.08055
-0.08897
-0.09763
-0.10643
-0.11522
-0.12383
-0.13209
-0.13978
-0.14667
-0.15246
-0.15686
-0.15964
-0.16066
-0.15988
-0.15737
-0.15324
-0.14773
-0.14112
-0.13385
-0.12635
-0.11904
-0.11218
-0.10589
-0.10012
-0.0948
-0.08979
-0.08494
-0.08012
-0.07521
-0.07018
-0.06511
-0.06017
-0.05553
-0.05129
-0.04747
-0.04393
-0.04044
-0.03675
-0.03264
-0.02796
-0.02264
-0.0166
-0.00976
-0.00208
0.00632
0.01512
0.02374
0.0315
0.03767
0.04172
0.04336
0.04254
0.03945
0.0344
0.02777
0.01993
0.01121
0.00186
-0.00791
-0.01794
-0.02807
-0.03816
-0.04803
-0.05754
-0.06651
-0.07473
-0.08201
-0.08813
-0.09296
-0.09645
-0.0987
-0.09992
-0.10039
-0.10041
-0.10022
-0.09998
-0.09972
-0.09941
-0.09899
-0.09842
-0.09765
-0.09665
-0.09531
-0.09354
-0.09128
-0.08852
-0.08535
-0.08194
-0.07848
-0.07519
-0.07226
-0.06983
-0.068
-0.06676
-0.06601
-0.0656
-0.06536
-0.06519
-0.06504
-0.06493
-0.06493
-0.06513
-0.06561
-0.06638
-0.06741
-0.06857
-0.06969
-0.07064
-0.07136
-0.07188
-0.07233
-0.07278
-0.07333
-0.07398
-0.07478
-0.07578
-0.07703
-0.0786
-0.08054
-0.08284
-0.08549
-0.08841
-0.09148
-0.09459
-0.09762
-0.10051
-0.1032
-0.10573
-0.10813
-0.11044
-0.11269
-0.11483
-0.1168
-0.11849
-0.11978
-0.1205
-0.12046
-0.1195
-0.11755
-0.11465
-0.11096
-0.10668
-0.10204
-0.09734
-0.09291
-0.08912
-0.08624
-0.08442
-0.08364
-0.08376
-0.08459
-0.086
-0.08783
-0.0899
-0.09199
-0.09384
-0.09526
-0.09613
-0.09647
-0.09636
-0.09586
-0.09507
-0.09406
-0.0929
-0.09165
-0.09031
-0.08888
-0.08736
-0.08583
-0.08443
-0.0834
-0.08301
-0.08348
-0.08491
-0.08722
-0.0902
-0.09354
-0.09694
-0.10023
-0.10334
-0.10635
-0.10936
-0.11245
-0.11561
-0.11874
-0.12168
-0.12428
-0.12641
-0.1279
-0.12859
-0.12829
-0.12685
-0.12415
-0.12019
-0.11501
-0.10872
-0.10144
-0.09334
-0.08466
-0.07568
-0.06671
-0.05808
-0.05006
-0.04282
-0.03645
-0.03096
-0.02635
-0.02265
-0.01991
-0.01814
-0.01724
-0.01704
-0.01729
-0.01771
-0.01803
-0.01805
-0.0176
-0.01665
-0.01525
-0.01361
-0.01204
-0.01084
-0.01021
-0.01025
-0.0109
-0.01204
-0.01351
-0.01519
-0.017
-0.01887
-0.02066
-0.02216
-0.02307
-0.02306
-0.02181
-0.01912
-0.0149
-0.00922
-0.00224
0.00582
0.01473
0.02426
0.03417
0.04428
0.05444
0.06455
0.07456
0.08435
0.09373
0.10249
0.11043
0.11739
0.12331
0.12812
0.13178
0.13424
0.13547
0.13551
0.13447
0.13256
0.13005
0.12718
0.12413
0.12094
0.11749
0.11356
0.10893
0.10342
0.09699
0.08965
0.08146
0.07253
0.06294
0.0528
0.04228
0.03154
0.02078
0.01017
-0.00017
-0.01007
-0.01936
-0.02782
-0.03524
-0.04144
-0.04631
-0.04988
-0.05225
-0.05363
-0.05427
-0.05435
-0.05395
-0.05309
-0.05172
-0.04982
-0.04739
-0.0445
-0.04126
-0.03786
-0.03456
-0.03165
-0.02942
-0.02809
-0.0278
-0.02853
-0.03013
-0.0324
-0.03512
-0.03816
-0.04145
-0.04507
-0.04905
-0.05341
-0.05803
-0.06265
-0.0669
-0.07033
-0.07254
-0.0732
-0.07216
-0.06946
-0.06531
-0.06011
-0.05433
-0.04839
-0.04259
-0.03701
-0.03161
-0.02624
-0.02081
-0.01535
-0.00997
-0.00483
-0.00012
0.00401
0.0074
0.00988
0.0113
0.01156
0.01066
0.00874
0.00604
0.00288
-0.00047
-0.00382
-0.00711
-0.01044
-0.01393
-0.01775
-0.02204
-0.02689
-0.03235
-0.03843
-0.04513
-0.05237
-0.06005
-0.06794
-0.07579
-0.08331
-0.0902
-0.09622
-0.10117
-0.10502
-0.10789
-0.11004
-0.11178
-0.11337
-0.11496
-0.11655
-0.11808
-0.11947
-0.1206
-0.12138
-0.12167
-0.1214
-0.12049
-0.11895
-0.11688
-0.11443
-0.11176
-0.10903
-0.10635
-0.10373
-0.10117
-0.09859
-0.09596
-0.09327
-0.09057
-0.08799
-0.08563
-0.08354
-0.08162
-0.07971
-0.07756
-0.07497
-0.0718
-0.06797
-0.06346
-0.05827
-0.0524
-0.04596
-0.03911
-0.03212
-0.02526
-0.01874
-0.01265
-0.00695
-0.00149
0.00392
0.00946
0.01522
0.02114
0.02705
0.03273
0.03795
0.04258
0.04655
0.04991
0.05273
0.05509
0.05706
0.05866
0.05993
0.06093
0.06172
0.06237
0.06291
0.06335
0.06373
0.06403
0.06422
0.06419
0.06379
0.06286
0.06121
0.05866
0.05503
0.05014
0.04383
0.03595
0.02645
0.01535
0.00281
-0.01091
-0.02546
-0.04045
-0.05547
-0.07009
-0.08393
-0.09669
-0.10822
-0.11846
-0.12745
-0.1352
-0.14165
-0.14667
-0.15009
-0.15181
-0.15184
-0.15031
-0.14745
-0.14353
-0.13886
-0.1337
-0.12833
-0.12294
-0.11761
-0.1123
-0.10689
-0.10128
-0.09543
-0.08944
-0.08346
-0.07772
-0.07241
-0.06763
-0.0634
-0.05968
-0.05636
-0.05338
-0.05069
-0.04832
-0.04632
-0.04477
-0.0438
-0.04355
-0.04414
-0.04566
-0.04806
-0.05123
-0.05497
-0.05904
-0.06322
-0.06729
-0.071
-0.07408
-0.07624
-0.07718
-0.07673
-0.07478
-0.07138
-0.06671
-0.06102
-0.05458
-0.04761
-0.04025
-0.03258
-0.02471
-0.01672
-0.0087
-0.00071
0.00723
0.01511
0.02287
0.03044
0.03769
0.04446
0.05058
0.05586
0.06019
0.06345
0.06557
0.06649
0.06613
0.06447
0.06153
0.0574
0.05225
0.04622
0.03947
0.03213
0.02433
0.01633
0.00847
0.00118
-0.00508
-0.00989
-0.01293
-0.01405
-0.01333
-0.011
-0.00745
-0.00303
0.00197
0.00737
0.0131
0.01911
0.02534
0.03169
0.03806
0.04441
0.05073
0.05711
0.06363
0.07035
0.0772
0.08397
0.09039
0.09609
0.10074
0.10402
0.10571
0.10571
0.10409
0.1011
0.09712
0.09258
0.08785
0.08323
0.07886
0.07474
0.07068
0.06646
0.06179
0.05648
0.05047
0.0438
0.03664
0.02924
0.02191
0.01494
0.00856
0.00285
-0.00223
-0.00687
-0.0113
-0.01575
-0.02039
-0.02521
-0.03007
-0.03476
-0.03911
-0.04301
-0.04652
-0.04974
-0.05282
-0.05582
-0.05872
-0.06146
-0.06391
-0.06596
-0.06751
-0.06843
-0.06865
-0.06808
-0.06674
-0.06465
-0.0619
-0.05855
-0.05467
-0.05028
-0.04544
-0.04023
-0.0347
-0.0289
-0.02283
-0.01644
-0.00969
-0.00261
0.00475
0.01228
0.01989
0.0275
0.03511
0.04273
0.05041
0.05819
0.06605
0.07393
0.08167
0.08909
0.09594
0.10204
0.10727
0.11163
0.11522
0.11817
0.12067
0.1229
0.12505
0.1273
0.12975
0.1324
0.13513
0.13773
0.14
0.14177
0.14301
0.14374
0.14404
0.14401
0.14369
0.14312
0.14226
0.141
0.13921
0.13673
0.13345
0.12938
0.12463
0.11942
0.11404
0.10871
0.1036
0.09874
0.09411
0.08963
0.08529
0.0811
0.07713
0.07349
0.0703
0.06764
0.06556
0.06402
0.06291
0.06212
0.06155
0.06119
0.06107
0.06129
0.06196
0.06316
0.06484
0.06689
0.06904
0.07097
0.07237
0.07303
0.07289
0.072
0.07052
0.06859
0.06632
0.06377
0.06095
0.05785
0.0544
0.05053
0.04616
0.04121
0.03569
0.02961
0.02306
0.01615
0.00902
0.00188
-0.00504
-0.01151
-0.01736
-0.02256
-0.02716
-0.03129
-0.03506
-0.0385
-0.04154
-0.04409
-0.04603
-0.04735
-0.04805
-0.04818
-0.04777
-0.04679
-0.04517
-0.04281
-0.03964
-0.03567
-0.03102
-0.02592
-0.02067
-0.01558
-0.01088
-0.00665
-0.00278
0.00094
0.00471
0.00867
0.01283
0.01708
0.02124
0.02509
0.02849
0.03135
0.03363
0.03536
0.03661
0.03752
0.03833
0.03935
0.04089
0.04326
0.04666
0.0512
0.05683
0.06333
0.0704
0.07762
0.0846
0.09106
0.09688
0.10209
0.10683
0.11122
0.11537
0.11937
0.12331
0.12726
0.13128
0.13535
0.13942
0.14342
0.14727
0.15085
0.15403
0.15662
0.15847
0.15952
0.1598
0.15947
0.15883
0.15825
0.15807
0.15849
0.15955
0.16108
0.16282
0.16449
0.16588
0.16688
0.16749
0.16777
0.1679
0.16806
0.16841
0.16897
0.1697
0.17049
0.17128
0.17206
0.17289
0.17381
0.17482
0.17578
0.17645
0.1765
0.17566
0.17376
0.17081
0.16693
0.1623
0.15695
0.15077
0.14337
0.13427
0.12295
0.10905
0.09248
0.07341
0.05222
0.02942
0.00554
-0.01897
-0.04364
-0.06803
-0.09163
-0.11399
-0.13471
-0.15358
-0.17053
-0.18564
-0.19902
-0.21081
-0.2211
-0.22995
-0.23749
-0.2439
-0.24949
-0.25454
-0.25928
-0.26378
-0.26785
-0.27112
-0.27311
-0.27327
-0.27116
-0.26645
-0.259
-0.24883
-0.23609
-0.22099
-0.20381
-0.18481
-0.16432
-0.14265
-0.12014
-0.09716
-0.07412
-0.05151
-0.02983
-0.00962
0.00866
0.02464
0.03807
0.04878
0.0567
0.06181
0.06419
0.06405
0.06171
0.0576
0.05219
0.04585
0.03886
0.03139
0.02349
0.01521
0.00661
-0.00225
-0.01126
-0.02026
-0.02903
-0.03726
-0.0446
-0.05071
-0.05525
-0.05793
-0.05854
-0.05694
-0.05311
-0.04713
-0.03921
-0.02971
-0.0191
-0.00782
0.00376
0.01541
0.02701
0.03852
0.04988
0.061
0.07176
0.08203
0.0916
0.10029
0.10794
0.11451
0.12009
0.12494
0.12938
0.13376
0.13838
0.14341
0.14885
0.15453
0.16004
0.16487
0.16844
0.17029
0.17008
0.16773
0.16338
0.15733
0.14996
0.14164
0.13267
0.12332
0.11387
0.10463
0.09601
0.08845
0.08246
0.07845
0.07671
0.07725
0.07981
0.08392
0.08894
0.09428
0.09942
0.104
0.10783
0.11086
0.11313
0.1147
0.11556
0.1157
0.11501
0.11335
0.1105
0.10625
0.10044
0.09305
0.08422
0.07421
0.06339
0.05217
0.04093
0.03001
0.01968
0.0101
0.00134
-0.00659
-0.01372
-0.02005
-0.02556
-0.03012
-0.03358
-0.03575
-0.03654
-0.03598
-0.03426
-0.03169
-0.02868
-0.02561
-0.02283
-0.02057
-0.01895
-0.01795
-0.01751
-0.01755
-0.01804
-0.01901
-0.02054
-0.02267
-0.02541
-0.02866
-0.03227
-0.03605
-0.0398
-0.0433
-0.04636
-0.0488
-0.0505
-0.05145
-0.05171
-0.05135
-0.05049
-0.04924
-0.04775
-0.04612
-0.04446
-0.04278
-0.04107
-0.03927
-0.03737
-0.03548
-0.03382
-0.03275
-0.03258
-0.03355
-0.03564
-0.03866
-0.04231
-0.04624
-0.0501
-0.05356
-0.05629
-0.05798
-0.05846
-0.05771
-0.05587
-0.05321
-0.05003
-0.04661
-0.04313
-0.03969
-0.03629
-0.03292
-0.02951
-0.02599
-0.0223
-0.0184
-0.01428
-0.01001
-0.00566
-0.00134
0.00279
0.00652
0.00957
0.01164
0.01245
0.01182
0.00976
0.00642
0.00213
-0.00275
-0.00792
-0.01323
-0.01875
-0.02464
-0.03107
-0.03806
-0.04549
-0.05312
-0.06065
-0.06779
-0.07432
-0.08011
-0.08515
-0.08949
-0.09322
-0.09644
-0.09924
-0.1017
-0.10392
-0.10602
-0.10821
-0.11069
-0.11364
-0.11707
-0.12091
-0.12499
-0.12913
-0.13317
-0.13698
-0.14044
-0.14342
-0.14579
-0.14743
-0.1482
-0.14804
-0.14696
-0.14506
-0.14253
-0.13954
-0.13624
-0.1327
-0.1289
-0.12481
-0.12038
-0.11563
-0.11062
-0.10543
-0.10007
-0.09448
-0.08848
-0.08185
-0.07444
-0.06622
-0.05733
-0.04803
-0.03867
-0.02952
-0.02078
-0.01251
-0.00467
0.00284
0.01008
0.01706
0.02369
0.02989
0.03558
0.04071
0.04519
0.04894
0.05186
0.05396
0.05535
0.0563
0.0572
0.05849
0.06056
0.0636
0.06758
0.07221
0.07705
0.08165
0.08564
0.08884
0.09128
0.09311
0.09459
0.09596
0.09744
0.09907
0.10075
0.1022
0.10303
0.10286
0.10134
0.09824
0.09344
0.08693
0.07884
0.06944
0.05907
0.04815
0.03706
0.02609
0.01538
0.00496
-0.00519
-0.01506
-0.02449
-0.03322
-0.04087
-0.04704
-0.0514
-0.05377
-0.05408
-0.05235
-0.04868
-0.04321
-0.03609
-0.02755
-0.01786
-0.00735
0.00362
0.0147
0.0256
0.03612
0.04616
0.05569
0.06473
0.07329
0.08138
0.08893
0.09587
0.10209
0.10747
0.11191
0.11532
0.11764
0.11885
0.11892
0.11783
0.11555
0.11201
0.10713
0.10083
0.09305
0.08373
0.07287
0.06054
0.04685
0.03207
0.01662
0.00103
-0.01413
-0.02835
-0.04129
-0.0528
-0.06293
-0.07188
-0.0799
-0.08726
-0.09418
-0.1008
-0.10721
-0.11346
-0.11953
-0.12538
-0.13094
-0.13604
-0.14048
-0.144
-0.1464
-0.14759
-0.1476
-0.14655
-0.14458
-0.1418
-0.13828
-0.13405
-0.12922
-0.12391
-0.11832
-0.11266
-0.10716
-0.10198
-0.0973
-0.09326
-0.08997
-0.08745
-0.08564
-0.08442
-0.08363
-0.08309
-0.08264
-0.08209
-0.08128
-0.0801
-0.07853
-0.07663
-0.07454
-0.0724
-0.07031
-0.06826
-0.06618
-0.06392
-0.0613
-0.05823
-0.05475
-0.051
-0.04713
-0.04323
-0.03932
-0.03533
-0.03118
-0.02684
-0.02234
-0.01784
-0.01351
-0.00949
-0.0058
-0.00238
0.00087
0.00399
0.00688
0.00926
0.01077
0.01108
0.00994
0.00727
0.00317
-0.00211
-0.00821
-0.01474
-0.02129
-0.02758
-0.03342
-0.03872
-0.04349
-0.04778
-0.05159
-0.05488
-0.05752
-0.05934
-0.06018
-0.05992
-0.05854
-0.05607
-0.05258
-0.04812
-0.04272
-0.03635
-0.02896
-0.02051
-0.011
-0.00057
0.01052
0.02189
0.03311
0.04375
0.05349
0.06219
0.0698
0.07639
0.08203
0.08676
0.09059
0.09355
0.09566
0.09697
0.09752
0.09738
0.09659
0.09516
0.09312
0.09046
0.08716
0.08326
0.07882
0.07396
0.06889
0.0638
0.05884
0.05404
0.04938
0.04481
0.04043
0.03646
0.03329
0.03129
0.03075
0.03175
0.0342
0.03785
0.04237
0.04741
0.05272
0.05814
0.06358
0.06898
0.0743
0.07947
0.08441
0.08895
0.09288
0.09591
0.09775
0.09826
0.09743
0.0954
0.09236
0.08849
0.08385
0.07845
0.07218
0.06498
0.05679
0.04772
0.03797
0.02788
0.01785
0.00828
-0.0005
-0.00833
-0.01518
-0.02117
-0.0265
-0.03138
-0.03597
-0.04031
-0.04438
-0.04807
-0.05131
-0.05406
-0.05636
-0.0583
-0.05994
-0.06131
-0.06236
-0.06297
-0.06301
-0.06237
-0.06097
-0.05886
-0.05609
-0.05274
-0.04881
-0.04425
-0.039
-0.033
-0.0263
-0.01901
-0.01136
-0.00365
0.00384
0.01088
0.01738
0.02333
0.02882
0.034
0.03906
0.0442
0.04963
0.05545
0.06162
0.068
0.07432
0.08029
0.08563
0.09015
0.09369
0.0962
0.09768
0.09819
0.09785
0.09679
0.09517
0.09309
0.09063
0.08781
0.08465
0.0812
0.07756
0.07387
0.07027
0.06694
0.06401
0.06159
0.0597
0.05828
0.05721
0.05642
0.05584
0.05553
0.05562
0.05626
0.05759
0.05968
0.06249
0.06588
0.06962
0.07348
0.07729
0.08091
0.08431
0.0875
0.09049
0.09336
0.09619
0.09905
0.102
0.10499
0.10786
0.11039
0.11236
0.11356
0.11392
0.11343
0.11212
0.11005
0.10724
0.10367
0.09932
0.09413
0.08804
0.08098
0.07294
0.06394
0.05405
0.04341
0.03212
0.02029
0.00803
-0.00458
-0.01744
-0.03036
-0.04315
-0.05554
-0.06732
-0.07827
-0.08826
-0.09719
-0.10505
-0.11185
-0.1177
-0.12272
-0.12701
-0.13065
-0.13367
-0.13616
-0.13821
-0.14002
-0.1418
-0.14373
-0.1459
-0.14826
-0.15058
-0.15252
-0.15371
-0.15388
-0.15296
-0.15115
-0.14884
-0.14655
-0.1447
-0.14356
-0.14319
-0.14343
-0.14405
-0.14478
-0.14539
-0.14572
-0.14576
-0.14557
-0.14532
-0.14512
-0.14503
-0.14504
-0.14511
-0.14518
-0.14526
-0.14536
-0.14548
-0.14555
-0.1455
-0.14523
-0.1447
-0.14391
-0.14289
-0.14167
-0.14031
-0.13881
-0.13717
-0.1353
-0.13307
-0.13031
-0.12685
-0.12253
-0.11723
-0.11086
-0.10344
-0.09501
-0.08569
-0.07561
-0.06487
-0.05353
-0.04167
-0.02944
-0.0171
-0.00498
0.00658
0.01736
0.02728
0.03637
0.04471
0.0524
0.0595
0.06603
0.07199
0.07736
0.08216
0.08647
0.09041
0.09409
0.09758
0.10082
0.10361
0.1057
0.10684
0.10693
0.10598
0.10412
0.10148
0.09822
0.09443
0.09017
0.0855
0.08046
0.07512
0.06959
0.06404
0.05871
0.05387
0.0498
0.04669
0.04465
0.04368
0.04373
0.04468
0.04645
0.04886
0.0517
0.05466
0.05736
0.05946
0.0607
0.06098
0.06025
0.05854
0.05589
0.05234
0.04799
0.04299
0.03754
0.03182
0.02596
0.01994
0.01368
0.00707
0.0001
-0.00712
-0.0144
-0.0215
-0.0282
-0.03439
-0.04009
-0.04541
-0.05055
-0.0557
-0.061
-0.06646
-0.07196
-0.07729
-0.08218
-0.0864
-0.08979
-0.09237
-0.09433
-0.09597
-0.09767
-0.09974
-0.10238
-0.10562
-0.10929
-0.11307
-0.11658
-0.11944
-0.12139
-0.12231
-0.12226
-0.12139
-0.11994
-0.11818
-0.11634
-0.11464
-0.11321
-0.11209
-0.11131
-0.11086
-0.11072
-0.11082
-0.1111
-0.11141
-0.11162
-0.11162
-0.11137
-0.1109
-0.11026
-0.10951
-0.10865
-0.10764
-0.10639
-0.10477
-0.10268
-0.10003
-0.09681
-0.09297
-0.08848
-0.08327
-0.07733
-0.07074
-0.06361
-0.05611
-0.04838
-0.04053
-0.03264
-0.02475
-0.01688
-0.00904
-0.00121
0.00657
0.01421
0.02151
0.02821
0.03405
0.03881
0.04243
0.045
0.04679
0.0482
0.04963
0.05144
0.05377
0.0566
0.05973
0.06281
0.06549
0.06746
0.0685
0.06854
0.06765
0.06597
0.06372
0.06104
0.05807
0.05493
0.05174
0.04864
0.04575
0.04316
0.0409
0.03899
0.03741
0.03618
0.0353
0.03475
0.03452
0.03452
0.03472
0.03512
0.03579
0.03686
0.03841
0.0404
0.04274
0.04526
0.04782
0.05028
0.05255
0.05449
0.05592
0.0566
0.05631
0.05487
0.05228
0.04863
0.04408
0.03885
0.03309
0.02693
0.02045
0.01371
0.00681
-0.00011
-0.00686
-0.01322
-0.019
-0.02404
-0.02834
-0.03197
-0.03504
-0.03764
-0.0398
-0.04143
-0.04242
-0.04267
-0.0422
-0.04108
-0.03948
-0.0376
-0.03565
-0.03382
-0.03221
-0.03081
-0.0295
-0.02807
-0.02631
-0.02411
-0.02145
-0.01841
-0.01516
-0.01189
-0.00873
-0.00582
-0.00321
-0.00088
0.00124
0.00327
0.00531
0.00736
0.00941
0.0114
0.01331
0.0151
0.01674
0.01814
0.01918
0.01977
0.0199
0.01967
0.01928
0.01893
0.01879
0.01895
0.01942
0.02016
0.02114
0.02233
0.02374
0.02535
0.0271
0.02895
0.03085
0.03285
0.03503
0.03754
0.04048
0.0439
0.04776
0.0519
0.05613
0.06025
0.06413
0.06772
0.07098
0.07387
0.07627
0.07799
0.07877
0.07838
0.07666
0.07368
0.06964
0.06487
0.05973
0.05454
0.04952
0.04482
0.04054
0.03677
0.03355
0.03093
0.0289
0.02739
0.02636
0.02572
0.02538
0.02523
0.02515
0.02503
0.02478
0.0243
0.02353
0.02245
0.02107
0.01943
0.0176
0.01567
0.01367
0.01167
0.0097
0.0078
0.00609
0.00472
0.00387
0.00369
0.00425
0.00546
0.00716
0.00914
0.0112
0.01322
0.01513
0.01691
0.0186
0.02025
0.02192
0.02369
0.02562
0.0278
0.0303
0.0332
0.03655
0.0404
0.04472
0.04941
0.05429
0.05915
0.06375
0.06792
0.07155
0.07465
0.07727
0.07952
0.08153
0.08338
0.08509
0.08661
0.08781
0.08854
0.08869
0.08819
0.08703
0.08524
0.08284
0.07988
0.07633
0.07216
0.06728
0.06158
0.05497
0.04743
0.03898
0.02972
0.0198
0.00942
-0.00112
-0.0115
-0.02139
-0.03056
-0.03885
-0.04626
-0.05289
-0.05887
-0.06435
-0.0694
-0.074
-0.07804
-0.08137
-0.08385
-0.08543
-0.08613
-0.08607
-0.08544
-0.08436
-0.08297
-0.08133
-0.0795
-0.07756
-0.07563
-0.07386
-0.07237
-0.07118
-0.07021
-0.06928
-0.06822
-0.06695
-0.06558
-0.06433
-0.06351
-0.06338
-0.06409
-0.06556
-0.06759
-0.06986
-0.07206
-0.07395
-0.07539
-0.07633
-0.07678
-0.07676
-0.07633
-0.07555
-0.07446
-0.07307
-0.07132
-0.06915
-0.0665
-0.0634
-0.05991
-0.05613
-0.05218
-0.04822
-0.04449
-0.04125
-0.0387
-0.03697
-0.03599
-0.03557
-0.03543
-0.03532
-0.03507
-0.03463
-0.03411
-0.03367
-0.03349
-0.03363
-0.03402
-0.03441
-0.03453
-0.03417
-0.03325
-0.03184
-0.03008
-0.02815
-0.02621
-0.02435
-0.02257
-0.02079
-0.0188
-0.01641
-0.01347
-0.00997
-0.00599
-0.00167
0.00278
0.00718
0.01136
0.01518
0.01857
0.02153
0.02402
0.02605
0.02757
0.02854
0.02896
0.02883
0.02821
0.02714
0.02571
0.02399
0.02211
0.0202
0.01838
0.01665
0.01494
0.01311
0.01097
0.00842
0.00548
0.00227
-0.00101
-0.00415
-0.00698
-0.00938
-0.0113
-0.01274
-0.01373
-0.01429
-0.01449
-0.01441
-0.01417
-0.01388
-0.01366
-0.01358
-0.01368
-0.01396
-0.01435
-0.01476
-0.01507
-0.0152
-0.01506
-0.01467
-0.01402
-0.01316
-0.01211
-0.0109
-0.00952
-0.00795
-0.00618
-0.00421
-0.00206
0.0002
0.00248
0.00468
0.00663
0.00818
0.00914
0.00936
0.00872
0.00722
0.00495
0.00209
-0.00118
-0.0047
-0.00835
-0.01203
-0.01563
-0.01894
-0.02173
-0.0237
-0.0246
-0.02424
-0.02252
-0.01947
-0.01523
-0.01003
-0.00415
0.00217
0.00874
0.01549
0.02243
0.02958
0.03685
0.04404
0.05082
0.05688
0.06197
0.06601
0.06907
0.07134
0.07297
0.07414
0.07496
0.07553
0.07599
0.07644
0.07701
0.07774
0.07866
0.07973
0.08082
0.08175
0.0824
0.08267
0.0826
0.08229
0.08188
0.08146
0.08108
0.08068
0.08012
0.07922
0.07778
0.07562
0.07266
0.06892
0.06457
0.05987
0.05507
0.0504
0.04599
0.0419
0.03819
0.0349
0.03215
0.03004
0.02866
0.02796
0.02777
0.0279
0.02815
0.02841
0.02859
0.0286
0.02838
0.02791
0.02726
0.0266
0.02615
0.02609
0.02653
0.02744
0.0287
0.03016
0.03172
0.03331
0.03492
0.03654
0.03818
0.0398
0.04141
0.04305
0.04486
0.04692
0.04929
0.05189
0.05454
0.05703
0.05913
0.06074
0.06186
0.06262
0.06315
0.06357
0.06388
0.06397
0.06369
0.06288
0.06142
0.05932
0.05674
0.05393
0.05118
0.04872
0.04664
0.04491
0.04342
0.04202
0.04067
0.03939
0.03831
0.03756
0.03727
0.03743
0.03798
0.03874
0.03953
0.04013
0.04044
0.04041
0.04012
0.03968
0.03926
0.039
0.03903
0.03942
0.04019
0.04128
0.04261
0.04406
0.0455
0.04687
0.04817
0.04947
0.05088
0.05254
0.05459
0.05712
0.06014
0.06356
0.06716
0.07068
0.0738
0.07625
0.07789
0.07873
0.07897
0.07891
0.07889
0.07915
0.0798
0.08079
0.08198
0.08315
0.08416
0.08494
0.08553
0.08603
0.08649
0.08692
0.08726
0.08741
0.08734
0.08706
0.08662
0.08598
0.08508
0.08378
0.08201
0.07982
0.07736
0.07484
0.0724
0.07007
0.06773
0.06525
0.06248
0.05941
0.0561
0.05263
0.04909
0.04546
0.04169
0.03769
0.03343
0.02901
0.02457
0.02032
0.01643
0.01301
0.01006
0.00754
0.00538
0.00348
0.00175
0.0001
-0.00151
-0.00305
-0.00442
-0.00552
-0.00626
-0.00662
-0.00669
-0.00663
-0.00661
-0.00677
-0.00719
-0.00783
-0.00859
-0.0094
-0.01018
-0.01088
-0.01147
-0.01192
-0.01224
-0.01243
-0.01254
-0.01255
-0.01246
-0.01218
-0.01169
-0.01098
-0.01008
-0.00906
-0.00795
-0.0068
-0.00565
-0.0045
-0.00333
-0.00206
-0.00056
0.00126
0.00346
0.00595
0.00859
0.01115
0.01342
0.01527
0.01667
0.01765
0.01831
0.01877
0.01907
0.0192
0.01905
0.01853
0.01756
0.01621
0.01472
0.01341
0.01265
0.01265
0.01345
0.01486
0.01649
0.01793
0.01878
0.01878
0.01787
0.01613
0.01372
0.01082
0.00758
0.00412
0.00051
-0.00316
-0.00685
-0.01051
-0.01414
-0.01771
-0.02117
-0.02443
-0.02735
-0.0298
-0.03172
-0.03319
-0.03443
-0.03574
-0.03738
-0.03948
-0.04198
-0.04461
-0.04707
-0.04912
-0.05071
-0.0519
-0.05283
-0.05366
-0.05446
-0.05524
-0.05596
-0.05657
-0.05703
-0.05734
-0.05751
-0.05753
-0.05737
-0.05702
-0.05649
-0.05584
-0.05514
-0.05446
-0.05383
-0.05327
-0.05279
-0.05238
-0.05206
-0.05184
-0.05171
-0.05158
-0.05129
-0.0506
-0.04931
-0.04727
-0.04451
-0.04123
-0.03774
-0.03446
-0.03178
-0.03005
-0.0294
-0.02975
-0.03083
-0.03219
-0.0334
-0.03414
-0.03425
-0.03377
-0.03288
-0.03181
-0.0308
-0.03007
-0.02978
-0.03007
-0.03101
-0.03269
-0.03507
-0.03806
-0.04147
-0.04512
-0.04884
-0.05255
-0.05613
-0.05944
-0.06226
-0.06442
-0.06587
-0.06671
-0.06718
-0.06757
-0.0682
-0.06929
-0.07105
-0.07362
-0.07712
-0.08154
-0.08674
-0.09236
-0.09789
-0.10287
-0.10694
-0.11003
-0.11228
-0.11399
-0.11548
-0.11699
-0.11842
-0.11901
-0.11776
-0.11442
-0.10991
-0.10542
-0.10135
-0.09717
-0.09179
-0.0843
-0.0744
-0.06259
-0.04992
-0.03762
-0.02672
-0.01782
-0.01099
-0.00593
-0.00211
0.00094
0.00357
0.00593
0.00817
0.01042
0.0129
0.01579
0.01925
0.0233
0.02779
0.03244
0.03692
0.04087
0.04404
0.04631
0.04775
0.04865
0.04933
0.05006
0.05089
0.05162
0.05187
0.0512
0.04924
0.04579
0.04088
0.0347
0.02763
0.02017
0.01284
0.00613
0.00037
-0.0043
-0.0079
-0.01055
-0.01238
-0.01353
-0.01418
-0.01455
-0.01483
-0.0152
-0.01571
-0.01632
-0.0169
-0.01726
-0.0172
-0.01664
-0.01555
-0.01397
-0.01191
-0.0093
-0.00594
-0.00169
0.00347
0.00931
0.01535
0.02101
0.02577
0.02933
0.03162
0.03279
0.03305
0.03262
0.03163
0.0302
0.0285
0.02682
0.02566
0.02565
0.02724
0.03051
0.03501
0.0399
0.0443
0.04754
0.04936
0.04988
0.0494
0.04834
0.04706
0.04586
0.04493
0.04439
0.04424
0.04443
0.04481
0.04519
0.04537
0.04518
0.04455
0.04348
0.04208
0.04051
0.03891
0.03738
0.03595
0.03462
0.03338
0.03223
0.03121
0.03037
0.0298
0.02955
0.02963
0.03
0.03055
0.03109
0.03145
0.0315
0.03123
0.03071
0.03009
0.02951
0.02905
0.02867
0.02825
0.02757
0.02642
0.02464
0.02217
0.01904
0.01538
0.01132
0.007
0.0025
-0.00218
-0.00705
-0.01213
-0.01739
-0.02274
-0.02801
-0.033
-0.03751
-0.04143
-0.04469
-0.04729
-0.0493
-0.05077
-0.05181
-0.05251
-0.05299
-0.05333
-0.05361
-0.05386
-0.05407
-0.05421
-0.05422
-0.05405
-0.05371
-0.05323
-0.05272
-0.05235
-0.0523
-0.05273
-0.05374
-0.05529
-0.05722
-0.05935
-0.06144
-0.06334
-0.06492
-0.06616
-0.06712
-0.06794
-0.06878
-0.06973
-0.07079
-0.07181
-0.07264
-0.07314
-0.07324
-0.07297
-0.07243
-0.07169
-0.07082
-0.06983
-0.06877
-0.06765
-0.06654
-0.0654
-0.06418
-0.06276
-0.06101
-0.05885
-0.05624
-0.05323
-0.04996
-0.04665
-0.04356
-0.04093
-0.03896
-0.0378
-0.03752
-0.03814
-0.03962
-0.0419
-0.04483
-0.04825
-0.05195
-0.05571
-0.05932
-0.06268
-0.06571
-0.06847
-0.07101
-0.07343
-0.07579
-0.0781
-0.08032
-0.08239
-0.08426
-0.08593
-0.08741
-0.08876
-0.08999
-0.09107
-0.09192
-0.09247
-0.09259
-0.09218
-0.09119
-0.08961
-0.08748
-0.0849
-0.08204
-0.07908
-0.07622
-0.07361
-0.07132
-0.06929
-0.06739
-0.06545
-0.06332
-0.06096
-0.05841
-0.05579
-0.05323
-0.05089
-0.04887
-0.04725
-0.04611
-0.04544
-0.04522
-0.04532
-0.04559
-0.04584
-0.04595
-0.0459
-0.04575
-0.04563
-0.04564
-0.04581
-0.04614
-0.0466
-0.04715
-0.04774
-0.04828
-0.04871
-0.04894
-0.04896
-0.0488
-0.04856
-0.04833
-0.04817
-0.04812
-0.04814
-0.04816
-0.0481
-0.04792
-0.04759
-0.04712
-0.04655
-0.04592
-0.04526
-0.04459
-0.04393
-0.04327
-0.04262
-0.04199
-0.04141
-0.0409
-0.04045
-0.04003
-0.03959
-0.0391
-0.03851
-0.03781
-0.03701
-0.03613
-0.03523
-0.0344
-0.03372
-0.03323
-0.0329
-0.03267
-0.03247
-0.03222
-0.03193
-0.03162
-0.03134
-0.03111
-0.03095
-0.0308
-0.03064
-0.03043
-0.03016
-0.02985
-0.02952
-0.02917
-0.02879
-0.02839
-0.02796
-0.02754
-0.02716
-0.02687
-0.02667
-0.02655
-0.02645
-0.02632
-0.02609
-0.02574
-0.02523
-0.02459
-0.02383
-0.02299
-0.0221
-0.02117
-0.02025
-0.01933
-0.01844
-0.01758
-0.01676
-0.016
-0.01529
-0.01465
-0.01403
-0.01343
-0.01282
-0.01217
-0.01146
-0.01067
-0.00979
-0.0088
-0.00772
-0.00657
-0.00538
-0.00418
-0.003
-0.00186
-0.00078
0.00025
0.00124
0.00219
0.00312
0.00405
0.005
0.00598
0.00698
0.00799
0.00898
0.00993
0.01084
0.0117
0.01252
0.01334
0.01416
0.015
0.01586
0.01674
0.01763
0.0185
0.01936
0.02019
0.02098
0.02175
0.02248
0.02317
0.02383
0.02445
0.02506
0.02565
0.02624
0.02684
0.02744
0.02806
0.02869
0.02931
0.02994
0.03054
0.03113
0.0317
0.03223
0.03274
0.03321
0.03364
0.03402
0.03436
0.03468
0.03497
0.03525
0.03553
0.0358
0.03606
0.03631
0.03654
0.03675
0.03694
0.03711
0.03727
0.03743
0.03757
0.03771
0.03784
0.03795
0.03803
0.0381
0.03816
0.03821
0.03826
0.03829
0.03831
0.03831
0.03828
0.03824
0.03818
0.03811
0.03804
0.03797
0.03789
0.03781
0.03773
0.03764
0.03754
0.03743
0.03732
0.0372
0.03707
0.03694
0.03681
0.03667
0.03653
0.03637
0.03622
0.03605
0.03589
0.03572
0.03556
0.0354
0.03525
0.03509
0.03494
0.03478
0.03463
0.03448
0.03433
0.03417
0.03402
0.03386
0.03371
0.03355
0.03339
0.03322
0.03306
0.03289
0.03271
0.03253
0.03235
0.03217
0.03198
0.03179
0.0316
0.03141
0.03121
0.03102
0.03082
0.03062
0.03042
0.03021
0.03001
0.0298
0.02959
0.02937
0.02916
0.02894
0.02872
0.0285
0.02827
0.02805
0.02783
0.02761
0.02738
0.02716
0.02693
0.02671
0.02648
0.02626
0.02603
0.02581
0.02558
0.02535
0.02513
0.0249
0.02467
0.02445
0.02422
0.024
0.02377
0.02355
0.02332
0.0231
0.02288
0.02265
0.02243
0.02221
0.02199
0.02176
0.02154
0.02132
0.0211
0.02088
0.02066
0.02045
0.02023
0.00761
