-0.0002
-0.0014
-0.00463
-0.00983
-0.01548
-0.01976
-0.02169
-0.0215
-0.02016
-0.0187
-0.01774
-0.01741
-0.01749
-0.01766
-0.01771
-0.01756
-0.01727
-0.01694
-0.01664
-0.01641
-0.01623
-0.01607
-0.0159
-0.0157
-0.01548
-0.01523
-0.01498
-0.01474
-0.01455
-0.01439
-0.01425
-0.01411
-0.01395
-0.01376
-0.01353
-0.01331
-0.01309
-0.01288
-0.01266
-0.01241
-0.01213
-0.01186
-0.01165
-0.01151
-0.01144
-0.01142
-0.01138
-0.01129
-0.01114
-0.01096
-0.01076
-0.01055
-0.01032
-0.01004
-0.00971
-0.00941
-0.00922
-0.00916
-0.0092
-0.00922
-0.00914
-0.0089
-0.0085
-0.00801
-0.00751
-0.0071
-0.0068
-0.00655
-0.00632
-0.00609
-0.00592
-0.00584
-0.00586
-0.00598
-0.00618
-0.00643
-0.00664
-0.00674
-0.00668
-0.00643
-0.00598
-0.00537
-0.00471
-0.00412
-0.00368
-0.00341
-0.0033
-0.0033
-0.00344
-0.00371
-0.00405
-0.00429
-0.00422
-0.0037
-0.00274
-0.00147
-0.00017
0.00089
0.00155
0.00182
0.00186
0.00181
0.00169
0.00142
0.00092
0.00024
-0.00046
-0.001
-0.00122
-0.00105
-0.00053
0.00023
0.00113
0.00211
0.0031
0.00398
0.00462
0.00499
0.00514
0.00518
0.00517
0.0051
0.00488
0.00454
0.00419
0.00398
0.00409
0.00451
0.00502
0.00521
0.00467
0.0033
0.0014
-0.00044
-0.00158
-0.00145
0.00029
0.0037
0.0084
0.01359
0.01817
0.0212
0.02219
0.02126
0.01898
0.01618
0.01385
0.01277
0.01323
0.01486
0.01695
0.01886
0.02009
0.02021
0.01889
0.0161
0.01212
0.00749
0.00285
-0.00112
-0.00376
-0.00457
-0.00338
-0.00038
0.00393
0.00878
0.01335
0.01703
0.01965
0.02145
0.02272
0.02366
0.02434
0.02498
0.02598
0.0277
0.03008
0.03262
0.03466
0.03577
0.03584
0.03504
0.03376
0.03247
0.0315
0.03075
0.02973
0.028
0.02547
0.02252
0.01974
0.01765
0.01653
0.01638
0.0171
0.01863
0.02101
0.02412
0.02754
0.03058
0.03256
0.03302
0.03195
0.02979
0.0273
0.02522
0.02405
0.02395
0.02493
0.02697
0.02996
0.03356
0.03727
0.04064
0.04342
0.04538
0.04618
0.04557
0.04371
0.04122
0.03875
0.03678
0.03561
0.03543
0.03618
0.03742
0.03863
0.0396
0.04057
0.0416
0.04214
0.04125
0.03838
0.03394
0.02911
0.02525
0.02331
0.02375
0.02663
0.03185
0.03898
0.04689
0.05376
0.05762
0.05713
0.05211
0.04351
0.0331
0.02286
0.01454
0.00936
0.00802
0.01069
0.01692
0.02572
0.03577
0.04577
0.05469
0.06177
0.06652
0.06873
0.06854
0.06637
0.0629
0.05892
0.05501
0.05116
0.04696
0.04191
0.03588
0.02926
0.0229
0.01766
0.01417
0.01264
0.01281
0.014
0.01532
0.01616
0.01629
0.01591
0.01534
0.01484
0.01453
0.01445
0.01468
0.0155
0.01726
0.02013
0.02379
0.02748
0.03051
0.03271
0.03443
0.03595
0.03695
0.0366
0.03421
0.02982
0.02432
0.01919
0.0158
0.01498
0.0169
0.02125
0.02723
0.03346
0.03816
0.03985
0.03793
0.03292
0.02628
0.0199
0.01546
0.01394
0.01548
0.0195
0.025
0.03098
0.03669
0.04166
0.04545
0.04732
0.04636
0.04192
0.03411
0.02402
0.01345
0.00422
-0.00247
-0.00648
-0.00828
-0.00824
-0.0061
-0.00125
0.00663
0.01711
0.0289
0.0401
0.04878
0.05349
0.05355
0.04903
0.04065
0.0298
0.01826
0.00764
-0.00099
-0.00726
-0.01135
-0.01375
-0.01525
-0.01692
-0.01955
-0.0229
-0.02558
-0.0258
-0.02257
-0.01609
-0.00756
0.00118
0.00808
0.01141
0.01046
0.00584
-0.00086
-0.00776
-0.01329
-0.01674
-0.01816
-0.01787
-0.01607
-0.01284
-0.00853
-0.00393
-0.00002
0.00237
0.00282
0.00145
-0.00107
-0.00369
-0.00528
-0.00514
-0.00329
-0.00037
0.00264
0.00472
0.00494
0.00257
-0.00266
-0.01024
-0.01878
-0.02633
-0.03115
-0.03221
-0.02945
-0.02381
-0.01708
-0.01159
-0.0094
-0.01144
-0.01717
-0.02501
-0.03313
-0.03985
-0.04372
-0.04366
-0.0393
-0.03134
-0.02149
-0.01189
-0.00434
0.0001
0.001
-0.00161
-0.00718
-0.01434
-0.02119
-0.02602
-0.02792
-0.02676
-0.02306
-0.0178
-0.01242
-0.00837
-0.00661
-0.00743
-0.0107
-0.01615
-0.02343
-0.03201
-0.041
-0.04915
-0.05505
-0.05749
-0.05559
-0.04899
-0.03808
-0.02412
-0.00914
0.00454
0.01495
0.021
0.02264
0.02069
0.01621
0.00997
0.00228
-0.00674
-0.01675
-0.02693
-0.03614
-0.04323
-0.04726
-0.04778
-0.04488
-0.03922
-0.03191
-0.02415
-0.01735
-0.01318
-0.01356
-0.01998
-0.03284
-0.05096
-0.07158
-0.09099
-0.10551
-0.11227
-0.10945
-0.09634
-0.07392
-0.04539
-0.01565
0.01037
0.02946
0.04088
0.04607
0.04757
0.04783
0.04849
0.05015
0.05252
0.0546
0.05508
0.05283
0.04748
0.03961
0.0305
0.02168
0.01455
0.01024
0.00946
0.01238
0.01845
0.02654
0.0354
0.04405
0.05207
0.05945
0.06629
0.07249
0.0778
0.08207
0.08537
0.08779
0.08908
0.0888
0.08678
0.08334
0.07915
0.07481
0.07052
0.06588
0.06013
0.05255
0.04272
0.0304
0.0153
-0.00269
-0.0233
-0.04593
-0.07009
-0.09568
-0.12282
-0.15113
-0.17929
-0.20516
-0.22651
-0.24177
-0.25056
-0.2536
-0.25228
-0.24813
-0.24246
-0.23643
-0.23107
-0.22714
-0.22512
-0.22528
-0.22777
-0.23262
-0.23984
-0.24944
-0.26154
-0.27632
-0.29371
-0.31313
-0.33332
-0.35257
-0.36916
-0.3818
-0.38985
-0.39323
-0.39194
-0.38552
-0.3729
-0.3528
-0.3246
-0.28905
-0.24826
-0.2048
-0.16043
-0.1155
-0.06966
-0.02313
0.02264
0.0655
0.10379
0.13699
0.16542
0.18972
0.21069
0.22934
0.24655
0.26244
0.27646
0.28907
0.3033
0.32333
0.35018
0.37936
0.40317
0.41508
0.41172
0.39248
0.35953
0.3185
0.27696
0.24064
0.21061
0.18411
0.1576
0.12913
0.09863
0.06685
0.03427
0.00073
-0.03399
-0.0693
-0.10336
-0.13367
-0.15811
-0.176
-0.18824
-0.19638
-0.20155
-0.20415
-0.20445
-0.203
-0.20067
-0.19837
-0.19691
-0.19673
-0.19759
-0.19887
-0.20017
-0.20183
-0.20472
-0.20956
-0.21663
-0.22601
-0.23788
-0.25237
-0.269
-0.28645
-0.30279
-0.31622
-0.32567
-0.33096
-0.33265
-0.33186
-0.33002
-0.32875
-0.3299
-0.33545
-0.34678
-0.36364
-0.38334
-0.40076
-0.40898
-0.40042
-0.369
-0.31302
-0.23754
-0.15369
-0.07448
-0.00961
0.0374
0.06859
0.08901
0.10414
0.11806
0.13261
0.1476
0.16188
0.1744
0.18494
0.19408
0.20295
0.21279
0.22438
0.23762
0.25147
0.26441
0.27489
0.28143
0.28272
0.27791
0.26681
0.24985
0.22774
0.20139
0.17203
0.14123
0.11063
0.08121
0.05311
0.02625
0.00101
-0.0218
-0.04189
-0.06037
-0.07983
-0.10344
-0.13371
-0.17167
-0.21673
-0.26685
-0.31886
-0.36892
-0.41331
-0.44928
-0.47562
-0.49244
-0.50029
-0.49928
-0.48865
-0.467
-0.43294
-0.3863
-0.32897
-0.26481
-0.19831
-0.13311
-0.07145
-0.01469
0.03602
0.07964
0.11583
0.14541
0.17007
0.19157
0.21106
0.22909
0.24627
0.26349
0.28145
0.30027
0.32129
0.34947
0.39156
0.44863
0.51095
0.56259
0.59167
0.59675
0.58515
0.56707
0.55047
0.53893
0.53198
0.52666
0.5194
0.50784
0.49168
0.47238
0.45204
0.43229
0.41381
0.39645
0.37968
0.36296
0.34584
0.32769
0.3072
0.28187
0.24798
0.20157
0.14058
0.0666
-0.01527
-0.09828
-0.17641
-0.24597
-0.30583
-0.35649
-0.39864
-0.43227
-0.45672
-0.47148
-0.47715
-0.47579
-0.47041
-0.46388
-0.45791
-0.45281
-0.44785
-0.44216
-0.43535
-0.42756
-0.4193
-0.41134
-0.40463
-0.40002
-0.39787
-0.39784
-0.39887
-0.39963
-0.39908
-0.39686
-0.39332
-0.38943
-0.38664
-0.38656
-0.39054
-0.39926
-0.41236
-0.42811
-0.4435
-0.45499
-0.45968
-0.45599
-0.44387
-0.42454
-0.40005
-0.37285
-0.34542
-0.31984
-0.29741
-0.27834
-0.26186
-0.24677
-0.23209
-0.21747
-0.20301
-0.18881
-0.17451
-0.15933
-0.14247
-0.12345
-0.10226
-0.07925
-0.05492
-0.02964
-0.00342
0.02424
0.05404
0.08637
0.12093
0.15642
0.1909
0.22261
0.2509
0.27626
0.29957
0.32126
0.34129
0.35969
0.37692
0.39367
0.41017
0.42575
0.4391
0.44914
0.45569
0.4593
0.46055
0.45933
0.45466
0.44474
0.42714
0.39939
0.36029
0.31142
0.25733
0.20373
0.15528
0.11435
0.08119
0.05491
0.03437
0.01875
0.00749
0.00002
-0.00446
-0.00697
-0.00842
-0.00955
-0.01121
-0.01468
-0.02155
-0.03317
-0.05012
-0.07195
-0.09741
-0.12503
-0.15345
-0.18131
-0.20698
-0.22876
-0.24549
-0.25689
-0.26327
-0.26479
-0.26062
-0.24809
-0.22276
-0.18029
-0.11973
-0.04535
0.03469
0.11202
0.18118
0.24031
0.29025
0.33304
0.37056
0.40363
0.43202
0.45582
0.4775
0.50128
0.52907
0.55733
0.57919
0.58984
0.58984
0.58389
0.57743
0.57385
0.57375
0.57562
0.57725
0.57695
0.57419
0.56949
0.56384
0.55804
0.55234
0.54652
0.54026
0.53349
0.52626
0.51804
0.50662
0.488
0.45833
0.4167
0.36604
0.31125
0.25614
0.20185
0.14744
0.09151
0.03355
-0.02578
-0.08543
-0.1444
-0.20155
-0.2554
-0.30466
-0.34903
-0.3892
-0.42606
-0.45968
-0.48909
-0.51291
-0.53037
-0.54198
-0.54946
-0.55516
-0.56125
-0.569
-0.57851
-0.58883
-0.59855
-0.60638
-0.61162
-0.61437
-0.61519
-0.61467
-0.61334
-0.61201
-0.61176
-0.61347
-0.61722
-0.62187
-0.62521
-0.62444
-0.61708
-0.60155
-0.57745
-0.5455
-0.50754
-0.46624
-0.42435
-0.38361
-0.34419
-0.30517
-0.26567
-0.2256
-0.18551
-0.14604
-0.10779
-0.07147
-0.03795
-0.00797
0.01806
0.04004
0.05789
0.07143
0.0806
0.08571
0.08772
0.08819
0.08899
0.09186
0.09822
0.10906
0.12497
0.14594
0.17111
0.19865
0.22605
0.25088
0.27151
0.2875
0.29938
0.3082
0.31504
0.32073
0.32575
0.33042
0.33512
0.34035
0.34644
0.35322
0.36004
0.36615
0.37124
0.37583
0.38106
0.38811
0.39768
0.40958
0.42282
0.43585
0.44706
0.4553
0.46026
0.46237
0.46239
0.46095
0.4584
0.45491
0.45053
0.44533
0.43948
0.43321
0.42662
0.41948
0.41124
0.40129
0.38939
0.37572
0.36067
0.34455
0.32763
0.31025
0.29276
0.27527
0.25752
0.23909
0.21973
0.19951
0.17886
0.15844
0.13908
0.12176
0.10725
0.09574
0.08681
0.07984
0.07443
0.07051
0.06817
0.06748
0.06845
0.07084
0.07409
0.07752
0.08067
0.0835
0.08604
0.0881
0.08931
0.08919
0.08739
0.08378
0.07875
0.07329
0.0686
0.06546
0.06383
0.06293
0.06172
0.05935
0.05524
0.04893
0.04009
0.0288
0.01583
0.00253
-0.00953
-0.01916
-0.02576
-0.02951
-0.03112
-0.03149
-0.03124
-0.0306
-0.0295
-0.0278
-0.02544
-0.0226
-0.01959
-0.01661
-0.01377
-0.01132
-0.00961
-0.00896
-0.00951
-0.01116
-0.01353
-0.01594
-0.01749
-0.0173
-0.01484
-0.01012
-0.00339
0.00525
0.01595
0.02882
0.04368
0.06006
0.07755
0.09584
0.11454
0.13293
0.15006
0.16516
0.17785
0.18809
0.19598
0.20173
0.20562
0.20789
0.20865
0.20812
0.20677
0.20517
0.20348
0.20123
0.19749
0.19168
0.18392
0.17495
0.16562
0.15668
0.14866
0.14193
0.13655
0.13212
0.12796
0.12333
0.11797
0.11223
0.10677
0.10204
0.09805
0.09472
0.09226
0.09103
0.09118
0.09251
0.09452
0.0967
0.09869
0.10037
0.10182
0.10315
0.1043
0.10499
0.10473
0.1031
0.09966
0.09362
0.08381
0.06941
0.05069
0.02904
0.00618
-0.01649
-0.03804
-0.05783
-0.07542
-0.09053
-0.10305
-0.11295
-0.12011
-0.12424
-0.125
-0.12227
-0.11612
-0.10679
-0.09488
-0.08167
-0.06903
-0.05885
-0.05232
-0.04974
-0.05073
-0.05475
-0.06136
-0.07004
-0.07998
-0.09006
-0.09917
-0.10664
-0.11236
-0.11648
-0.11921
-0.12091
-0.12248
-0.12541
-0.1312
-0.14039
-0.15217
-0.16462
-0.17544
-0.18273
-0.18553
-0.18396
-0.17903
-0.17221
-0.16506
-0.15907
-0.1554
-0.15469
-0.15683
-0.16106
-0.16605
-0.17005
-0.17082
-0.16607
-0.15411
-0.13472
-0.10977
-0.08304
-0.05886
-0.04029
-0.02795
-0.02012
-0.01395
-0.00677
0.00316
0.01664
0.03397
0.0552
0.08006
0.10799
0.13825
0.1698
0.2011
0.23035
0.25605
0.27724
0.29353
0.30561
0.31585
0.32747
0.34195
0.35736
0.36968
0.37569
0.37423
0.36531
0.34935
0.32786
0.30384
0.28011
0.25715
0.23257
0.2028
0.16542
0.12087
0.07234
0.02424
-0.02003
-0.05926
-0.09421
-0.12634
-0.15653
-0.18447
-0.20883
-0.22798
-0.2409
-0.24748
-0.24851
-0.2455
-0.24069
-0.23668
-0.2358
-0.2393
-0.2471
-0.25832
-0.27186
-0.28665
-0.30148
-0.31497
-0.3259
-0.33365
-0.33837
-0.3407
-0.34126
-0.34044
-0.33837
-0.33487
-0.32924
-0.32038
-0.30718
-0.28901
-0.26594
-0.23869
-0.20837
-0.17598
-0.14217
-0.10739
-0.07226
-0.03768
-0.00469
0.02582
0.05326
0.07722
0.09726
0.11316
0.12526
0.13449
0.14175
0.14755
0.15197
0.15491
0.15658
0.15772
0.15948
0.16294
0.16852
0.17576
0.18353
0.19074
0.19691
0.20219
0.20672
0.21015
0.21189
0.21178
0.2104
0.20893
0.20882
0.21159
0.21848
0.22994
0.24522
0.26276
0.28078
0.29768
0.31204
0.32273
0.32931
0.33227
0.33275
0.33197
0.33088
0.32999
0.32941
0.32906
0.32873
0.32832
0.32776
0.32679
0.32478
0.32086
0.31411
0.30307
0.28472
0.25532
0.21392
0.16492
0.11587
0.07244
0.03555
0.00264
-0.02929
-0.06142
-0.093
-0.12237
-0.14793
-0.16848
-0.18344
-0.19313
-0.19875
-0.20181
-0.20356
-0.2049
-0.20689
-0.21091
-0.21828
-0.2294
-0.24342
-0.25874
-0.27383
-0.28779
-0.30023
-0.31097
-0.31985
-0.3268
-0.33173
-0.33459
-0.33553
-0.33502
-0.33375
-0.3323
-0.3311
-0.33051
-0.33089
-0.33243
-0.33502
-0.33828
-0.34177
-0.34504
-0.3476
-0.34862
-0.34686
-0.34084
-0.32929
-0.31168
-0.28854
-0.26151
-0.23292
-0.20489
-0.17853
-0.15363
-0.12923
-0.10445
-0.07889
-0.05259
-0.02569
0.0018
0.02997
0.05863
0.08711
0.11433
0.13908
0.16017
0.17657
0.18776
0.19385
0.1955
0.19346
0.1883
0.18045
0.17007
0.15689
0.14011
0.11881
0.09256
0.06194
0.0283
-0.0069
-0.04284
-0.07938
-0.11652
-0.15375
-0.18981
-0.22324
-0.25297
-0.27851
-0.29963
-0.31601
-0.32727
-0.33324
-0.33452
-0.33252
-0.32926
-0.32676
-0.32646
-0.32872
-0.33268
-0.33664
-0.339
-0.33879
-0.33574
-0.32991
-0.32138
-0.31022
-0.29657
-0.28071
-0.26319
-0.24474
-0.22621
-0.20824
-0.19084
-0.1732
-0.1541
-0.13278
-0.10942
-0.08494
-0.0602
-0.03559
-0.01136
0.01177
0.03234
0.04888
0.06067
0.06822
0.07288
0.07613
0.07895
0.08153
0.08334
0.08356
0.08133
0.07608
0.06765
0.0562
0.04198
0.02546
0.00756
-0.0105
-0.02766
-0.0434
-0.05751
-0.06969
-0.07955
-0.08695
-0.0923
-0.09643
-0.10018
-0.10389
-0.10727
-0.10967
-0.11066
-0.11031
-0.10922
-0.10823
-0.10804
-0.109
-0.11111
-0.11399
-0.11696
-0.11922
-0.12034
-0.12058
-0.12059
-0.12076
-0.12078
-0.11983
-0.11713
-0.11217
-0.10475
-0.09489
-0.08277
-0.06879
-0.05366
-0.03833
-0.02373
-0.0106
0.00062
0.01013
0.01873
0.02757
0.03746
0.04857
0.06061
0.07318
0.08616
0.09971
0.11403
0.1288
0.14306
0.15542
0.16468
0.17028
0.17237
0.1715
0.16812
0.16232
0.15383
0.14215
0.12709
0.10924
0.09016
0.07209
0.05709
0.04628
0.03956
0.03584
0.03356
0.03128
0.02813
0.02399
0.01925
0.01448
0.01019
0.00664
0.00365
0.00061
-0.00317
-0.00823
-0.01496
-0.02385
-0.03541
-0.0499
-0.06714
-0.08641
-0.10664
-0.12663
-0.14526
-0.16168
-0.17534
-0.18584
-0.19279
-0.1956
-0.19345
-0.18564
-0.17201
-0.15322
-0.13056
-0.10547
-0.0791
-0.05219
-0.02534
0.00081
0.02576
0.04924
0.07112
0.09115
0.10885
0.1238
0.13586
0.14525
0.15261
0.15886
0.16494
0.17155
0.17897
0.18708
0.19568
0.20455
0.21358
0.22287
0.23289
0.24397
0.25576
0.26728
0.27736
0.28496
0.28919
0.28941
0.28553
0.27798
0.26748
0.25479
0.24075
0.22596
0.21018
0.19193
0.16883
0.13868
0.10072
0.0564
0.00912
-0.03696
-0.07843
-0.11336
-0.14124
-0.16246
-0.17797
-0.18922
-0.19775
-0.20462
-0.21006
-0.21366
-0.21493
-0.21373
-0.21043
-0.2058
-0.20073
-0.19593
-0.19211
-0.19013
-0.19077
-0.19412
-0.19951
-0.20567
-0.21114
-0.21458
-0.21529
-0.21341
-0.2094
-0.20325
-0.19387
-0.1795
-0.1585
-0.13004
-0.09437
-0.05296
-0.00828
0.03673
0.07947
0.11821
0.15205
0.18066
0.20404
0.22247
0.23633
0.2459
0.2513
0.25289
0.25156
0.24854
0.24478
0.24058
0.23569
0.22996
0.2238
0.2181
0.21376
0.2113
0.21078
0.21162
0.21283
0.21327
0.21193
0.20809
0.20151
0.19268
0.18273
0.17297
0.16437
0.15751
0.15277
0.15045
0.15065
0.15313
0.15732
0.16262
0.16856
0.17482
0.18115
0.18725
0.19279
0.1975
0.20125
0.20398
0.2056
0.20565
0.20313
0.19645
0.18385
0.16412
0.13731
0.1052
0.071
0.03831
0.00979
-0.01345
-0.03164
-0.04562
-0.05605
-0.06318
-0.06689
-0.06701
-0.06353
-0.05661
-0.04668
-0.03453
-0.02141
-0.00881
0.00191
0.01009
0.01595
0.02029
0.02422
0.02878
0.03468
0.04206
0.05045
0.05899
0.06684
0.07323
0.07739
0.0783
0.07486
0.06612
0.05176
0.03233
0.00924
-0.01549
-0.0396
-0.061
-0.07838
-0.09178
-0.10286
-0.11409
-0.12761
-0.14423
-0.16346
-0.18391
-0.2038
-0.22132
-0.23512
-0.2446
-0.2501
-0.25286
-0.25466
-0.25736
-0.26226
-0.26984
-0.27988
-0.29176
-0.30451
-0.31692
-0.32764
-0.3355
-0.33983
-0.34045
-0.33763
-0.33197
-0.32441
-0.31594
-0.30727
-0.29858
-0.28971
-0.28039
-0.27055
-0.2602
-0.24942
-0.23828
-0.22698
-0.2157
-0.20457
-0.19363
-0.18286
-0.17226
-0.16194
-0.15226
-0.14366
-0.13645
-0.13068
-0.12635
-0.12345
-0.12201
-0.12196
-0.12306
-0.12491
-0.12695
-0.12866
-0.12962
-0.12961
-0.12862
-0.12678
-0.12439
-0.1219
-0.11976
-0.11821
-0.11728
-0.11688
-0.11683
-0.11675
-0.11606
-0.11424
-0.11106
-0.10665
-0.10151
-0.09642
-0.09225
-0.08967
-0.08902
-0.09034
-0.09358
-0.09873
-0.10575
-0.11428
-0.1234
-0.13195
-0.13896
-0.14404
-0.14736
-0.14939
-0.15068
-0.15172
-0.15283
-0.15415
-0.15584
-0.15814
-0.1614
-0.16589
-0.17154
-0.17784
-0.18389
-0.18861
-0.19112
-0.1909
-0.1877
-0.18132
-0.17161
-0.15889
-0.14442
-0.13014
-0.11791
-0.10878
-0.10268
-0.09881
-0.09614
-0.09392
-0.09176
-0.0895
-0.08717
-0.08497
-0.08313
-0.0818
-0.08097
-0.08066
-0.08105
-0.08243
-0.085
-0.08864
-0.09279
-0.09651
-0.09875
-0.09866
-0.09576
-0.08983
-0.08066
-0.06819
-0.0528
-0.0357
-0.01865
-0.00351
0.00818
0.01548
0.0183
0.01748
0.01441
0.01061
0.00734
0.00542
0.00515
0.0062
0.00783
0.00924
0.01009
0.01066
0.0116
0.0134
0.01588
0.01832
0.02002
0.02069
0.02036
0.01895
0.01604
0.01111
0.00397
-0.00526
-0.01647
-0.02972
-0.04482
-0.06095
-0.07663
-0.09016
-0.10031
-0.10687
-0.11083
-0.11392
-0.11773
-0.12305
-0.12988
-0.13766
-0.14544
-0.15203
-0.15639
-0.15812
-0.15753
-0.15535
-0.15238
-0.14937
-0.14695
-0.14566
-0.14591
-0.14776
-0.15067
-0.1536
-0.15557
-0.15611
-0.15516
-0.15275
-0.1488
-0.14313
-0.1356
-0.12604
-0.11429
-0.10038
-0.08477
-0.06848
-0.05292
-0.03938
-0.02865
-0.02099
-0.01617
-0.01366
-0.0124
-0.01088
-0.0075
-0.00126
0.0077
0.01818
0.02849
0.03722
0.04359
0.04755
0.0496
0.0506
0.05159
0.05368
0.058
0.06557
0.07688
0.09162
0.10866
0.12624
0.14244
0.15584
0.16608
0.17371
0.17957
0.18436
0.1884
0.19166
0.19391
0.19505
0.1954
0.19572
0.19667
0.19835
0.20019
0.20133
0.20112
0.19947
0.19671
0.19323
0.1891
0.18403
0.17773
0.1701
0.16118
0.15098
0.13949
0.12653
0.11182
0.09495
0.07555
0.05353
0.02947
0.00491
-0.0179
-0.03671
-0.05028
-0.05892
-0.06421
-0.06796
-0.07138
-0.07484
-0.07835
-0.0819
-0.08559
-0.08951
-0.09377
-0.0985
-0.10401
-0.11054
-0.11808
-0.12619
-0.13423
-0.14169
-0.14835
-0.15407
-0.15861
-0.16172
-0.16334
-0.16358
-0.16275
-0.16109
-0.1588
-0.15599
-0.15291
-0.15004
-0.1479
-0.14674
-0.14639
-0.14646
-0.1467
-0.14708
-0.14764
-0.14841
-0.14933
-0.1503
-0.15126
-0.15215
-0.15289
-0.1533
-0.15314
-0.15226
-0.15069
-0.14859
-0.14608
-0.14323
-0.14013
-0.13691
-0.13341
-0.12897
-0.12255
-0.1132
-0.10025
-0.08321
-0.06166
-0.03551
-0.00535
0.0274
0.06084
0.09305
0.12259
0.14885
0.17203
0.19301
0.21286
0.23239
0.25187
0.27087
0.28853
0.30398
0.31676
0.32704
0.33538
0.34234
0.3484
0.35414
0.36021
0.36712
0.37496
0.38344
0.39202
0.40003
0.40665
0.41093
0.41181
0.40822
0.39927
0.38471
0.36501
0.34103
0.31357
0.28311
0.25004
0.21492
0.17855
0.14178
0.10517
0.06885
0.03275
-0.00305
-0.0381
-0.07156
-0.10238
-0.12942
-0.15166
-0.16842
-0.17964
-0.18611
-0.18922
-0.19042
-0.19069
-0.19048
-0.19
-0.18934
-0.18831
-0.18603
-0.18086
-0.17085
-0.1545
-0.13153
-0.10316
-0.07176
-0.04023
-0.01096
0.0148
0.03697
0.05602
0.07225
0.08569
0.09637
0.1045
0.11022
0.11339
0.11391
0.11214
0.10918
0.10643
0.10513
0.10596
0.10905
0.11411
0.12087
0.12921
0.13901
0.1497
0.16022
0.16942
0.17657
0.18153
0.18434
0.18473
0.18199
0.1752
0.16368
0.14725
0.12631
0.10162
0.07402
0.04428
0.01312
-0.01868
-0.05032
-0.08098
-0.10987
-0.13593
-0.15775
-0.17386
-0.18335
-0.18636
-0.18388
-0.17725
-0.16757
-0.15548
-0.14136
-0.1258
-0.10994
-0.09529
-0.0832
-0.07435
-0.06849
-0.06451
-0.06057
-0.05452
-0.04454
-0.02976
-0.01043
0.01221
0.0364
0.06048
0.08334
0.1045
0.12394
0.1418
0.15835
0.17404
0.18954
0.20558
0.22285
0.24168
0.26172
0.28176
0.29988
0.31431
0.32403
0.32919
0.33083
0.33036
0.32899
0.32753
0.32643
0.32591
0.32609
0.32706
0.32899
0.33208
0.33635
0.34139
0.34632
0.34999
0.35147
0.35017
0.34577
0.33808
0.32696
0.3125
0.29502
0.27518
0.25396
0.23235
0.21107
0.19058
0.17142
0.15443
0.1404
0.12964
0.12189
0.11659
0.11333
0.11221
0.11369
0.1181
0.12528
0.13464
0.14557
0.1574
0.16939
0.18074
0.19089
0.19969
0.20748
0.21492
0.2226
0.23071
0.23902
0.24716
0.25493
0.26225
0.26898
0.27481
0.27953
0.28318
0.28611
0.28887
0.29213
0.29646
0.30211
0.30881
0.31578
0.32193
0.32605
0.32692
0.32338
0.31456
0.29999
0.27963
0.25367
0.22255
0.18726
0.14938
0.11084
0.07337
0.03797
0.00496
-0.02563
-0.05368
-0.07909
-0.10202
-0.12299
-0.14262
-0.1614
-0.17957
-0.19731
-0.21478
-0.23234
-0.25055
-0.27011
-0.29151
-0.31474
-0.33923
-0.36408
-0.38834
-0.41123
-0.43217
-0.4506
-0.46591
-0.47761
-0.48542
-0.48941
-0.48981
-0.48671
-0.4798
-0.46793
-0.44858
-0.41762
-0.37079
-0.30667
-0.22855
-0.14356
-0.05975
0.01638
0.08107
0.13338
0.17457
0.20701
0.23318
0.25522
0.2748
0.29301
0.31048
0.32733
0.34327
0.35757
0.36929
0.37771
0.38276
0.38532
0.38747
0.39224
0.40189
0.41512
0.42628
0.42824
0.4176
0.39719
0.37396
0.35426
0.34052
0.33119
0.32276
0.31221
0.29833
0.2817
0.26368
0.24551
0.22796
0.21151
0.19666
0.18389
0.17362
0.16592
0.16025
0.15525
0.14899
0.13954
0.12533
0.10549
0.08009
0.05017
0.01728
-0.01695
-0.05098
-0.08326
-0.11227
-0.13698
-0.1573
-0.17405
-0.18837
-0.20104
-0.21238
-0.22254
-0.23173
-0.24007
-0.24713
-0.2517
-0.25211
-0.24694
-0.23574
-0.2191
-0.19826
-0.17464
-0.1495
-0.12384
-0.09831
-0.07322
-0.04858
-0.02428
-0.00019
0.02387
0.04807
0.07255
0.09707
0.12067
0.1418
0.15883
0.17066
0.17692
0.17794
0.17464
0.16836
0.16058
0.15263
0.14575
0.14106
0.13925
0.14006
0.14215
0.14359
0.14251
0.13755
0.12808
0.11411
0.09607
0.07469
0.05092
0.02599
0.00128
-0.02172
-0.04163
-0.05744
-0.06861
-0.07496
-0.07657
-0.07376
-0.06702
-0.05681
-0.04353
-0.02772
-0.01024
0.00789
0.02584
0.04304
0.05902
0.07333
0.08561
0.09578
0.10394
0.11037
0.1154
0.11917
0.12145
0.12152
0.11858
0.11224
0.1029
0.09173
0.08042
0.07064
0.06354
0.05925
0.05677
0.0543
0.0499
0.04216
0.03045
0.0149
-0.00374
-0.02415
-0.04453
-0.06289
-0.07757
-0.08764
-0.09293
-0.09373
-0.09067
-0.0848
-0.07763
-0.07097
-0.06648
-0.06521
-0.06729
-0.07189
-0.07758
-0.08293
-0.08707
-0.08986
-0.09167
-0.09294
-0.09395
-0.09496
-0.09648
-0.09911
-0.10307
-0.10797
-0.11302
-0.11745
-0.12065
-0.12232
-0.12244
-0.12119
-0.11863
-0.11455
-0.10856
-0.10043
-0.09043
-0.07943
-0.06871
-0.0596
-0.05304
-0.04944
-0.04874
-0.05066
-0.05488
-0.06117
-0.06913
-0.07798
-0.08667
-0.09413
-0.09957
-0.10239
-0.10218
-0.09876
-0.09221
-0.08283
-0.07096
-0.05703
-0.04159
-0.02528
-0.00876
0.00739
0.02254
0.0361
0.0476
0.05689
0.06397
0.06879
0.07127
0.07156
0.07008
0.06738
0.06404
0.06064
0.05761
0.05512
0.05306
0.0513
0.04994
0.04915
0.0488
0.04823
0.04649
0.04281
0.03695
0.0292
0.02018
0.01041
0.00022
-0.01016
-0.02035
-0.0299
-0.03865
-0.04676
-0.05438
-0.06144
-0.06769
-0.07287
-0.07679
-0.07936
-0.08078
-0.08159
-0.08246
-0.08387
-0.08594
-0.08846
-0.09112
-0.09368
-0.09605
-0.09821
-0.10012
-0.1016
-0.10241
-0.10227
-0.10089
-0.09789
-0.09297
-0.08619
-0.07799
-0.06905
-0.05989
-0.05074
-0.04174
-0.03321
-0.0256
-0.01915
-0.01374
-0.00893
-0.00428
0.0005
0.0055
0.01064
0.01579
0.02086
0.02578
0.03039
0.03431
0.03703
0.03826
0.03812
0.03704
0.03538
0.03318
0.03015
0.02588
0.02014
0.01318
0.00553
-0.00225
-0.00995
-0.01756
-0.02503
-0.03208
-0.03819
-0.04287
-0.04583
-0.04713
-0.04699
-0.04564
-0.04319
-0.03984
-0.03588
-0.03155
-0.02693
-0.02204
-0.01694
-0.0119
-0.00738
-0.0039
-0.00182
-0.00116
-0.00186
-0.00397
-0.00773
-0.01318
-0.01993
-0.02719
-0.0341
-0.04004
-0.04472
-0.04823
-0.05088
-0.05298
-0.05441
-0.0544
-0.05184
-0.04592
-0.03647
-0.02389
-0.00879
0.00813
0.02588
0.04307
0.05823
0.07032
0.07911
0.08484
0.08786
0.08836
0.08664
0.08326
0.07888
0.07406
0.06909
0.06418
0.05952
0.05531
0.05152
0.04781
0.04347
0.03751
0.02908
0.01791
0.00438
-0.01076
-0.02688
-0.04356
-0.06043
-0.07704
-0.09286
-0.10721
-0.11919
-0.12805
-0.13371
-0.13696
-0.13891
-0.14045
-0.1421
-0.14406
-0.14642
-0.14922
-0.15228
-0.15529
-0.15793
-0.16003
-0.16158
-0.16256
-0.1629
-0.16259
-0.16174
-0.16055
-0.1593
-0.15826
-0.15775
-0.15801
-0.15907
-0.16072
-0.16265
-0.16457
-0.16632
-0.16772
-0.16847
-0.16823
-0.16694
-0.1651
-0.16361
-0.16341
-0.16497
-0.16827
-0.17302
-0.17893
-0.18561
-0.19244
-0.19869
-0.20387
-0.20809
-0.21206
-0.2167
-0.22259
-0.22962
-0.2372
-0.24477
-0.2522
-0.25969
-0.26733
-0.27466
-0.28073
-0.28452
-0.28548
-0.28374
-0.27982
-0.27426
-0.26743
-0.25943
-0.25022
-0.23989
-0.22886
-0.21778
-0.20734
-0.19815
-0.19072
-0.18526
-0.1815
-0.17883
-0.17665
-0.17464
-0.17277
-0.17103
-0.16927
-0.16719
-0.16447
-0.16096
-0.15684
-0.15242
-0.14794
-0.14342
-0.13871
-0.13372
-0.12849
-0.12311
-0.11771
-0.1125
-0.10768
-0.1034
-0.09963
-0.09633
-0.09356
-0.09144
-0.08998
-0.08904
-0.08835
-0.08768
-0.0869
-0.08599
-0.08498
-0.0838
-0.08219
-0.07975
-0.07619
-0.07163
-0.0666
-0.06172
-0.05725
-0.05306
-0.04889
-0.04465
-0.04048
-0.03643
-0.03231
-0.02778
-0.02263
-0.01692
-0.0109
-0.0047
0.00178
0.00876
0.01605
0.02308
0.02928
0.03454
0.03903
0.04284
0.04589
0.04813
0.04965
0.05054
0.05069
0.04979
0.04752
0.04378
0.03875
0.03274
0.02623
0.01984
0.01425
0.00993
0.00685
0.00453
0.00221
-0.00079
-0.00474
-0.00938
-0.01414
-0.01853
-0.02241
-0.02578
-0.02857
-0.03061
-0.03189
-0.03261
-0.03307
-0.03352
-0.03412
-0.03488
-0.0355
-0.03553
-0.03462
-0.03281
-0.0303
-0.02718
-0.02355
-0.01957
-0.01555
-0.01161
-0.00767
-0.00362
0.00046
0.00435
0.00783
0.01082
0.01322
0.01472
0.01482
0.01323
0.01012
0.00601
0.00123
-0.00432
-0.01084
-0.01803
-0.02503
-0.03094
-0.0354
-0.0387
-0.04133
-0.04352
-0.04512
-0.04589
-0.04564
-0.04429
-0.04162
-0.0373
-0.03111
-0.02328
-0.01434
-0.0049
0.00464
0.01397
0.02289
0.03135
0.0395
0.04744
0.0553
0.06335
0.07198
0.08145
0.09159
0.10174
0.11089
0.1181
0.12298
0.12576
0.12706
0.1274
0.12698
0.12581
0.12401
0.12182
0.11952
0.11724
0.11498
0.11249
0.10932
0.10503
0.09941
0.09243
0.08416
0.07485
0.06492
0.05485
0.04503
0.03577
0.0273
0.01973
0.01305
0.00729
0.00244
-0.00166
-0.00522
-0.00824
-0.01044
-0.01139
-0.01072
-0.00824
-0.00384
0.00254
0.01068
0.01999
0.0296
0.03868
0.04665
0.05335
0.05913
0.06477
0.07101
0.07804
0.08538
0.09228
0.09821
0.10308
0.10701
0.11017
0.11265
0.11447
0.11565
0.11638
0.117
0.11792
0.11934
0.12123
0.12335
0.12535
0.1269
0.12782
0.12818
0.12804
0.12736
0.12609
0.12429
0.12201
0.11931
0.1162
0.11281
0.10942
0.10638
0.10388
0.10186
0.10011
0.09854
0.09727
0.0965
0.0963
0.09642
0.09636
0.09564
0.09398
0.09126
0.08756
0.08325
0.07887
0.07486
0.07139
0.06835
0.06561
0.0632
0.06128
0.06005
0.05967
0.0602
0.0616
0.06368
0.06613
0.06867
0.07111
0.07336
0.07533
0.07691
0.07804
0.07881
0.07942
0.08003
0.08075
0.08174
0.08313
0.08493
0.08692
0.08871
0.09003
0.09091
0.09169
0.09266
0.09381
0.0948
0.09521
0.09472
0.09313
0.09025
0.08594
0.08014
0.07296
0.0648
0.05631
0.0481
0.0405
0.0336
0.02747
0.02215
0.01754
0.01349
0.00999
0.00725
0.00553
0.00492
0.00538
0.00689
0.00947
0.01299
0.01711
0.02139
0.02544
0.02888
0.03145
0.03325
0.03465
0.03604
0.03751
0.03894
0.04028
0.04168
0.04336
0.04539
0.04755
0.04943
0.05063
0.05097
0.05059
0.04983
0.04898
0.04809
0.04702
0.04565
0.04412
0.04269
0.04149
0.04028
0.03869
0.03658
0.03416
0.0318
0.02969
0.02768
0.02548
0.02293
0.02004
0.01703
0.01421
0.01187
0.01009
0.00872
0.00757
0.00662
0.00601
0.00601
0.00695
0.0091
0.0126
0.01725
0.02262
0.0281
0.03314
0.03745
0.04114
0.04448
0.04755
0.05015
0.05202
0.05317
0.05385
0.05426
0.05444
0.05421
0.05329
0.05134
0.04818
0.04396
0.03912
0.03411
0.02909
0.02402
0.01876
0.01327
0.00764
0.00197
-0.00364
-0.00913
-0.0144
-0.01931
-0.02373
-0.0277
-0.03122
-0.03409
-0.03597
-0.03647
-0.0353
-0.03236
-0.02777
-0.02184
-0.01506
-0.00794
-0.00088
0.00601
0.0129
0.01994
0.02704
0.03397
0.04062
0.04698
0.05305
0.05872
0.0638
0.0681
0.07149
0.07393
0.07549
0.07636
0.07683
0.0772
0.07763
0.07817
0.07877
0.07937
0.07974
0.07966
0.07889
0.07724
0.07473
0.07167
0.06856
0.06582
0.06347
0.0612
0.05865
0.05566
0.0523
0.04878
0.0453
0.04194
0.03876
0.03585
0.03334
0.03126
0.02927
0.02681
0.02347
0.01929
0.01459
0.00957
0.00413
-0.00191
-0.00847
-0.01517
-0.02147
-0.02694
-0.03148
-0.03525
-0.03833
-0.0404
-0.04094
-0.03985
-0.03764
-0.0351
-0.03278
-0.03072
-0.02879
-0.02697
-0.02547
-0.02448
-0.0241
-0.02437
-0.02544
-0.02736
-0.02983
-0.03219
-0.03398
-0.03532
-0.03671
-0.03851
-0.0408
-0.04361
-0.04708
-0.05133
-0.05626
-0.06158
-0.06696
-0.0722
-0.07722
-0.08207
-0.08682
-0.09149
-0.09594
-0.09989
-0.1031
-0.10555
-0.10742
-0.10903
-0.11056
-0.11192
-0.11287
-0.11314
-0.11271
-0.11171
-0.11021
-0.10808
-0.10503
-0.1008
-0.09531
-0.08855
-0.08064
-0.07203
-0.06345
-0.05558
-0.04861
-0.0421
-0.03544
-0.02828
-0.02087
-0.0139
-0.00809
-0.00381
-0.00099
0.00065
0.00144
0.00159
0.00114
0.00003
-0.00182
-0.00446
-0.00794
-0.01223
-0.01711
-0.02208
-0.02658
-0.03026
-0.03307
-0.03523
-0.03688
-0.03802
-0.0387
-0.03925
-0.04019
-0.04182
-0.04384
-0.04563
-0.0468
-0.0475
-0.04826
-0.04944
-0.05093
-0.05213
-0.05227
-0.05074
-0.04737
-0.04239
-0.03612
-0.02871
-0.02013
-0.01036
0.00026
0.01105
0.02106
0.02951
0.03611
0.04123
0.04555
0.04973
0.054
0.05808
0.06141
0.06346
0.06409
0.0636
0.06252
0.06137
0.06047
0.05983
0.05924
0.05828
0.05661
0.05418
0.05137
0.04866
0.04629
0.04414
0.04188
0.03925
0.03612
0.03238
0.02797
0.02298
0.01774
0.01264
0.00797
0.00387
0.00045
-0.00215
-0.0039
-0.0048
-0.00487
-0.00417
-0.00275
-0.00059
0.00234
0.00592
0.00996
0.01436
0.01905
0.02399
0.02896
0.03362
0.03758
0.04064
0.04269
0.04367
0.04349
0.04209
0.03956
0.03608
0.03181
0.02685
0.02138
0.01562
0.00977
0.00402
-0.00159
-0.00706
-0.01245
-0.01779
-0.02312
-0.02844
-0.03373
-0.03897
-0.04415
-0.04922
-0.05397
-0.05804
-0.06102
-0.06265
-0.06302
-0.0625
-0.06161
-0.06074
-0.05997
-0.05904
-0.05758
-0.05546
-0.05294
-0.05045
-0.04824
-0.04623
-0.04436
-0.04294
-0.0425
-0.04335
-0.04533
-0.04804
-0.05099
-0.05369
-0.05581
-0.05726
-0.05806
-0.05814
-0.05742
-0.056
-0.05426
-0.05267
-0.05139
-0.05016
-0.04859
-0.0465
-0.04415
-0.04206
-0.04063
-0.03998
-0.03987
-0.03998
-0.04002
-0.03988
-0.03954
-0.0389
-0.03766
-0.03559
-0.03287
-0.02998
-0.02732
-0.02497
-0.02282
-0.02092
-0.01944
-0.01845
-0.01773
-0.01682
-0.01531
-0.01306
-0.01022
-0.00715
-0.00423
-0.00183
-0.00024
0.00055
0.00089
0.00139
0.00254
0.00438
0.0065
0.00824
0.00909
0.00883
0.00747
0.00522
0.00241
-0.00061
-0.00358
-0.0064
-0.00906
-0.01162
-0.01425
-0.01712
-0.0203
-0.02353
-0.02623
-0.02777
-0.02768
-0.02583
-0.02247
-0.01815
-0.01346
-0.00884
-0.00451
-0.00047
0.0034
0.00718
0.01079
0.01405
0.01691
0.01943
0.02172
0.02364
0.02472
0.02447
0.02274
0.01979
0.01595
0.01139
0.00621
0.00076
-0.00454
-0.00951
-0.01424
-0.01899
-0.02395
-0.0291
-0.03422
-0.03901
-0.04325
-0.04699
-0.05045
-0.05371
-0.05672
-0.05941
-0.06176
-0.06387
-0.06578
-0.06738
-0.06859
-0.06952
-0.07048
-0.07167
-0.07302
-0.07416
-0.07468
-0.07428
-0.07287
-0.07047
-0.06721
-0.06323
-0.05873
-0.05399
-0.04925
-0.04451
-0.03962
-0.03443
-0.02889
-0.02314
-0.01747
-0.0122
-0.00751
-0.00338
0.00023
0.00317
0.00518
0.00613
0.00611
0.00522
0.00351
0.0011
-0.00174
-0.00472
-0.00765
-0.01025
-0.01214
-0.01309
-0.01312
-0.0123
-0.01056
-0.00779
-0.00399
0.00073
0.00626
0.01237
0.01866
0.02463
0.02985
0.03407
0.03725
0.03948
0.04095
0.04193
0.04286
0.04409
0.04569
0.04732
0.04852
0.04897
0.04871
0.04786
0.04649
0.04456
0.04206
0.0391
0.03592
0.03271
0.02961
0.02666
0.0238
0.02099
0.01819
0.01538
0.01255
0.00974
0.00696
0.00415
0.00104
-0.00287
-0.0079
-0.01391
-0.02035
-0.02675
-0.03297
-0.03908
-0.04502
-0.05041
-0.05471
-0.05747
-0.05859
-0.05821
-0.0565
-0.05365
-0.04987
-0.04548
-0.04083
-0.03617
-0.03178
-0.02788
-0.02453
-0.02161
-0.01894
-0.01641
-0.01418
-0.01277
-0.01284
-0.01472
-0.01815
-0.02254
-0.0273
-0.03208
-0.03667
-0.04091
-0.04477
-0.04835
-0.05173
-0.05489
-0.05763
-0.05972
-0.06096
-0.06131
-0.06095
-0.06032
-0.06007
-0.06086
-0.06294
-0.06612
-0.06995
-0.07391
-0.07756
-0.08061
-0.08299
-0.08481
-0.0862
-0.0872
-0.08786
-0.08818
-0.08804
-0.08726
-0.08577
-0.08371
-0.08123
-0.07836
-0.07502
-0.07101
-0.0662
-0.06074
-0.0551
-0.04986
-0.04544
-0.04187
-0.03881
-0.03564
-0.03169
-0.02649
-0.02001
-0.01277
-0.00553
0.0011
0.00696
0.01222
0.01708
0.02142
0.02472
0.02637
0.02604
0.02396
0.02079
0.01719
0.01344
0.00935
0.00451
-0.0013
-0.00789
-0.01485
-0.0218
-0.02838
-0.03426
-0.03916
-0.04309
-0.04626
-0.04875
-0.05028
-0.05043
-0.04894
-0.04583
-0.04123
-0.03538
-0.02868
-0.02172
-0.01494
-0.00841
-0.00194
0.00453
0.01071
0.01612
0.02042
0.02377
0.02667
0.02954
0.03247
0.03537
0.03814
0.04067
0.04286
0.04471
0.04638
0.04807
0.04975
0.05126
0.05261
0.05399
0.05556
0.05721
0.05859
0.05938
0.05949
0.05917
0.05892
0.05926
0.06044
0.06227
0.06433
0.06634
0.06831
0.07022
0.07185
0.07285
0.07306
0.07261
0.07181
0.07098
0.07031
0.06981
0.06932
0.06857
0.06735
0.06578
0.06437
0.06367
0.0639
0.06474
0.0656
0.06602
0.06576
0.06479
0.06311
0.06077
0.05789
0.0547
0.0514
0.04807
0.04455
0.04071
0.03661
0.03254
0.02872
0.02512
0.02165
0.01836
0.01531
0.01232
0.00893
0.00476
-0.00025
-0.0058
-0.0115
-0.01707
-0.02238
-0.02744
-0.0322
-0.03658
-0.0405
-0.04396
-0.04689
-0.04903
-0.05013
-0.05019
-0.04933
-0.04754
-0.04451
-0.03984
-0.03337
-0.02532
-0.01613
-0.0062
0.00419
0.01484
0.02545
0.0355
0.04424
0.05106
0.05572
0.05859
0.06039
0.06177
0.06303
0.06408
0.06466
0.06467
0.06421
0.06351
0.06279
0.06215
0.06144
0.06036
0.05856
0.05586
0.05219
0.04743
0.04143
0.03404
0.02545
0.01627
0.00719
-0.00149
-0.00988
-0.01812
-0.02603
-0.03307
-0.03872
-0.04279
-0.04549
-0.04736
-0.04899
-0.05073
-0.05256
-0.05415
-0.05508
-0.05507
-0.05404
-0.05203
-0.0491
-0.04517
-0.03991
-0.03291
-0.02406
-0.01358
-0.00196
0.01028
0.02267
0.03475
0.04618
0.05671
0.06605
0.07382
0.07965
0.08354
0.08587
0.0871
0.08736
0.08649
0.08445
0.08146
0.07783
0.07377
0.06942
0.06487
0.06024
0.05564
0.05113
0.0465
0.04137
0.03541
0.02873
0.0218
0.01518
0.00917
0.00372
-0.00131
-0.00587
-0.0096
-0.01202
-0.01287
-0.01223
-0.0104
-0.00772
-0.00442
-0.00067
0.00337
0.00751
0.01158
0.01537
0.01857
0.02101
0.02282
0.02438
0.02592
0.02739
0.02848
0.02899
0.02893
0.02853
0.02803
0.02759
0.02705
0.02593
0.02363
0.01995
0.01542
0.01091
0.00701
0.0036
0.00013
-0.00376
-0.00804
-0.01245
-0.01674
-0.02068
-0.02397
-0.02627
-0.0274
-0.02751
-0.02699
-0.02627
-0.02567
-0.0253
-0.02512
-0.02504
-0.0251
-0.02552
-0.02654
-0.02796
-0.02904
-0.02896
-0.02749
-0.02522
-0.02309
-0.02173
-0.02126
-0.02137
-0.02166
-0.0218
-0.02169
-0.02138
-0.02097
-0.0204
-0.01938
-0.01747
-0.01431
-0.00985
-0.00441
0.00151
0.00743
0.01298
0.01792
0.02222
0.026
0.02935
0.03202
0.03349
0.03331
0.03145
0.02822
0.02409
0.01959
0.01521
0.01135
0.00817
0.00557
0.00351
0.00211
0.00164
0.00221
0.00357
0.00531
0.00718
0.00912
0.01112
0.01308
0.015
0.01714
0.01976
0.02291
0.02627
0.02949
0.03234
0.03484
0.03726
0.03994
0.04296
0.04599
0.04856
0.05049
0.05196
0.05311
0.05378
0.05366
0.05264
0.05088
0.04861
0.04597
0.0431
0.04017
0.03748
0.03538
0.03408
0.03352
0.03344
0.03354
0.03383
0.03461
0.03614
0.03824
0.04023
0.04147
0.04173
0.04124
0.0404
0.03963
0.03919
0.0393
0.04012
0.04168
0.04385
0.04636
0.04894
0.05141
0.05375
0.05615
0.05886
0.062
0.06525
0.06803
0.06991
0.07096
0.07168
0.07255
0.07363
0.07462
0.07508
0.07466
0.07321
0.07072
0.06721
0.06258
0.0568
0.05014
0.04315
0.03639
0.03017
0.02447
0.01915
0.01418
0.0098
0.00639
0.00425
0.00335
0.00335
0.00397
0.0052
0.00723
0.01015
0.0138
0.01798
0.02251
0.02719
0.03168
0.0356
0.03874
0.04118
0.04321
0.04509
0.04688
0.04845
0.04968
0.05058
0.05124
0.05166
0.05178
0.05157
0.05118
0.05097
0.05133
0.05243
0.05406
0.05566
0.05666
0.05681
0.05624
0.05528
0.05429
0.05348
0.05288
0.05239
0.05175
0.05063
0.04874
0.04604
0.04274
0.03902
0.03493
0.03035
0.02531
0.0201
0.01507
0.0104
0.00607
0.00206
-0.0016
-0.00486
-0.00777
-0.01045
-0.01296
-0.01524
-0.01715
-0.01873
-0.02025
-0.02194
-0.02383
-0.02572
-0.02739
-0.02866
-0.02936
-0.02948
-0.02932
-0.02931
-0.02963
-0.03016
-0.03062
-0.03074
-0.03032
-0.02929
-0.02788
-0.02646
-0.02536
-0.02454
-0.02377
-0.02282
-0.02163
-0.02022
-0.0187
-0.01719
-0.01572
-0.01416
-0.01237
-0.01041
-0.00849
-0.00682
-0.00542
-0.00435
-0.00379
-0.00398
-0.005
-0.00671
-0.00908
-0.01224
-0.01634
-0.0213
-0.02671
-0.03193
-0.03643
-0.04
-0.04293
-0.04565
-0.04833
-0.05067
-0.05222
-0.05276
-0.05248
-0.05175
-0.05084
-0.04973
-0.0482
-0.04617
-0.0438
-0.04135
-0.03875
-0.03549
-0.03097
-0.02504
-0.01818
-0.01119
-0.00474
0.00088
0.00566
0.00964
0.01292
0.01564
0.01794
0.01987
0.02134
0.02215
0.02216
0.02132
0.01978
0.01788
0.0159
0.01393
0.01179
0.00919
0.00579
0.00148
-0.00353
-0.00875
-0.01367
-0.01808
-0.02207
-0.02584
-0.0296
-0.0336
-0.03798
-0.04259
-0.04694
-0.05041
-0.05266
-0.05385
-0.05445
-0.05484
-0.05517
-0.05548
-0.05588
-0.05652
-0.05732
-0.05803
-0.05838
-0.05826
-0.05763
-0.0565
-0.05493
-0.05311
-0.05119
-0.04919
-0.04696
-0.04439
-0.04152
-0.03846
-0.03537
-0.0324
-0.02974
-0.02762
-0.02627
-0.02581
-0.02626
-0.02757
-0.02953
-0.03174
-0.03376
-0.03535
-0.03655
-0.03744
-0.03803
-0.03829
-0.03822
-0.03794
-0.03762
-0.03752
-0.03787
-0.03872
-0.03992
-0.04126
-0.04259
-0.04379
-0.04484
-0.04581
-0.04672
-0.04746
-0.04786
-0.04786
-0.04754
-0.04702
-0.04633
-0.04531
-0.0437
-0.04151
-0.039
-0.03646
-0.03388
-0.03101
-0.0277
-0.02413
-0.02076
-0.01801
-0.01607
-0.01474
-0.01371
-0.0129
-0.0126
-0.01317
-0.01485
-0.01766
-0.02145
-0.02602
-0.03112
-0.03645
-0.04179
-0.04689
-0.05154
-0.05565
-0.05931
-0.06272
-0.06609
-0.06948
-0.0728
-0.07574
-0.07782
-0.07873
-0.07853
-0.07759
-0.07643
-0.07539
-0.07448
-0.07333
-0.07147
-0.06877
-0.06545
-0.06177
-0.05787
-0.05388
-0.04995
-0.04615
-0.04239
-0.03865
-0.03514
-0.03216
-0.02974
-0.02763
-0.0256
-0.0237
-0.02219
-0.02126
-0.02089
-0.02087
-0.02096
-0.02097
-0.02083
-0.02061
-0.02049
-0.02079
-0.02181
-0.02373
-0.02655
-0.03011
-0.03403
-0.03782
-0.04117
-0.04417
-0.04711
-0.05022
-0.05341
-0.05643
-0.05909
-0.06135
-0.06334
-0.06507
-0.06647
-0.0675
-0.06833
-0.06928
-0.07049
-0.07175
-0.07266
-0.07291
-0.07247
-0.07144
-0.06988
-0.06776
-0.06516
-0.06232
-0.0595
-0.05668
-0.05374
-0.05072
-0.04783
-0.0452
-0.04274
-0.04033
-0.03797
-0.0356
-0.03295
-0.02979
-0.02611
-0.02232
-0.0189
-0.01614
-0.0139
-0.01174
-0.00946
-0.00725
-0.00555
-0.00461
-0.00437
-0.00452
-0.00474
-0.00481
-0.00472
-0.00473
-0.00531
-0.00682
-0.00904
-0.01125
-0.01276
-0.01324
-0.01289
-0.0122
-0.01172
-0.01186
-0.01268
-0.01383
-0.01484
-0.01551
-0.01599
-0.01655
-0.01721
-0.01783
-0.01832
-0.01888
-0.01985
-0.02145
-0.02366
-0.02623
-0.02883
-0.03108
-0.03276
-0.03389
-0.0348
-0.03589
-0.03727
-0.03875
-0.04012
-0.04135
-0.04262
-0.04401
-0.04547
-0.04698
-0.04866
-0.05047
-0.0521
-0.0531
-0.05324
-0.05266
-0.05169
-0.05068
-0.04983
-0.04917
-0.04855
-0.04765
-0.046
-0.04317
-0.03896
-0.03356
-0.02743
-0.0211
-0.0149
-0.00884
-0.00282
0.003
0.00821
0.01254
0.01627
0.01988
0.02361
0.02726
0.0306
0.03353
0.03612
0.03849
0.04082
0.04322
0.04571
0.0483
0.05093
0.05335
0.05519
0.05636
0.05732
0.05862
0.06038
0.06215
0.06332
0.06368
0.06364
0.06398
0.06522
0.06717
0.06912
0.07064
0.07187
0.07322
0.07479
0.07622
0.07705
0.0771
0.07655
0.07571
0.07489
0.07426
0.07381
0.07347
0.07314
0.07275
0.07232
0.07181
0.07098
0.06944
0.06703
0.06411
0.0614
0.05942
0.05804
0.05672
0.05482
0.05193
0.04804
0.04355
0.03905
0.03498
0.03136
0.02802
0.02487
0.02194
0.01915
0.01645
0.01399
0.01214
0.01116
0.01098
0.01132
0.01199
0.01312
0.01491
0.01722
0.01951
0.02133
0.02279
0.02443
0.02677
0.02983
0.0333
0.03691
0.04056
0.04419
0.04767
0.05082
0.05355
0.05593
0.05812
0.06043
0.06309
0.06607
0.06906
0.07179
0.07419
0.07621
0.07764
0.07829
0.07817
0.07764
0.07719
0.07707
0.07712
0.07707
0.07688
0.07674
0.07686
0.07736
0.07817
0.07903
0.07957
0.07959
0.0791
0.07829
0.07742
0.07664
0.07599
0.07546
0.07494
0.07433
0.0734
0.07188
0.06965
0.06691
0.06411
0.06162
0.05944
0.05732
0.05507
0.0527
0.05023
0.04759
0.04477
0.04195
0.03922
0.03627
0.03254
0.02782
0.02253
0.01749
0.01332
0.01013
0.00765
0.00542
0.00309
0.00054
-0.00207
-0.00424
-0.00526
-0.00412
-0.00002
0.00661
0.01394
0.0199
0.02352
0.02528
0.02657
0.02861
0.03179
0.03568
0.03956
0.04295
0.04589
0.04877
0.05193
0.05537
0.05879
0.06187
0.06449
0.06673
0.06865
0.07025
0.07148
0.07248
0.07351
0.07468
0.07571
0.07621
0.07613
0.07578
0.07549
0.07536
0.07523
0.07495
0.07446
0.0738
0.07306
0.07233
0.07165
0.07102
0.07041
0.06978
0.06903
0.06793
0.06623
0.0638
0.06073
0.05729
0.05378
0.05054
0.04787
0.04598
0.0449
0.04443
0.04424
0.04405
0.04372
0.04322
0.04265
0.04218
0.04208
0.04261
0.04383
0.04543
0.04687
0.04768
0.04781
0.04762
0.04755
0.04773
0.04798
0.04815
0.04827
0.04847
0.04876
0.04894
0.0488
0.0483
0.04767
0.04726
0.04728
0.04759
0.04787
0.04791
0.04782
0.0478
0.04788
0.04785
0.04739
0.04628
0.04466
0.04305
0.04192
0.04141
0.04131
0.04133
0.04131
0.04109
0.04043
0.03923
0.03762
0.03594
0.03449
0.03339
0.03255
0.03182
0.03107
0.03024
0.02931
0.02835
0.02738
0.02644
0.02553
0.02473
0.02418
0.024
0.02411
0.02423
0.02415
0.02384
0.02341
0.02283
0.02205
0.02117
0.02041
0.01989
0.0195
0.019
0.01827
0.01729
0.01616
0.015
0.0139
0.01279
0.0114
0.00954
0.00745
0.00578
0.00502
0.00507
0.0054
0.00541
0.00486
0.00381
0.00253
0.00125
0.00011
-0.00086
-0.00175
-0.00275
-0.00407
-0.0058
-0.00786
-0.01003
-0.01206
-0.01368
-0.01479
-0.01561
-0.01646
-0.01757
-0.01884
-0.02009
-0.02115
-0.02199
-0.02269
-0.02333
-0.024
-0.02473
-0.02551
-0.0263
-0.02708
-0.02783
-0.02857
-0.02929
-0.03001
-0.03073
-0.03144
-0.03223
-0.03329
-0.03484
-0.03679
-0.03878
-0.04046
-0.04174
-0.04275
-0.0436
-0.04439
-0.04524
-0.04626
-0.04747
-0.04873
-0.04992
-0.05104
-0.05217
-0.05334
-0.05441
-0.05526
-0.05581
-0.05613
-0.05633
-0.05653
-0.05673
-0.05682
-0.05665
-0.05628
-0.05597
-0.05599
-0.05628
-0.05646
-0.05621
-0.05548
-0.05445
-0.05332
-0.05224
-0.05136
-0.05085
-0.05073
-0.05076
-0.05064
-0.05025
-0.04981
-0.04954
-0.04951
-0.04966
-0.04993
-0.05032
-0.05081
-0.05138
-0.05197
-0.05255
-0.05318
-0.05397
-0.05509
-0.05657
-0.05827
-0.05987
-0.06108
-0.0618
-0.06211
-0.06221
-0.06231
-0.0625
-0.0628
-0.06314
-0.06338
-0.06338
-0.06311
-0.06264
-0.0621
-0.06166
-0.06158
-0.06206
-0.06307
-0.06426
-0.06523
-0.06583
-0.06619
-0.06652
-0.06688
-0.06725
-0.06761
-0.06807
-0.06883
-0.06994
-0.07125
-0.07253
-0.07367
-0.07468
-0.07567
-0.07675
-0.07803
-0.07952
-0.08107
-0.08241
-0.08324
-0.08347
-0.08331
-0.08314
-0.08329
-0.08373
-0.08418
-0.08438
-0.08431
-0.08407
-0.08374
-0.08326
-0.08253
-0.08155
-0.08047
-0.07947
-0.07866
-0.07805
-0.07754
-0.07699
-0.07627
-0.07533
-0.07422
-0.07304
-0.0719
-0.07083
-0.06985
-0.06897
-0.06821
-0.06769
-0.06749
-0.06757
-0.06772
-0.06773
-0.06754
-0.06729
-0.06715
-0.06716
-0.06723
-0.06726
-0.06721
-0.06712
-0.06703
-0.06695
-0.06688
-0.06679
-0.06665
-0.06647
-0.06622
-0.06591
-0.06549
-0.06493
-0.06426
-0.06351
-0.0627
-0.06184
-0.06089
-0.05985
-0.05876
-0.05767
-0.05665
-0.05571
-0.0548
-0.05382
-0.05272
-0.05154
-0.05034
-0.0492
-0.04811
-0.04702
-0.04589
-0.04472
-0.04362
-0.04267
-0.04186
-0.04113
-0.04038
-0.03959
-0.03878
-0.03803
-0.03734
-0.03665
-0.03591
-0.03506
-0.03415
-0.03324
-0.03236
-0.0315
-0.03062
-0.02975
-0.02892
-0.02819
-0.02756
-0.02695
-0.02626
-0.02543
-0.0245
-0.02356
-0.02269
-0.02193
-0.02127
-0.02064
-0.01996
-0.01922
-0.01842
-0.01756
-0.01666
-0.01569
-0.01467
-0.01363
-0.0126
-0.01159
-0.01061
-0.00965
-0.00872
-0.00779
-0.00687
-0.00595
-0.00502
-0.00408
-0.00315
-0.00225
-0.00141
-0.00062
0.00016
0.00095
0.00177
0.00261
0.00344
0.00424
0.005
0.00572
0.00641
0.00711
0.00783
0.00859
0.00936
0.0101
0.01081
0.01146
0.01207
0.01267
0.01326
0.01384
0.01441
0.01496
0.01549
0.016
0.01649
0.01695
0.01739
0.01782
0.01824
0.01866
0.01907
0.01948
0.01988
0.02026
0.02062
0.02097
0.02132
0.02168
0.02205
0.02243
0.02279
0.02315
0.02348
0.02381
0.02414
0.02447
0.02481
0.02514
0.02547
0.02579
0.0261
0.02641
0.02671
0.027
0.02728
0.02756
0.02782
0.02808
0.02833
0.02858
0.02883
0.02907
0.0293
0.02953
0.02975
0.02996
0.03017
0.03037
0.03057
0.03077
0.03097
0.03116
0.03134
0.03152
0.0317
0.03187
0.03203
0.03219
0.03235
0.0325
0.03265
0.03279
0.03292
0.03306
0.03318
0.03331
0.03343
0.03354
0.03365
0.03375
0.03385
0.03395
0.03404
0.03413
0.03421
0.03429
0.03437
0.03444
0.03451
0.03457
0.03463
0.03469
0.03474
0.03479
0.03483
0.03487
0.03491
0.03494
0.03497
0.03499
0.03502
0.03503
0.03505
0.03506
0.03507
0.03507
0.02333
