0.00027
0.00189
0.00623
0.01323
0.02085
0.02662
0.02925
0.02903
0.02726
0.02533
0.02407
0.02365
0.02378
0.02404
0.02413
0.02395
0.02357
0.02313
0.02272
0.02238
0.02212
0.0219
0.02169
0.02147
0.02124
0.02101
0.02079
0.02056
0.02034
0.02009
0.01983
0.01955
0.01924
0.01891
0.01857
0.01825
0.01796
0.0177
0.01749
0.01732
0.01718
0.01705
0.0169
0.0167
0.01644
0.01613
0.01575
0.01533
0.01488
0.01443
0.01397
0.01354
0.01316
0.01288
0.01275
0.01278
0.01294
0.01312
0.01324
0.0132
0.01303
0.01276
0.01246
0.01216
0.01184
0.01147
0.01103
0.0106
0.01025
0.01003
0.00992
0.00981
0.00961
0.00929
0.00886
0.00841
0.00801
0.0077
0.00748
0.00731
0.00713
0.00693
0.00671
0.00647
0.00624
0.00601
0.00578
0.00557
0.00536
0.00515
0.00493
0.00472
0.0045
0.00429
0.00408
0.00387
0.00368
0.00355
0.00355
0.00376
0.00415
0.0046
0.00501
0.00529
0.00541
0.00531
0.00501
0.00457
0.00413
0.00377
0.00345
0.003
0.00215
0.00074
-0.00118
-0.00337
-0.00546
-0.00709
-0.00803
-0.00822
-0.00773
-0.0068
-0.00581
-0.0051
-0.00485
-0.00494
-0.00503
-0.00479
-0.00412
-0.00326
-0.00254
-0.00221
-0.00229
-0.00261
-0.003
-0.00328
-0.00334
-0.00307
-0.0024
-0.0013
0.00019
0.0019
0.00335
0.00388
0.00281
-0.00021
-0.00502
-0.01097
-0.01716
-0.02263
-0.02664
-0.0288
-0.02917
-0.02804
-0.02586
-0.02307
-0.02006
-0.01726
-0.01504
-0.01364
-0.01306
-0.01303
-0.01305
-0.01257
-0.0113
-0.00935
-0.00713
-0.00497
-0.00293
-0.00094
0.00102
0.00283
0.00431
0.00528
0.00565
0.00538
0.00451
0.00307
0.00111
-0.00151
-0.00516
-0.01029
-0.01711
-0.0253
-0.03408
-0.04251
-0.04962
-0.05456
-0.0567
-0.05576
-0.05191
-0.04573
-0.03817
-0.03034
-0.02317
-0.01708
-0.012
-0.00758
-0.00356
0.0001
0.00324
0.00545
0.00622
0.00518
0.00212
-0.00291
-0.00952
-0.01683
-0.02362
-0.02853
-0.03048
-0.02919
-0.02539
-0.02041
-0.01551
-0.01135
-0.00804
-0.00561
-0.00431
-0.00457
-0.0068
-0.0112
-0.01772
-0.02588
-0.03475
-0.0432
-0.05026
-0.05522
-0.05761
-0.05717
-0.05411
-0.04917
-0.04347
-0.03805
-0.03362
-0.03028
-0.02756
-0.02467
-0.02084
-0.01574
-0.00969
-0.00339
0.00245
0.00726
0.01055
0.01181
0.01064
0.00702
0.00128
-0.00592
-0.01368
-0.02088
-0.02657
-0.03022
-0.03185
-0.03201
-0.03153
-0.03121
-0.03152
-0.03236
-0.03327
-0.0337
-0.03323
-0.03173
-0.02935
-0.02646
-0.02343
-0.02052
-0.01784
-0.01533
-0.01289
-0.01032
-0.00734
-0.00359
0.00127
0.00729
0.01415
0.02122
0.0278
0.03337
0.03759
0.0401
0.04052
0.03851
0.03397
0.02705
0.01813
0.00805
-0.00192
-0.01044
-0.01671
-0.02081
-0.02333
-0.02496
-0.02619
-0.02729
-0.0282
-0.02864
-0.02842
-0.02775
-0.02729
-0.0276
-0.02874
-0.02995
-0.03004
-0.02799
-0.02349
-0.01699
-0.00936
-0.00164
0.00521
0.01056
0.01399
0.01518
0.01386
0.01012
0.00455
-0.00174
-0.00738
-0.01119
-0.01269
-0.01207
-0.00989
-0.00662
-0.0026
0.00186
0.00632
0.01021
0.01297
0.01419
0.01371
0.01156
0.00775
0.00231
-0.00448
-0.01185
-0.01866
-0.02378
-0.02647
-0.02663
-0.02472
-0.02164
-0.01855
-0.01661
-0.0166
-0.01847
-0.02116
-0.02299
-0.02219
-0.01757
-0.00873
0.00385
0.01897
0.03478
0.04917
0.06029
0.06713
0.06971
0.06882
0.06548
0.06067
0.05516
0.04941
0.04362
0.03788
0.03256
0.02817
0.02493
0.02248
0.02008
0.01723
0.014
0.0109
0.00827
0.00597
0.00361
0.00104
-0.0015
-0.00363
-0.00528
-0.00674
-0.00849
-0.01085
-0.01351
-0.01532
-0.01474
-0.01079
-0.00364
0.00543
0.01476
0.02289
0.02882
0.03203
0.03239
0.0302
0.02609
0.02101
0.01607
0.01226
0.01011
0.00951
0.00987
0.01048
0.01067
0.00984
0.00763
0.00406
-0.00014
-0.00366
-0.00504
-0.00339
0.00117
0.00763
0.01444
0.01988
0.02246
0.02152
0.01764
0.01247
0.00798
0.00563
0.00597
0.00887
0.01403
0.02114
0.02969
0.03886
0.04764
0.05504
0.06018
0.06237
0.06117
0.05661
0.04916
0.03967
0.02905
0.01794
0.00662
-0.00489
-0.01645
-0.02758
-0.03735
-0.04466
-0.04861
-0.04864
-0.04447
-0.03595
-0.02322
-0.00708
0.01083
0.02833
0.04328
0.05405
0.05972
0.06007
0.05564
0.04773
0.03846
0.03042
0.02596
0.02626
0.03084
0.03783
0.04495
0.0503
0.05284
0.05237
0.04933
0.0445
0.03879
0.0329
0.02711
0.02119
0.01445
0.00593
-0.00529
-0.01959
-0.03634
-0.0539
-0.07016
-0.08341
-0.0928
-0.09825
-0.10007
-0.09873
-0.09488
-0.08939
-0.08323
-0.07754
-0.07334
-0.07124
-0.07111
-0.0723
-0.07422
-0.07662
-0.07955
-0.0829
-0.08619
-0.08859
-0.08942
-0.08873
-0.08745
-0.08712
-0.08921
-0.09449
-0.10264
-0.11227
-0.12157
-0.12922
-0.13504
-0.13998
-0.14556
-0.15299
-0.16266
-0.17419
-0.18673
-0.19915
-0.2101
-0.21824
-0.22261
-0.22271
-0.21842
-0.21006
-0.19865
-0.18564
-0.17239
-0.15952
-0.14686
-0.13383
-0.1201
-0.10591
-0.09198
-0.07918
-0.06826
-0.05978
-0.05402
-0.05095
-0.0502
-0.05111
-0.05265
-0.0533
-0.05143
-0.04598
-0.03696
-0.02555
-0.01361
-0.00299
0.00507
0.00999
0.01135
0.00847
0.00042
-0.01353
-0.03376
-0.06025
-0.09271
-0.13042
-0.17205
-0.21575
-0.25917
-0.29966
-0.33479
-0.363
-0.38365
-0.39687
-0.40338
-0.4044
-0.4013
-0.39522
-0.3868
-0.37613
-0.36305
-0.34746
-0.32969
-0.31061
-0.29137
-0.273
-0.25593
-0.23924
-0.22045
-0.19609
-0.16306
-0.1197
-0.0662
-0.00425
0.06373
0.13529
0.20837
0.28094
0.35025
0.41242
0.46304
0.49841
0.5164
0.5162
0.49726
0.45851
0.39889
0.31916
0.22392
0.12211
0.02492
-0.05823
-0.12278
-0.16936
-0.2016
-0.22356
-0.23832
-0.24783
-0.25332
-0.25572
-0.25576
-0.25379
-0.24987
-0.24428
-0.23785
-0.23164
-0.22625
-0.22139
-0.21597
-0.20849
-0.19732
-0.18111
-0.15906
-0.13096
-0.09711
-0.05835
-0.01625
0.02698
0.0689
0.10736
0.14089
0.1691
0.19268
0.21271
0.22968
0.24281
0.2498
0.24702
0.23045
0.19781
0.15064
0.09475
0.03802
-0.01277
-0.05418
-0.08634
-0.11156
-0.13268
-0.15162
-0.1687
-0.18278
-0.19188
-0.19378
-0.18615
-0.16664
-0.13372
-0.08814
-0.03383
0.02321
0.07742
0.12602
0.16939
0.20978
0.24955
0.29039
0.33321
0.37823
0.42518
0.47345
0.52211
0.56966
0.61407
0.65351
0.68744
0.71692
0.74423
0.7721
0.8029
0.83786
0.87617
0.91476
0.94933
0.97607
0.99301
0.99998
0.99739
0.98476
0.9601
0.92059
0.86442
0.7925
0.70874
0.6187
0.52772
0.43978
0.35717
0.28068
0.2102
0.14543
0.08652
0.03411
-0.01119
-0.04923
-0.08036
-0.10483
-0.12237
-0.13225
-0.13385
-0.12755
-0.11528
-0.10041
-0.08651
-0.07591
-0.0689
-0.06398
-0.05905
-0.05289
-0.04582
-0.03909
-0.03358
-0.02903
-0.02432
-0.01824
-0.01035
-0.00119
0.008
0.01596
0.022
0.02608
0.02831
0.02843
0.02542
0.0177
0.00368
-0.01719
-0.04371
-0.07303
-0.10163
-0.12677
-0.14742
-0.16449
-0.1798
-0.1946
-0.2087
-0.22076
-0.22911
-0.23247
-0.22994
-0.22069
-0.20386
-0.17928
-0.14859
-0.1157
-0.08584
-0.06369
-0.05188
-0.05069
-0.0587
-0.07381
-0.09415
-0.1186
-0.14664
-0.17775
-0.21095
-0.24508
-0.27926
-0.31302
-0.3459
-0.37722
-0.40635
-0.43308
-0.45746
-0.47924
-0.49785
-0.51359
-0.52889
-0.54726
-0.56977
-0.59281
-0.60936
-0.61199
-0.59587
-0.56131
-0.51379
-0.46031
-0.40472
-0.34645
-0.2833
-0.21496
-0.14414
-0.07465
-0.00909
0.05197
0.1091
0.16292
0.21376
0.26181
0.30716
0.34978
0.38958
0.42649
0.4605
0.49135
0.51828
0.5402
0.5564
0.56713
0.57379
0.57848
0.58316
0.58905
0.59653
0.60549
0.61551
0.62598
0.63606
0.64471
0.65063
0.65224
0.64814
0.63807
0.62332
0.60621
0.58879
0.57206
0.55597
0.53998
0.5236
0.50648
0.48842
0.46924
0.44882
0.42708
0.40401
0.37964
0.35387
0.32622
0.29578
0.26127
0.22127
0.17449
0.12045
0.06036
-0.00241
-0.06323
-0.11808
-0.16502
-0.20438
-0.2378
-0.26686
-0.29234
-0.31428
-0.33256
-0.34732
-0.35888
-0.36764
-0.37415
-0.37911
-0.3833
-0.3873
-0.39151
-0.39622
-0.40163
-0.40748
-0.41276
-0.41596
-0.41586
-0.4121
-0.40535
-0.39686
-0.38781
-0.37869
-0.3689
-0.35684
-0.34044
-0.31768
-0.28704
-0.24812
-0.2023
-0.153
-0.10491
-0.06231
-0.0275
-0.00054
0.01995
0.0357
0.04807
0.05755
0.06357
0.06473
0.05946
0.04656
0.02548
-0.00366
-0.03997
-0.08158
-0.12562
-0.16855
-0.20713
-0.23969
-0.26674
-0.29047
-0.31334
-0.33685
-0.3611
-0.38552
-0.40976
-0.43414
-0.45916
-0.48443
-0.50817
-0.52782
-0.54115
-0.54727
-0.54693
-0.54219
-0.53555
-0.52899
-0.52351
-0.51913
-0.51537
-0.51167
-0.50767
-0.50335
-0.49874
-0.4933
-0.48525
-0.47152
-0.44868
-0.41418
-0.36756
-0.31108
-0.24913
-0.18659
-0.1271
-0.07262
-0.0238
0.01937
0.05696
0.08881
0.11459
0.13404
0.14703
0.15362
0.15441
0.1507
0.1443
0.13699
0.13008
0.12436
0.12042
0.11888
0.12036
0.12536
0.13395
0.14559
0.15902
0.1727
0.1857
0.19828
0.21167
0.22703
0.24471
0.26445
0.28597
0.30935
0.33479
0.36223
0.39122
0.4209
0.44997
0.47658
0.49868
0.51469
0.52419
0.52834
0.5297
0.53157
0.53707
0.54842
0.56649
0.59063
0.61876
0.64821
0.67651
0.70177
0.7224
0.737
0.74454
0.74456
0.737
0.72184
0.69928
0.67002
0.6355
0.59778
0.55914
0.5215
0.48604
0.45303
0.42204
0.39208
0.36223
0.33222
0.30276
0.2751
0.25046
0.22962
0.21293
0.20035
0.19153
0.18605
0.18369
0.18461
0.18929
0.19791
0.20973
0.2228
0.23459
0.24292
0.24656
0.24546
0.2405
0.23319
0.22531
0.21858
0.21429
0.21308
0.21473
0.21823
0.22194
0.22412
0.22334
0.21869
0.20979
0.19658
0.17936
0.15883
0.13629
0.11351
0.09236
0.07411
0.05882
0.04542
0.03229
0.01804
0.00205
-0.0154
-0.03341
-0.05095
-0.06738
-0.08262
-0.09693
-0.11068
-0.12418
-0.13785
-0.15214
-0.16721
-0.18263
-0.19727
-0.2097
-0.21879
-0.22419
-0.22635
-0.22624
-0.22494
-0.2233
-0.22177
-0.22032
-0.21856
-0.2159
-0.21162
-0.2049
-0.19479
-0.18025
-0.1605
-0.13545
-0.10603
-0.07417
-0.04244
-0.01342
0.01082
0.02909
0.0412
0.04769
0.04936
0.04694
0.04093
0.03159
0.01894
0.00307
-0.01562
-0.03635
-0.05835
-0.08097
-0.10357
-0.12515
-0.14456
-0.16101
-0.17443
-0.18519
-0.19357
-0.19952
-0.20285
-0.2038
-0.20326
-0.2026
-0.2031
-0.20534
-0.20904
-0.21313
-0.21614
-0.21675
-0.21422
-0.20853
-0.2002
-0.18999
-0.17851
-0.16594
-0.15215
-0.13714
-0.12147
-0.10633
-0.09307
-0.08264
-0.07521
-0.07038
-0.06757
-0.06641
-0.06675
-0.06834
-0.07083
-0.07383
-0.07717
-0.08087
-0.08492
-0.08912
-0.09305
-0.09641
-0.09923
-0.10177
-0.10423
-0.1065
-0.10843
-0.11
-0.11152
-0.11339
-0.11596
-0.11945
-0.12395
-0.12954
-0.13603
-0.14294
-0.14967
-0.15569
-0.16062
-0.16409
-0.16574
-0.16533
-0.16291
-0.15895
-0.15412
-0.14899
-0.14377
-0.13819
-0.13145
-0.12229
-0.10916
-0.09063
-0.06594
-0.03547
-0.0008
0.0357
0.07153
0.10472
0.13397
0.15859
0.17821
0.19263
0.20166
0.20491
0.20169
0.19108
0.17228
0.14517
0.11091
0.072
0.03178
-0.00633
-0.03934
-0.06514
-0.08298
-0.09362
-0.0989
-0.10089
-0.10122
-0.10075
-0.09957
-0.09715
-0.09282
-0.08628
-0.07785
-0.06812
-0.0574
-0.04545
-0.0319
-0.01698
-0.00196
0.01106
0.02008
0.02409
0.02337
0.01933
0.0141
0.00996
0.00878
0.01154
0.01821
0.02786
0.03902
0.05002
0.05939
0.06607
0.06951
0.06964
0.06685
0.0619
0.05587
0.04999
0.04542
0.04291
0.04256
0.04375
0.04537
0.04624
0.04562
0.04333
0.03957
0.03446
0.02781
0.01924
0.00866
-0.00349
-0.01625
-0.02863
-0.03998
-0.05028
-0.05997
-0.06977
-0.08051
-0.09292
-0.10729
-0.12326
-0.1399
-0.15591
-0.17007
-0.18171
-0.19115
-0.19996
-0.21036
-0.22422
-0.24227
-0.26378
-0.28677
-0.30843
-0.32604
-0.33772
-0.34296
-0.34249
-0.33802
-0.33171
-0.3253
-0.31964
-0.31466
-0.31005
-0.30572
-0.30189
-0.29881
-0.29664
-0.29531
-0.29454
-0.29386
-0.29283
-0.29124
-0.28917
-0.28683
-0.28449
-0.28227
-0.2802
-0.27823
-0.27631
-0.27447
-0.27297
-0.27247
-0.27393
-0.27835
-0.28624
-0.29744
-0.3114
-0.32743
-0.34479
-0.36259
-0.37967
-0.39487
-0.40719
-0.41597
-0.42081
-0.42146
-0.41757
-0.40876
-0.39469
-0.37533
-0.35108
-0.32285
-0.29227
-0.26158
-0.23314
-0.20886
-0.18966
-0.1755
-0.16562
-0.15911
-0.15516
-0.15307
-0.15229
-0.15239
-0.153
-0.15378
-0.15437
-0.15458
-0.15455
-0.15464
-0.15523
-0.15657
-0.15861
-0.16095
-0.16308
-0.16469
-0.16567
-0.16609
-0.16602
-0.16574
-0.16603
-0.16811
-0.17307
-0.18115
-0.19165
-0.20339
-0.21541
-0.22714
-0.23828
-0.2486
-0.25791
-0.26611
-0.27317
-0.27933
-0.28547
-0.29302
-0.30329
-0.3167
-0.33256
-0.34913
-0.36411
-0.37535
-0.38156
-0.38239
-0.37795
-0.36839
-0.35388
-0.33494
-0.31266
-0.28876
-0.26545
-0.24482
-0.22799
-0.2146
-0.20309
-0.19181
-0.1801
-0.16838
-0.15752
-0.14806
-0.14004
-0.13329
-0.12776
-0.12367
-0.12138
-0.12118
-0.12309
-0.12684
-0.13188
-0.13751
-0.14297
-0.14768
-0.15136
-0.15399
-0.1557
-0.15672
-0.15741
-0.15845
-0.16076
-0.16535
-0.17279
-0.18284
-0.19441
-0.20582
-0.21543
-0.22203
-0.22486
-0.22341
-0.2172
-0.20582
-0.1891
-0.16731
-0.14142
-0.1134
-0.08603
-0.06199
-0.04299
-0.02967
-0.02188
-0.01884
-0.01923
-0.02145
-0.02405
-0.02592
-0.02621
-0.02418
-0.01918
-0.01095
0.00027
0.01375
0.02848
0.04358
0.05855
0.07335
0.08794
0.10215
0.1157
0.12843
0.14025
0.15111
0.16119
0.17105
0.18148
0.19294
0.20541
0.21847
0.23143
0.24348
0.25377
0.26178
0.26749
0.27139
0.27412
0.27604
0.27703
0.27657
0.2742
0.26982
0.26374
0.2563
0.24747
0.23665
0.22302
0.2061
0.18618
0.16422
0.14128
0.11799
0.09459
0.07134
0.04865
0.02695
0.00665
-0.0116
-0.02671
-0.0376
-0.04383
-0.04584
-0.04458
-0.04099
-0.03583
-0.02952
-0.022
-0.01264
-0.00068
0.01425
0.03176
0.05101
0.071
0.09054
0.10837
0.12358
0.13616
0.14699
0.15736
0.16844
0.18094
0.19502
0.21048
0.22699
0.2443
0.26207
0.27953
0.29563
0.30937
0.32029
0.3286
0.33507
0.34051
0.34536
0.34962
0.35304
0.35548
0.35706
0.35821
0.35945
0.36093
0.3623
0.36286
0.36192
0.35894
0.35325
0.34396
0.33009
0.311
0.28691
0.25925
0.23031
0.20258
0.17794
0.1573
0.14078
0.12806
0.11861
0.11175
0.10672
0.10282
0.09965
0.09733
0.09655
0.09834
0.10352
0.11258
0.12563
0.14226
0.16129
0.18073
0.19835
0.21247
0.22243
0.22852
0.2316
0.23264
0.23242
0.23142
0.22974
0.22721
0.22363
0.21908
0.21384
0.20811
0.20187
0.19507
0.18781
0.18032
0.17285
0.16549
0.15804
0.14987
0.14033
0.12933
0.11779
0.10726
0.09908
0.09371
0.09054
0.08832
0.08586
0.08267
0.07906
0.07582
0.07361
0.07273
0.07313
0.07481
0.07791
0.08256
0.08853
0.0951
0.10115
0.10547
0.10692
0.10474
0.09866
0.08896
0.0764
0.06194
0.04636
0.02986
0.01205
-0.00766
-0.02944
-0.05274
-0.07636
-0.0988
-0.11872
-0.13528
-0.14829
-0.15801
-0.16484
-0.16886
-0.16987
-0.16771
-0.1626
-0.15527
-0.1469
-0.13906
-0.13332
-0.13056
-0.13048
-0.13188
-0.13331
-0.13361
-0.13208
-0.12851
-0.12319
-0.11687
-0.11044
-0.10437
-0.09828
-0.09092
-0.08081
-0.06711
-0.05007
-0.03092
-0.01156
0.00582
0.01935
0.02804
0.0321
0.03262
0.03111
0.02894
0.02702
0.02558
0.02407
0.02151
0.01699
0.01017
0.00141
-0.00847
-0.01848
-0.02772
-0.03561
-0.04208
-0.0476
-0.05299
-0.05911
-0.06655
-0.07538
-0.08513
-0.09495
-0.10394
-0.1114
-0.117
-0.12074
-0.12279
-0.12338
-0.12275
-0.12132
-0.1195
-0.11767
-0.11602
-0.11456
-0.11317
-0.11152
-0.10884
-0.10378
-0.09466
-0.08006
-0.05955
-0.03378
-0.00396
0.02877
0.06336
0.09853
0.13275
0.16471
0.19353
0.21866
0.23961
0.2559
0.26724
0.27367
0.27557
0.2735
0.26802
0.25962
0.24861
0.23532
0.22026
0.20411
0.18751
0.17086
0.15438
0.13843
0.12372
0.11118
0.10177
0.09614
0.09439
0.09576
0.09885
0.10229
0.10543
0.10833
0.1112
0.11382
0.11573
0.11674
0.11726
0.11803
0.11953
0.12154
0.12307
0.12275
0.11945
0.11303
0.10452
0.09556
0.08758
0.0813
0.0767
0.07351
0.0715
0.0706
0.07084
0.07212
0.07418
0.07668
0.07943
0.08248
0.08598
0.08998
0.09434
0.09869
0.10251
0.10528
0.10672
0.10682
0.10569
0.10328
0.09935
0.09345
0.08517
0.07441
0.06167
0.04795
0.03436
0.02177
0.01065
0.00112
-0.00698
-0.01407
-0.02064
-0.02711
-0.03362
-0.03989
-0.04537
-0.04949
-0.05192
-0.05241
-0.05033
-0.0444
-0.03289
-0.01438
0.01144
0.04311
0.07752
0.11079
0.13962
0.16236
0.1791
0.19103
0.19958
0.20578
0.2101
0.21249
0.21252
0.20978
0.20415
0.19595
0.18589
0.17485
0.16383
0.15375
0.14533
0.13913
0.13576
0.13584
0.13957
0.14634
0.15483
0.1637
0.17206
0.17972
0.18715
0.19521
0.2046
0.21545
0.22752
0.24054
0.25436
0.26861
0.28255
0.29522
0.30581
0.31372
0.31864
0.32053
0.31941
0.31526
0.30793
0.29716
0.28263
0.26395
0.24109
0.21472
0.18644
0.15832
0.13243
0.11038
0.09324
0.08122
0.07363
0.06908
0.06614
0.06397
0.06238
0.0616
0.06186
0.06304
0.06458
0.06567
0.06554
0.06371
0.05986
0.05374
0.04508
0.03385
0.02058
0.00627
-0.00796
-0.0214
-0.03372
-0.04463
-0.05364
-0.06034
-0.06473
-0.06723
-0.06834
-0.06844
-0.06777
-0.06662
-0.06542
-0.06479
-0.06523
-0.06695
-0.0698
-0.0733
-0.07682
-0.07983
-0.08196
-0.08302
-0.08289
-0.08157
-0.07925
-0.07624
-0.0728
-0.06889
-0.06418
-0.05833
-0.05119
-0.0429
-0.03393
-0.02494
-0.01672
-0.0099
-0.00483
-0.00159
-0.00013
-0.00045
-0.00267
-0.00687
-0.01301
-0.02083
-0.02988
-0.03963
-0.04953
-0.0591
-0.06774
-0.07475
-0.07945
-0.08161
-0.08163
-0.08041
-0.07884
-0.07736
-0.07574
-0.07311
-0.06837
-0.0605
-0.04887
-0.0333
-0.01393
0.00886
0.0344
0.0616
0.08897
0.11486
0.13784
0.15715
0.17299
0.1861
0.19713
0.20633
0.2137
0.21919
0.22291
0.22529
0.2271
0.22929
0.23273
0.23799
0.24521
0.25384
0.26262
0.27002
0.27487
0.27662
0.27543
0.27205
0.26756
0.26292
0.25853
0.25417
0.24928
0.24342
0.2363
0.22783
0.21817
0.20804
0.1987
0.19166
0.18802
0.18808
0.19123
0.19613
0.20111
0.20461
0.20563
0.20397
0.20006
0.19432
0.18653
0.17568
0.16064
0.14092
0.11688
0.08938
0.05921
0.02708
-0.00631
-0.04018
-0.07387
-0.10679
-0.13831
-0.16791
-0.19527
-0.22036
-0.24317
-0.26363
-0.28175
-0.29767
-0.31147
-0.32297
-0.33178
-0.33761
-0.34043
-0.34027
-0.33671
-0.32842
-0.31298
-0.2876
-0.25067
-0.20301
-0.14774
-0.08913
-0.03127
0.02238
0.06923
0.10761
0.13707
0.15818
0.1721
0.18008
0.1834
0.1834
0.18138
0.17831
0.17472
0.17099
0.1677
0.16554
0.16496
0.16601
0.16834
0.17135
0.1744
0.1771
0.17961
0.18248
0.18597
0.18963
0.19235
0.19298
0.19104
0.18694
0.18161
0.17593
0.17035
0.16493
0.15952
0.15387
0.14768
0.14084
0.13365
0.1268
0.12104
0.11677
0.11377
0.11136
0.10871
0.10504
0.09962
0.09169
0.08062
0.06604
0.0481
0.02757
0.00579
-0.01556
-0.03487
-0.051
-0.06349
-0.07236
-0.07784
-0.08016
-0.07968
-0.07709
-0.07343
-0.06971
-0.06655
-0.06407
-0.06204
-0.06016
-0.05827
-0.05645
-0.055
-0.05418
-0.05403
-0.05435
-0.05488
-0.05538
-0.0557
-0.05574
-0.0553
-0.05423
-0.05252
-0.05027
-0.04753
-0.04405
-0.0395
-0.03383
-0.02743
-0.02103
-0.01525
-0.01035
-0.00624
-0.00276
0.0001
0.00206
0.00268
0.00162
-0.00102
-0.00472
-0.00914
-0.01468
-0.0224
-0.03348
-0.04854
-0.06748
-0.08952
-0.11344
-0.13774
-0.16099
-0.18207
-0.20031
-0.2154
-0.22732
-0.23646
-0.24364
-0.24991
-0.25606
-0.26224
-0.26796
-0.2724
-0.27497
-0.2757
-0.27527
-0.27453
-0.27403
-0.27395
-0.27432
-0.27542
-0.27772
-0.28163
-0.28728
-0.2944
-0.30256
-0.31147
-0.32133
-0.3328
-0.3464
-0.36205
-0.37885
-0.39562
-0.41142
-0.42574
-0.43822
-0.44838
-0.45567
-0.45982
-0.46095
-0.45937
-0.45555
-0.45011
-0.44379
-0.4371
-0.43004
-0.42219
-0.41319
-0.40314
-0.39262
-0.3823
-0.3726
-0.36377
-0.35596
-0.34924
-0.34356
-0.33874
-0.33439
-0.32973
-0.32351
-0.3141
-0.29965
-0.27824
-0.24837
-0.20981
-0.1641
-0.11414
-0.06317
-0.01396
0.03156
0.07249
0.10888
0.14131
0.17012
0.19477
0.21393
0.22611
0.2303
0.22613
0.21397
0.19525
0.17274
0.15019
0.13114
0.11754
0.10913
0.10369
0.09803
0.08921
0.07547
0.05655
0.03369
0.00914
-0.01483
-0.037
-0.05753
-0.07737
-0.0974
-0.11775
-0.13772
-0.15609
-0.17146
-0.18251
-0.18826
-0.18817
-0.18217
-0.17024
-0.15208
-0.12706
-0.09487
-0.05619
-0.01288
0.03231
0.07638
0.11651
0.15046
0.17707
0.19654
0.21044
0.22105
0.23047
0.23984
0.2492
0.25787
0.26494
0.26968
0.27188
0.27191
0.27037
0.26772
0.264
0.259
0.25268
0.24548
0.23813
0.23124
0.22508
0.21967
0.21479
0.21008
0.20529
0.2004
0.19546
0.19017
0.18383
0.17595
0.16674
0.15701
0.14765
0.13913
0.13154
0.12474
0.1186
0.11303
0.10792
0.10303
0.098
0.09246
0.08623
0.07945
0.07254
0.06573
0.05873
0.0509
0.04185
0.03175
0.02144
0.01213
0.005
0.00092
0.00018
0.00257
0.00755
0.01439
0.02236
0.03074
0.03902
0.04685
0.05387
0.05952
0.06318
0.06464
0.06424
0.06273
0.06072
0.05837
0.05551
0.05195
0.04775
0.04311
0.03838
0.03401
0.03045
0.02784
0.02583
0.02366
0.02062
0.0163
0.01058
0.00348
-0.00499
-0.01481
-0.0259
-0.03804
-0.05064
-0.06309
-0.07509
-0.08695
-0.09934
-0.11279
-0.12725
-0.14209
-0.15653
-0.17022
-0.18329
-0.19614
-0.2091
-0.22227
-0.23558
-0.24884
-0.26179
-0.27404
-0.28521
-0.29495
-0.30307
-0.30954
-0.31452
-0.31842
-0.32187
-0.3255
-0.32955
-0.33381
-0.33778
-0.34111
-0.34369
-0.34551
-0.34648
-0.34651
-0.34583
-0.34504
-0.34486
-0.34573
-0.34761
-0.35013
-0.35284
-0.35559
-0.35869
-0.36281
-0.3686
-0.37643
-0.38624
-0.39776
-0.41079
-0.42545
-0.44216
-0.46111
-0.48131
-0.49983
-0.51185
-0.51144
-0.4934
-0.4554
-0.39939
-0.33104
-0.25774
-0.18622
-0.12129
-0.06563
-0.02025
0.01511
0.0418
0.06181
0.07727
0.08991
0.10065
0.10933
0.11489
0.11617
0.1128
0.10559
0.09631
0.08691
0.07879
0.07214
0.06578
0.05771
0.04611
0.03023
0.01067
-0.01094
-0.03276
-0.05356
-0.07291
-0.09104
-0.10863
-0.1267
-0.14628
-0.16777
-0.19048
-0.21301
-0.234
-0.2529
-0.26998
-0.28574
-0.30037
-0.31345
-0.32418
-0.33176
-0.33584
-0.33692
-0.33618
-0.33494
-0.3339
-0.33299
-0.33161
-0.32905
-0.32479
-0.31874
-0.31138
-0.30359
-0.29626
-0.28989
-0.28453
-0.28011
-0.2769
-0.27545
-0.27615
-0.27877
-0.28227
-0.28517
-0.28596
-0.28353
-0.27711
-0.26625
-0.25069
-0.23029
-0.20509
-0.17542
-0.14228
-0.10742
-0.07294
-0.04067
-0.01141
0.01514
0.03988
0.06381
0.08758
0.11125
0.13418
0.15549
0.17458
0.19121
0.20523
0.21648
0.2249
0.23098
0.23583
0.24103
0.24802
0.2574
0.2685
0.27958
0.28846
0.29338
0.29364
0.2898
0.2834
0.27629
0.26984
0.26435
0.25902
0.25247
0.24348
0.23151
0.21679
0.20002
0.18205
0.16364
0.14526
0.12706
0.10894
0.09086
0.07313
0.05624
0.0406
0.02639
0.01361
0.00224
-0.00766
-0.01587
-0.02198
-0.02576
-0.02742
-0.02747
-0.0264
-0.02446
-0.02173
-0.01817
-0.01378
-0.00852
-0.00225
0.0052
0.01384
0.02333
0.03303
0.04243
0.05133
0.05971
0.06746
0.07432
0.07995
0.08418
0.08708
0.08879
0.08937
0.0889
0.08761
0.0858
0.08356
0.08068
0.07678
0.07156
0.06509
0.05783
0.05054
0.04409
0.03911
0.03592
0.03452
0.03478
0.03665
0.04021
0.04542
0.05185
0.0585
0.0643
0.06857
0.07131
0.07294
0.07398
0.07465
0.0749
0.07443
0.07281
0.06969
0.06484
0.05802
0.04912
0.0383
0.02618
0.01374
0.00212
-0.0076
-0.01481
-0.01977
-0.02348
-0.02701
-0.03076
-0.03432
-0.03702
-0.03845
-0.03856
-0.03758
-0.03594
-0.03416
-0.03268
-0.03169
-0.03124
-0.03129
-0.03173
-0.03224
-0.03228
-0.03139
-0.02933
-0.02618
-0.02213
-0.01734
-0.01173
-0.00495
0.00339
0.01339
0.02479
0.03703
0.04931
0.06081
0.07091
0.07931
0.08584
0.09042
0.09309
0.09398
0.09345
0.09205
0.09047
0.08924
0.08856
0.08833
0.08837
0.08862
0.08932
0.09084
0.09348
0.09716
0.10142
0.10564
0.10942
0.11254
0.11489
0.1163
0.1167
0.11628
0.11539
0.11444
0.11381
0.11388
0.11499
0.1173
0.12081
0.1254
0.131
0.13738
0.14406
0.15052
0.15642
0.16154
0.16559
0.1682
0.16912
0.16832
0.16586
0.16188
0.15659
0.15026
0.14325
0.13601
0.12899
0.12259
0.11702
0.11226
0.10802
0.10383
0.09937
0.0946
0.08979
0.08517
0.08083
0.0767
0.0725
0.0677
0.06168
0.05404
0.04493
0.03503
0.02532
0.0167
0.00965
0.00419
0.00012
-0.00269
-0.00425
-0.00448
-0.00328
-0.00044
0.00406
0.00997
0.01677
0.02403
0.03145
0.03871
0.04541
0.05126
0.05624
0.0605
0.06414
0.06704
0.06898
0.06984
0.06964
0.06847
0.06621
0.06234
0.05611
0.04691
0.03475
0.02033
0.00479
-0.0108
-0.02583
-0.04015
-0.05383
-0.06688
-0.0791
-0.09025
-0.10023
-0.1092
-0.11747
-0.12515
-0.13195
-0.13731
-0.14067
-0.14165
-0.13999
-0.1354
-0.12747
-0.11581
-0.1004
-0.08197
-0.0619
-0.04174
-0.02252
-0.00456
0.01232
0.02835
0.04356
0.05781
0.071
0.08335
0.09542
0.10778
0.12065
0.13366
0.14617
0.15761
0.16765
0.17601
0.18249
0.1871
0.1901
0.19183
0.19242
0.19187
0.19011
0.18726
0.18372
0.18015
0.17716
0.17503
0.17369
0.17291
0.17255
0.17262
0.17308
0.17374
0.17442
0.17512
0.17594
0.1768
0.1773
0.17697
0.1756
0.17342
0.17107
0.16923
0.16817
0.16761
0.16698
0.16569
0.1634
0.16015
0.15625
0.15214
0.14808
0.1441
0.14008
0.136
0.13201
0.12819
0.12455
0.1212
0.11843
0.11645
0.11522
0.11448
0.11389
0.1132
0.11234
0.11133
0.11026
0.10921
0.10821
0.10709
0.1055
0.10314
0.10003
0.09631
0.09183
0.08608
0.07859
0.06932
0.05864
0.0469
0.03418
0.02026
0.00494
-0.01162
-0.02884
-0.04584
-0.06178
-0.07628
-0.08957
-0.10226
-0.11467
-0.12647
-0.13685
-0.145
-0.15075
-0.15458
-0.15726
-0.1593
-0.16061
-0.16072
-0.15912
-0.15565
-0.15054
-0.14435
-0.13773
-0.13121
-0.12501
-0.11914
-0.11346
-0.10781
-0.102
-0.09578
-0.08895
-0.08149
-0.07351
-0.06519
-0.0566
-0.04777
-0.03873
-0.02946
-0.0199
-0.01015
-0.00062
0.00819
0.01589
0.02226
0.02726
0.03097
0.03372
0.03602
0.03835
0.04081
0.04305
0.04456
0.04509
0.0447
0.04361
0.04195
0.03985
0.03752
0.03521
0.03299
0.03075
0.02841
0.02607
0.02393
0.02211
0.02061
0.01932
0.01823
0.01754
0.01761
0.01867
0.02068
0.02338
0.02658
0.03023
0.03447
0.03957
0.04587
0.05353
0.06236
0.07175
0.08084
0.08876
0.09502
0.0997
0.10334
0.10661
0.11012
0.1142
0.11881
0.12344
0.1274
0.13013
0.13145
0.13151
0.13068
0.12936
0.128
0.12697
0.12648
0.12644
0.12651
0.1263
0.12562
0.12461
0.12365
0.12307
0.12294
0.12314
0.12353
0.12413
0.12501
0.1261
0.12717
0.12795
0.1283
0.12828
0.128
0.12735
0.12602
0.12376
0.12061
0.11681
0.11262
0.10812
0.1032
0.09758
0.09098
0.08336
0.07514
0.06707
0.05973
0.0532
0.04722
0.04165
0.03665
0.03254
0.02948
0.0274
0.02592
0.02463
0.02326
0.0217
0.01987
0.01771
0.01519
0.01233
0.00912
0.00555
0.00168
-0.00233
-0.00642
-0.01066
-0.01516
-0.01995
-0.02482
-0.02941
-0.03335
-0.03641
-0.03853
-0.03964
-0.03975
-0.0391
-0.03826
-0.03786
-0.03824
-0.03935
-0.04088
-0.04253
-0.04419
-0.04598
-0.04793
-0.04979
-0.05118
-0.05181
-0.05165
-0.05084
-0.04956
-0.04801
-0.04628
-0.04429
-0.04201
-0.0396
-0.03739
-0.03572
-0.03487
-0.03497
-0.03588
-0.03731
-0.03904
-0.04105
-0.04344
-0.04635
-0.0497
-0.05317
-0.05638
-0.05911
-0.06127
-0.06288
-0.0639
-0.06432
-0.06424
-0.06384
-0.06333
-0.06287
-0.06252
-0.06225
-0.0621
-0.06216
-0.06256
-0.0633
-0.06426
-0.0653
-0.06635
-0.06744
-0.06873
-0.07052
-0.07289
-0.07566
-0.07844
-0.08095
-0.08322
-0.08555
-0.08835
-0.09185
-0.09599
-0.10051
-0.10507
-0.10932
-0.11296
-0.11578
-0.11773
-0.11883
-0.11916
-0.11884
-0.11807
-0.11709
-0.11604
-0.1148
-0.11291
-0.10968
-0.10459
-0.09745
-0.0884
-0.07781
-0.06607
-0.05357
-0.04057
-0.02734
-0.01432
-0.00218
0.0083
0.01657
0.02251
0.02653
0.02929
0.03126
0.03253
0.03292
0.03209
0.02991
0.02658
0.02268
0.01885
0.01551
0.0127
0.01027
0.00812
0.00631
0.005
0.00429
0.00407
0.00411
0.0042
0.00417
0.0038
0.00279
0.00096
-0.00154
-0.00438
-0.00732
-0.01038
-0.01376
-0.01771
-0.02228
-0.02718
-0.03201
-0.03671
-0.04177
-0.04778
-0.05484
-0.0624
-0.06968
-0.0762
-0.08194
-0.08712
-0.09191
-0.09641
-0.10069
-0.10482
-0.10883
-0.1126
-0.11593
-0.11858
-0.12028
-0.1208
-0.12009
-0.11835
-0.116
-0.11335
-0.11056
-0.10777
-0.1053
-0.10359
-0.10302
-0.10362
-0.105
-0.10653
-0.10769
-0.10831
-0.10851
-0.10854
-0.10868
-0.10918
-0.11008
-0.11116
-0.11213
-0.11275
-0.1129
-0.11244
-0.1113
-0.10951
-0.10729
-0.10488
-0.10266
-0.10105
-0.10035
-0.10045
-0.1009
-0.10111
-0.10058
-0.09907
-0.09657
-0.09321
-0.08914
-0.08445
-0.07924
-0.07367
-0.06796
-0.06227
-0.05671
-0.05128
-0.04593
-0.04039
-0.03426
-0.02717
-0.01915
-0.01066
-0.00246
0.00469
0.01037
0.01462
0.01775
0.02008
0.02185
0.02335
0.02486
0.02647
0.02797
0.02905
0.02965
0.03004
0.0307
0.0319
0.03354
0.03527
0.03681
0.03819
0.03963
0.04134
0.04324
0.04509
0.0466
0.04771
0.04851
0.04901
0.04898
0.04813
0.04624
0.04318
0.03881
0.03309
0.02618
0.01854
0.01083
0.00359
-0.00293
-0.00886
-0.01445
-0.01983
-0.02488
-0.02923
-0.0326
-0.03506
-0.03708
-0.03917
-0.0415
-0.04389
-0.04596
-0.04757
-0.04897
-0.05062
-0.05278
-0.05533
-0.05792
-0.06028
-0.06229
-0.06397
-0.0653
-0.06616
-0.06644
-0.06614
-0.06531
-0.06388
-0.06166
-0.05852
-0.0546
-0.05014
-0.04531
-0.04007
-0.03409
-0.02686
-0.01799
-0.00754
0.00385
0.01531
0.02604
0.03563
0.04416
0.05212
0.06009
0.06834
0.07657
0.08436
0.09152
0.09815
0.10431
0.10987
0.11471
0.11886
0.1224
0.12536
0.12772
0.12952
0.13089
0.13189
0.13238
0.13206
0.13065
0.12813
0.12476
0.12096
0.11714
0.11364
0.11068
0.10844
0.10692
0.10597
0.10533
0.10474
0.10404
0.10327
0.10259
0.10224
0.10232
0.10272
0.10331
0.10408
0.10503
0.106
0.10669
0.10686
0.10655
0.10609
0.10581
0.10576
0.10573
0.10543
0.10477
0.1038
0.10268
0.10158
0.10056
0.09956
0.09823
0.09595
0.09209
0.08623
0.07836
0.0687
0.05756
0.04517
0.03172
0.01741
0.00243
-0.01296
-0.02819
-0.04247
-0.05504
-0.06556
-0.07418
-0.08123
-0.08709
-0.09202
-0.09621
-0.09972
-0.10253
-0.10463
-0.10598
-0.10656
-0.10648
-0.10602
-0.10559
-0.10549
-0.10567
-0.1058
-0.10547
-0.10433
-0.10223
-0.09921
-0.0954
-0.09105
-0.08652
-0.08223
-0.07843
-0.07519
-0.07246
-0.07018
-0.06827
-0.06651
-0.06459
-0.06239
-0.06009
-0.05807
-0.0566
-0.05553
-0.05443
-0.05287
-0.05076
-0.0484
-0.04617
-0.04427
-0.04273
-0.04167
-0.04127
-0.04161
-0.04261
-0.04413
-0.04605
-0.04811
-0.05001
-0.05159
-0.05293
-0.05419
-0.05535
-0.05619
-0.05645
-0.05591
-0.05441
-0.05179
-0.04802
-0.04328
-0.03791
-0.03232
-0.02683
-0.02171
-0.01722
-0.01366
-0.01126
-0.01008
-0.01008
-0.0112
-0.01324
-0.01563
-0.01766
-0.01878
-0.01891
-0.01823
-0.01687
-0.01478
-0.01188
-0.0083
-0.00434
-0.00023
0.00398
0.00839
0.01298
0.01748
0.02137
0.02423
0.02596
0.02688
0.02744
0.028
0.02864
0.02908
0.02898
0.02817
0.02676
0.02502
0.02333
0.02204
0.02132
0.02111
0.02119
0.02132
0.02134
0.02124
0.02102
0.02063
0.02001
0.0192
0.01843
0.0179
0.01766
0.01768
0.01798
0.01859
0.0195
0.0206
0.02176
0.02288
0.02394
0.02494
0.02562
0.02544
0.02393
0.02105
0.01717
0.01275
0.00814
0.00356
-0.00077
-0.00471
-0.00832
-0.01173
-0.01497
-0.0179
-0.02015
-0.02119
-0.02052
-0.01804
-0.0142
-0.00974
-0.00528
-0.00116
0.00257
0.00607
0.00951
0.01288
0.01592
0.01826
0.01984
0.02097
0.02213
0.02371
0.02577
0.02817
0.03067
0.03312
0.03557
0.03822
0.04121
0.0445
0.04799
0.05165
0.05554
0.05968
0.06392
0.06798
0.07163
0.07484
0.07775
0.08038
0.08248
0.08376
0.08405
0.08351
0.08232
0.08051
0.07772
0.07346
0.06737
0.05944
0.05001
0.03977
0.02955
0.02003
0.01153
0.00396
-0.00297
-0.00945
-0.01536
-0.0204
-0.02434
-0.02731
-0.02977
-0.03217
-0.03461
-0.03686
-0.03867
-0.03994
-0.04068
-0.04095
-0.04084
-0.04049
-0.04006
-0.03978
-0.03985
-0.04039
-0.04124
-0.04207
-0.04253
-0.04251
-0.04211
-0.04155
-0.04102
-0.0406
-0.04029
-0.04005
-0.03975
-0.03906
-0.03742
-0.03424
-0.02933
-0.02304
-0.01595
-0.00845
-0.00067
0.00741
0.01572
0.02405
0.03188
0.03855
0.04356
0.04682
0.04853
0.04896
0.04833
0.04696
0.04517
0.04314
0.04094
0.03867
0.03667
0.03544
0.03545
0.03703
0.04024
0.04493
0.05063
0.05668
0.06238
0.06726
0.07109
0.07389
0.07589
0.07743
0.07885
0.08031
0.08174
0.08283
0.08332
0.08321
0.08286
0.08266
0.08272
0.08286
0.08279
0.08234
0.08141
0.07996
0.0781
0.07621
0.07482
0.07429
0.07453
0.07506
0.07536
0.0751
0.07422
0.07276
0.07087
0.06875
0.06663
0.06461
0.06272
0.06093
0.05909
0.05698
0.05434
0.05097
0.04666
0.04123
0.03466
0.0272
0.01922
0.01102
0.00263
-0.00609
-0.01518
-0.02443
-0.0334
-0.04172
-0.04928
-0.05617
-0.06251
-0.06832
-0.07357
-0.07828
-0.08247
-0.08601
-0.08855
-0.08987
-0.0901
-0.08982
-0.08959
-0.08956
-0.0894
-0.08869
-0.08725
-0.08511
-0.0824
-0.07936
-0.07634
-0.07362
-0.07122
-0.069
-0.0669
-0.06504
-0.06363
-0.06277
-0.06234
-0.06213
-0.06183
-0.06113
-0.05976
-0.05764
-0.05492
-0.05198
-0.04926
-0.04693
-0.04471
-0.04202
-0.03838
-0.03373
-0.02839
-0.02287
-0.01767
-0.01318
-0.0096
-0.00684
-0.00463
-0.00276
-0.00123
-0.00019
0.00019
-0.00022
-0.00146
-0.00336
-0.00557
-0.00776
-0.00982
-0.01187
-0.01402
-0.01627
-0.01862
-0.02099
-0.02309
-0.02458
-0.02523
-0.02517
-0.02471
-0.0242
-0.0238
-0.02345
-0.02283
-0.02164
-0.0198
-0.01772
-0.01618
-0.01594
-0.0173
-0.01987
-0.02297
-0.02602
-0.02867
-0.03087
-0.03292
-0.03518
-0.03781
-0.04061
-0.04317
-0.04517
-0.0467
-0.0481
-0.0496
-0.05106
-0.05211
-0.05249
-0.05222
-0.05158
-0.05085
-0.05023
-0.04979
-0.04957
-0.04968
-0.05029
-0.05146
-0.05303
-0.05461
-0.05593
-0.057
-0.0581
-0.05947
-0.06122
-0.06323
-0.06523
-0.0669
-0.06804
-0.06866
-0.06883
-0.06851
-0.06764
-0.06624
-0.06434
-0.06185
-0.05837
-0.05345
-0.04695
-0.03925
-0.03102
-0.02283
-0.01499
-0.00777
-0.0014
0.00393
0.00811
0.01107
0.0127
0.01294
0.01173
0.00906
0.00494
-0.00053
-0.00708
-0.01432
-0.02182
-0.02926
-0.03638
-0.043
-0.04909
-0.05471
-0.05995
-0.06472
-0.06886
-0.07237
-0.07532
-0.07767
-0.07932
-0.08025
-0.08067
-0.08083
-0.08085
-0.08068
-0.08027
-0.07962
-0.07881
-0.07781
-0.07653
-0.0749
-0.07298
-0.07091
-0.06872
-0.0663
-0.0636
-0.06062
-0.05748
-0.05419
-0.05067
-0.04682
-0.04272
-0.03849
-0.03416
-0.02965
-0.02485
-0.01983
-0.01485
-0.0102
-0.006
-0.00219
0.00136
0.00465
0.00757
0.00991
0.0115
0.01234
0.01271
0.01306
0.01373
0.0148
0.01619
0.01784
0.01969
0.02158
0.0233
0.02471
0.02573
0.02621
0.02602
0.02517
0.02382
0.02225
0.02071
0.01932
0.01799
0.01652
0.01493
0.01358
0.01295
0.01333
0.01477
0.01724
0.02072
0.02505
0.0298
0.03432
0.03803
0.04079
0.04287
0.04452
0.04577
0.04658
0.04707
0.04751
0.04804
0.04859
0.04887
0.04858
0.04747
0.04552
0.04292
0.03996
0.03697
0.03412
0.03145
0.02891
0.02642
0.02392
0.0214
0.01887
0.01649
0.0145
0.01316
0.01254
0.0125
0.01275
0.01306
0.01344
0.01417
0.0157
0.01838
0.02225
0.02702
0.03233
0.03807
0.04432
0.05094
0.05741
0.06295
0.06702
0.06961
0.07121
0.07244
0.0738
0.07546
0.07731
0.079
0.08014
0.0805
0.08013
0.07913
0.07751
0.07511
0.07191
0.06816
0.06424
0.06041
0.05674
0.05332
0.05024
0.04739
0.04467
0.04205
0.03966
0.03748
0.03541
0.03338
0.03157
0.03018
0.02926
0.02852
0.02766
0.02666
0.02587
0.0257
0.02623
0.02715
0.02797
0.02836
0.02828
0.02785
0.02718
0.02622
0.02476
0.02263
0.01971
0.01599
0.01152
0.00637
0.00065
-0.00542
-0.01138
-0.01669
-0.02105
-0.02451
-0.02726
-0.02932
-0.03058
-0.03101
-0.03072
-0.02988
-0.02852
-0.02667
-0.02449
-0.0223
-0.02038
-0.01872
-0.01707
-0.01515
-0.01283
-0.01022
-0.00748
-0.00477
-0.00218
0.00025
0.00244
0.0042
0.00532
0.00578
0.00572
0.00543
0.00519
0.00531
0.00603
0.00747
0.00942
0.01147
0.01322
0.01456
0.01553
0.0161
0.01607
0.01535
0.01405
0.01245
0.0107
0.00877
0.00645
0.00356
0.00012
-0.00357
-0.00706
-0.00991
-0.01179
-0.01246
-0.01176
-0.00962
-0.00616
-0.00159
0.00396
0.0104
0.01745
0.02456
0.03113
0.03692
0.04219
0.04729
0.05233
0.05702
0.06108
0.06449
0.06744
0.07011
0.07255
0.07472
0.07665
0.07838
0.07983
0.08071
0.0807
0.07966
0.07764
0.07476
0.07119
0.06725
0.0633
0.05952
0.0559
0.05245
0.04945
0.04725
0.046
0.04554
0.0455
0.04561
0.04585
0.04643
0.04749
0.0489
0.05024
0.05108
0.05121
0.05069
0.04966
0.04816
0.04614
0.04351
0.04013
0.03582
0.03042
0.02392
0.01656
0.00876
0.00106
-0.00605
-0.01224
-0.01742
-0.02165
-0.02507
-0.02779
-0.02984
-0.03112
-0.03144
-0.03063
-0.02872
-0.02587
-0.02225
-0.01801
-0.01329
-0.00835
-0.00349
0.00094
0.00485
0.00846
0.01211
0.01599
0.0199
0.02348
0.02654
0.02924
0.03178
0.03411
0.03588
0.03677
0.03677
0.03615
0.03533
0.03458
0.03388
0.03286
0.03105
0.02823
0.0247
0.02106
0.01792
0.01552
0.01356
0.01161
0.00953
0.00757
0.00606
0.00497
0.00393
0.00245
0.00018
-0.00296
-0.00675
-0.01082
-0.01485
-0.01869
-0.02225
-0.0254
-0.02812
-0.03048
-0.03262
-0.03457
-0.03609
-0.03682
-0.0366
-0.03566
-0.03451
-0.03359
-0.03311
-0.03299
-0.03305
-0.03309
-0.03304
-0.03305
-0.03352
-0.03475
-0.03668
-0.03888
-0.04094
-0.04274
-0.04444
-0.04626
-0.04842
-0.05107
-0.0542
-0.05752
-0.06063
-0.06327
-0.06539
-0.06718
-0.06875
-0.07011
-0.07117
-0.07193
-0.07233
-0.07212
-0.07102
-0.06892
-0.0659
-0.06194
-0.05668
-0.04975
-0.04138
-0.03261
-0.02463
-0.01801
-0.01252
-0.00767
-0.00322
0.00075
0.00403
0.00646
0.00799
0.00864
0.00852
0.00775
0.00648
0.00498
0.00346
0.00205
0.0008
-0.00016
-0.00059
-0.00017
0.00125
0.00348
0.00613
0.00885
0.01144
0.01386
0.01618
0.01875
0.02195
0.02592
0.03034
0.03451
0.03774
0.03976
0.04073
0.04107
0.04101
0.04051
0.03926
0.03695
0.0336
0.02952
0.02502
0.0203
0.01543
0.01045
0.00543
0.00051
-0.00405
-0.00801
-0.01118
-0.0135
-0.01507
-0.01614
-0.01701
-0.01786
-0.01863
-0.01925
-0.01976
-0.02011
-0.02002
-0.01914
-0.01751
-0.01564
-0.01406
-0.01291
-0.01202
-0.01121
-0.01047
-0.00992
-0.00966
-0.00977
-0.01033
-0.01132
-0.01259
-0.01396
-0.01529
-0.0165
-0.01758
-0.01861
-0.01964
-0.0207
-0.02184
-0.02317
-0.02484
-0.02686
-0.02916
-0.03158
-0.03411
-0.03695
-0.0403
-0.04417
-0.04828
-0.05225
-0.05582
-0.05885
-0.06132
-0.06334
-0.06512
-0.06679
-0.06829
-0.06953
-0.07042
-0.0708
-0.07046
-0.0693
-0.0675
-0.06541
-0.06333
-0.06143
-0.05974
-0.05808
-0.05622
-0.05405
-0.05171
-0.04949
-0.04758
-0.04612
-0.04519
-0.04468
-0.04428
-0.04369
-0.04285
-0.04191
-0.04112
-0.04069
-0.04077
-0.04137
-0.04224
-0.04302
-0.04347
-0.04373
-0.04418
-0.0451
-0.04647
-0.04807
-0.04975
-0.05151
-0.05334
-0.05521
-0.0571
-0.059
-0.06089
-0.06282
-0.06495
-0.06732
-0.06981
-0.07216
-0.07423
-0.07601
-0.07755
-0.07883
-0.07976
-0.08042
-0.08101
-0.08178
-0.08275
-0.08373
-0.08453
-0.08495
-0.0848
-0.08393
-0.08229
-0.07987
-0.0766
-0.0724
-0.06733
-0.06175
-0.05619
-0.0512
-0.04707
-0.04363
-0.04042
-0.03699
-0.03326
-0.02947
-0.02595
-0.0229
-0.02042
-0.01857
-0.01742
-0.01699
-0.01725
-0.01807
-0.0192
-0.02036
-0.02143
-0.02231
-0.0229
-0.02312
-0.02295
-0.02241
-0.02148
-0.02016
-0.01858
-0.0169
-0.01526
-0.01372
-0.01226
-0.01084
-0.00939
-0.00792
-0.00641
-0.00477
-0.00289
-0.00083
0.00128
0.0034
0.00574
0.00849
0.01159
0.01478
0.01777
0.02045
0.02285
0.02495
0.02658
0.02744
0.0274
0.02678
0.02617
0.02605
0.02645
0.02708
0.02759
0.02781
0.02775
0.02754
0.0274
0.02758
0.02836
0.02982
0.03176
0.03376
0.03546
0.03685
0.0382
0.03966
0.04111
0.04226
0.04295
0.04333
0.04374
0.04434
0.045
0.04549
0.04565
0.04548
0.04512
0.04472
0.04438
0.04413
0.04396
0.0438
0.04364
0.04351
0.04358
0.04402
0.0448
0.04569
0.0464
0.04691
0.04745
0.04841
0.04997
0.05207
0.05447
0.05689
0.05919
0.06131
0.06334
0.06548
0.0679
0.0705
0.07293
0.07487
0.07631
0.07747
0.07851
0.07935
0.07981
0.07976
0.07927
0.07852
0.07763
0.07656
0.07521
0.0736
0.07183
0.0699
0.06777
0.06545
0.06313
0.06103
0.05921
0.05763
0.05626
0.05517
0.05442
0.05403
0.05405
0.05457
0.05572
0.05758
0.0601
0.063
0.06581
0.0683
0.07065
0.07325
0.07618
0.0791
0.08167
0.0839
0.08595
0.08786
0.08935
0.09011
0.09003
0.08927
0.08819
0.08705
0.08584
0.08437
0.08233
0.07954
0.07588
0.07139
0.06623
0.06067
0.055
0.04944
0.04406
0.03874
0.03329
0.02761
0.02191
0.01658
0.01188
0.00784
0.00436
0.00134
-0.00132
-0.00375
-0.00607
-0.00828
-0.01026
-0.01201
-0.01379
-0.01597
-0.01868
-0.02173
-0.02487
-0.02805
-0.03147
-0.03532
-0.03964
-0.04417
-0.0485
-0.05235
-0.05563
-0.05836
-0.06052
-0.06208
-0.06312
-0.06373
-0.06395
-0.06368
-0.06285
-0.06145
-0.05962
-0.05744
-0.05476
-0.05131
-0.04693
-0.04176
-0.03618
-0.03057
-0.02516
-0.02
-0.01506
-0.01036
-0.00606
-0.00239
0.0005
0.00254
0.00374
0.00417
0.0039
0.00294
0.00132
-0.00084
-0.00339
-0.00625
-0.00949
-0.01322
-0.01737
-0.02163
-0.02566
-0.02932
-0.03267
-0.03573
-0.03848
-0.0409
-0.04296
-0.04462
-0.04575
-0.04625
-0.04616
-0.04565
-0.04499
-0.04436
-0.04385
-0.04347
-0.04314
-0.04281
-0.04246
-0.04205
-0.04149
-0.04063
-0.03937
-0.03778
-0.03604
-0.0343
-0.03268
-0.03134
-0.0304
-0.02985
-0.02948
-0.02895
-0.028
-0.02663
-0.02498
-0.02318
-0.02119
-0.01893
-0.01646
-0.01397
-0.0117
-0.0096
-0.00737
-0.00475
-0.0019
0.00076
0.00284
0.00431
0.00532
0.00603
0.00655
0.00705
0.00773
0.0087
0.00989
0.01116
0.01227
0.01296
0.01321
0.01326
0.01342
0.01379
0.01415
0.01417
0.01359
0.01247
0.01103
0.00953
0.0081
0.00682
0.00561
0.00429
0.0027
0.00091
-0.00085
-0.00238
-0.00364
-0.00464
-0.00534
-0.0057
-0.00574
-0.0057
-0.00589
-0.00652
-0.00748
-0.00842
-0.00901
-0.00914
-0.00891
-0.00852
-0.00816
-0.00791
-0.00778
-0.0077
-0.00763
-0.00753
-0.00728
-0.00673
-0.00579
-0.00451
-0.00306
-0.00158
-0.00017
0.00114
0.00243
0.0039
0.00572
0.00793
0.01032
0.01251
0.01425
0.01561
0.01691
0.01842
0.01988
0.02075
0.02082
0.02049
0.0204
0.02097
0.02225
0.02389
0.02541
0.02652
0.02726
0.02783
0.02824
0.02833
0.02803
0.02747
0.02684
0.02614
0.02516
0.02362
0.02136
0.01846
0.01535
0.01261
0.01053
0.009
0.00773
0.00653
0.00539
0.00438
0.00365
0.00343
0.00388
0.0049
0.00608
0.0069
0.00708
0.00677
0.00646
0.00663
0.00737
0.00839
0.00935
0.01012
0.01087
0.01182
0.01302
0.01427
0.01538
0.01637
0.01753
0.01915
0.02135
0.02407
0.02722
0.03071
0.03435
0.03786
0.04099
0.04363
0.04591
0.04797
0.04986
0.0515
0.05281
0.05383
0.05466
0.0553
0.05573
0.05603
0.05642
0.05699
0.05753
0.05763
0.057
0.05569
0.05399
0.05221
0.05059
0.04919
0.04787
0.04638
0.04449
0.04221
0.03966
0.03705
0.03453
0.03215
0.02989
0.02771
0.0256
0.02367
0.02215
0.02122
0.02081
0.02058
0.02018
0.01954
0.01883
0.01822
0.0177
0.01711
0.01638
0.01551
0.01457
0.01365
0.01292
0.01253
0.01254
0.01283
0.01327
0.01382
0.01457
0.01562
0.01697
0.01871
0.02102
0.02403
0.02751
0.03093
0.03386
0.03618
0.03802
0.03963
0.0414
0.0437
0.04667
0.05007
0.05337
0.05607
0.0579
0.05887
0.05925
0.05942
0.05958
0.05973
0.05979
0.05981
0.05999
0.06054
0.06142
0.0623
0.06281
0.06283
0.06255
0.0623
0.06226
0.06244
0.06277
0.0631
0.06323
0.06302
0.06245
0.06175
0.06135
0.06158
0.06237
0.06323
0.06363
0.06329
0.06233
0.061
0.0594
0.05744
0.05505
0.05242
0.04981
0.04738
0.04514
0.04305
0.04105
0.03902
0.03681
0.03451
0.03242
0.03078
0.02958
0.02856
0.02748
0.02625
0.02485
0.02339
0.02202
0.02092
0.02017
0.01977
0.01969
0.01987
0.02024
0.02068
0.02111
0.02149
0.02176
0.02179
0.02153
0.02102
0.02036
0.01967
0.01902
0.01845
0.01795
0.01759
0.0175
0.01781
0.01845
0.0192
0.01979
0.02017
0.02047
0.02081
0.02118
0.02137
0.02123
0.0207
0.01989
0.01895
0.01803
0.01721
0.01646
0.01565
0.01454
0.01293
0.01093
0.00891
0.00727
0.0062
0.00554
0.00494
0.00402
0.00264
0.00093
-0.00075
-0.00208
-0.00291
-0.00334
-0.00357
-0.0038
-0.00414
-0.00459
-0.00511
-0.00564
-0.00619
-0.00684
-0.00774
-0.00896
-0.01041
-0.01183
-0.01296
-0.0138
-0.01458
-0.01559
-0.01684
-0.01809
-0.0191
-0.01983
-0.02047
-0.02126
-0.02233
-0.02365
-0.02508
-0.02641
-0.02749
-0.02825
-0.02879
-0.02934
-0.03007
-0.03098
-0.03188
-0.03245
-0.0325
-0.03205
-0.03138
-0.03078
-0.03036
-0.03007
-0.02971
-0.02909
-0.02809
-0.02671
-0.02507
-0.02339
-0.02189
-0.02063
-0.01954
-0.01856
-0.01765
-0.01683
-0.0161
-0.01549
-0.01508
-0.01497
-0.01517
-0.0156
-0.01611
-0.01661
-0.01703
-0.01739
-0.01771
-0.01803
-0.01841
-0.01892
-0.01958
-0.02035
-0.02114
-0.02191
-0.0226
-0.02316
-0.02357
-0.02384
-0.02401
-0.02416
-0.02432
-0.02451
-0.02473
-0.02495
-0.02515
-0.02526
-0.02517
-0.02485
-0.02442
-0.02408
-0.02397
-0.02414
-0.02448
-0.02483
-0.02501
-0.02497
-0.02479
-0.02468
-0.02478
-0.02505
-0.02535
-0.02556
-0.02567
-0.02576
-0.0259
-0.02613
-0.02641
-0.02672
-0.02703
-0.0273
-0.02755
-0.02777
-0.028
-0.02822
-0.02844
-0.0287
-0.02904
-0.0295
-0.03006
-0.0306
-0.03102
-0.03126
-0.0314
-0.03156
-0.03184
-0.03222
-0.0326
-0.03288
-0.03301
-0.03301
-0.03295
-0.03289
-0.03287
-0.03288
-0.0329
-0.03292
-0.03291
-0.03284
-0.03272
-0.03259
-0.03248
-0.03242
-0.03241
-0.03241
-0.03237
-0.03229
-0.03219
-0.03211
-0.03207
-0.03207
-0.03209
-0.03209
-0.03202
-0.03188
-0.0317
-0.03153
-0.03144
-0.03142
-0.03146
-0.03151
-0.03155
-0.03156
-0.03155
-0.03153
-0.0315
-0.03148
-0.03146
-0.03143
-0.03141
-0.03138
-0.03134
-0.03129
-0.03125
-0.0312
-0.03115
-0.03111
-0.0311
-0.03111
-0.03114
-0.03116
-0.03118
-0.0312
-0.03123
-0.03125
-0.03126
-0.03126
-0.03123
-0.03117
-0.0311
-0.03099
-0.03085
-0.03069
-0.03051
-0.03032
-0.03013
-0.02992
-0.02969
-0.02946
-0.02923
-0.02899
-0.02874
-0.0285
-0.02826
-0.02803
-0.02782
-0.02761
-0.0274
-0.0272
-0.027
-0.02681
-0.02664
-0.02647
-0.0263
-0.02613
-0.02596
-0.02579
-0.02563
-0.02546
-0.02529
-0.02513
-0.02497
-0.02481
-0.02465
-0.0245
-0.02435
-0.0242
-0.02405
-0.02389
-0.02373
-0.02357
-0.02341
-0.02326
-0.0231
-0.02295
-0.0228
-0.02265
-0.0225
-0.02235
-0.0222
-0.02206
-0.02191
-0.02177
-0.02163
-0.02148
-0.02134
-0.0212
-0.02106
-0.02093
-0.02079
-0.02065
-0.02051
-0.02038
-0.02024
-0.02011
-0.01998
-0.01984
-0.01971
-0.01958
-0.01945
-0.01932
-0.01919
-0.01906
-0.01894
-0.01881
-0.01868
-0.01856
-0.01843
-0.0183
-0.01818
-0.01805
-0.01793
-0.01781
-0.01768
-0.01756
-0.01744
-0.01731
-0.01719
-0.01707
-0.01695
-0.01683
-0.01671
-0.01659
-0.01647
-0.01635
-0.01135
