-0.00001
-0.00008
-0.00026
-0.00054
-0.00086
-0.00109
-0.0012
-0.00119
-0.00112
-0.00105
-0.001
-0.00098
-0.00099
-0.001
-0.00101
-0.001
-0.00099
-0.00097
-0.00096
-0.00094
-0.00094
-0.00093
-0.00092
-0.00091
-0.0009
-0.00089
-0.00088
-0.00087
-0.00086
-0.00085
-0.00085
-0.00084
-0.00084
-0.00085
-0.00085
-0.00086
-0.00086
-0.00086
-0.00085
-0.00084
-0.00081
-0.00078
-0.00073
-0.00068
-0.00062
-0.00055
-0.00049
-0.00044
-0.00041
-0.00041
-0.00045
-0.00053
-0.00063
-0.00075
-0.00088
-0.00103
-0.00119
-0.00136
-0.00152
-0.00165
-0.00173
-0.00172
-0.00162
-0.00144
-0.00119
-0.00092
-0.00064
-0.00037
-0.00012
0.0001
0.00026
0.00036
0.0004
0.00039
0.00032
0.00018
0
-0.00018
-0.00033
-0.00041
-0.00042
-0.00039
-0.00033
-0.00022
-0.00006
0.00014
0.00037
0.0006
0.0008
0.00101
0.00127
0.00158
0.00194
0.00229
0.00255
0.00265
0.00251
0.00212
0.0015
0.00072
-0.00012
-0.00092
-0.00159
-0.00208
-0.0024
-0.00257
-0.00258
-0.00243
-0.0021
-0.00163
-0.00108
-0.00056
-0.00015
0.00013
0.00036
0.00062
0.00097
0.0014
0.00185
0.0023
0.00274
0.00314
0.00342
0.00349
0.00329
0.00286
0.0023
0.00171
0.00119
0.00077
0.00044
0.00022
0.00013
0.00015
0.00021
0.00013
-0.00031
-0.00124
-0.00265
-0.00434
-0.00598
-0.00731
-0.00817
-0.00858
-0.0087
-0.00872
-0.00878
-0.00897
-0.00925
-0.0095
-0.00947
-0.00891
-0.00766
-0.00576
-0.00342
-0.00094
0.0014
0.00338
0.00495
0.00621
0.00741
0.00884
0.01066
0.01276
0.01477
0.01625
0.01687
0.01655
0.01537
0.01351
0.01109
0.00822
0.00495
0.00138
-0.0024
-0.00616
-0.00963
-0.01241
-0.01414
-0.01458
-0.01362
-0.01125
-0.00754
-0.00269
0.00287
0.00841
0.0131
0.01634
0.01804
0.01854
0.01828
0.01758
0.01651
0.01499
0.01298
0.01054
0.00785
0.00508
0.00238
-0.00009
-0.00218
-0.00369
-0.00451
-0.00465
-0.00427
-0.00357
-0.00262
-0.00142
-0.00001
0.0014
0.00239
0.00256
0.00171
-0.00004
-0.0023
-0.00455
-0.00631
-0.00729
-0.00741
-0.00685
-0.00596
-0.00507
-0.0044
-0.00389
-0.00328
-0.00222
-0.00051
0.00169
0.00392
0.00553
0.00601
0.00517
0.00323
0.00078
-0.00148
-0.00297
-0.00349
-0.00322
-0.00255
-0.00189
-0.0014
-0.00093
-0.00013
0.00131
0.00338
0.00584
0.00829
0.01037
0.01177
0.01222
0.01154
0.00976
0.00718
0.00437
0.00206
0.00086
0.00106
0.00252
0.0048
0.00728
0.00935
0.01045
0.01017
0.00836
0.00524
0.00145
-0.00217
-0.00486
-0.00626
-0.00654
-0.00613
-0.00538
-0.00435
-0.00285
-0.00075
0.00182
0.00448
0.00677
0.00835
0.00912
0.00918
0.0088
0.00838
0.00829
0.00869
0.00947
0.01046
0.01155
0.01276
0.01414
0.01566
0.01719
0.01859
0.0197
0.02041
0.02064
0.02023
0.01899
0.01671
0.01336
0.00911
0.00435
-0.00036
-0.00456
-0.00806
-0.01111
-0.01414
-0.0174
-0.02072
-0.02358
-0.02546
-0.02618
-0.02596
-0.02519
-0.02408
-0.02246
-0.0199
-0.01612
-0.01129
-0.00611
-0.00158
0.00145
0.00256
0.00181
-0.00051
-0.00401
-0.00825
-0.01275
-0.01697
-0.02031
-0.02226
-0.02243
-0.02072
-0.0173
-0.01265
-0.00749
-0.00267
0.00102
0.0031
0.00357
0.00291
0.00178
0.00075
0.00006
-0.00029
-0.00043
-0.00036
0.00008
0.00121
0.00313
0.0055
0.00758
0.00858
0.00798
0.00572
0.00191
-0.00339
-0.01024
-0.01846
-0.02715
-0.03458
-0.03879
-0.0385
-0.03379
-0.02619
-0.01787
-0.0108
-0.00606
-0.00377
-0.0035
-0.00469
-0.00691
-0.00984
-0.01312
-0.01624
-0.01859
-0.01961
-0.01896
-0.0166
-0.01266
-0.00736
-0.00087
0.00663
0.01494
0.02364
0.03205
0.03931
0.04462
0.0476
0.04833
0.04723
0.04472
0.04087
0.0353
0.02739
0.01674
0.00352
-0.01135
-0.02643
-0.04024
-0.05174
-0.06058
-0.06689
-0.0709
-0.07239
-0.07055
-0.0643
-0.05293
-0.03692
-0.01813
0.00068
0.01677
0.0282
0.034
0.03412
0.02916
0.02035
0.00938
-0.00184
-0.01162
-0.01883
-0.02311
-0.02474
-0.02433
-0.02256
-0.01983
-0.01627
-0.01179
-0.00627
0.00015
0.00702
0.01363
0.01915
0.0229
0.02453
0.02413
0.02221
0.01961
0.01723
0.01567
0.01493
0.01435
0.01285
0.00946
0.00377
-0.00393
-0.01267
-0.02121
-0.02841
-0.03346
-0.03598
-0.03592
-0.03352
-0.0292
-0.02356
-0.01723
-0.01068
-0.00413
0.00254
0.00964
0.0175
0.0262
0.03529
0.04367
0.04988
0.05279
0.05221
0.04895
0.04439
0.03974
0.03538
0.03085
0.02521
0.01771
0.00828
-0.00237
-0.01311
-0.02277
-0.03052
-0.0361
-0.03967
-0.04151
-0.04175
-0.04029
-0.03712
-0.03251
-0.02705
-0.02152
-0.0166
-0.01268
-0.00985
-0.00798
-0.00692
-0.0065
-0.00658
-0.00702
-0.0077
-0.00849
-0.00914
-0.00911
-0.00775
-0.00455
0.00058
0.00723
0.01477
0.02259
0.03025
0.03748
0.04414
0.05009
0.05517
0.05908
0.06141
0.06176
0.05999
0.05635
0.05146
0.04611
0.04093
0.03608
0.03133
0.02639
0.02124
0.01627
0.01199
0.00879
0.00676
0.00574
0.00555
0.00614
0.00753
0.0097
0.01238
0.01496
0.01655
0.01622
0.0134
0.00822
0.00152
-0.00549
-0.01188
-0.01737
-0.02229
-0.02725
-0.03269
-0.03859
-0.04445
-0.04943
-0.05261
-0.05318
-0.05063
-0.04478
-0.03587
-0.02454
-0.01181
0.00098
0.01243
0.02129
0.02679
0.02895
0.02857
0.02688
0.025
0.02339
0.02178
0.01951
0.01605
0.01134
0.00578
0.00001
-0.00531
-0.00952
-0.01184
-0.01132
-0.007
0.00171
0.01452
0.03027
0.04734
0.0642
0.0795
0.09194
0.10019
0.10308
0.09985
0.09035
0.07511
0.05531
0.03255
0.00859
-0.01495
-0.0367
-0.05545
-0.07009
-0.07948
-0.08253
-0.07842
-0.06693
-0.04862
-0.02489
0.00217
0.02996
0.05554
0.07612
0.08952
0.09464
0.09142
0.08079
0.06434
0.04401
0.02163
-0.00139
-0.02399
-0.04526
-0.06421
-0.07975
-0.0909
-0.09704
-0.09802
-0.09409
-0.08578
-0.07386
-0.05922
-0.0429
-0.026
-0.00975
0.00454
0.01559
0.02266
0.02595
0.02668
0.02636
0.02571
0.024
0.01935
0.01006
-0.00406
-0.02115
-0.03798
-0.05128
-0.05896
-0.06059
-0.057
-0.04958
-0.03955
-0.02781
-0.01508
-0.00233
0.0092
0.01813
0.02338
0.02453
0.02202
0.017
0.011
0.00546
0.00122
-0.00158
-0.00341
-0.00486
-0.0062
-0.00722
-0.00752
-0.00686
-0.00545
-0.00368
-0.00189
-0.00005
0.0022
0.00532
0.0095
0.01454
0.01989
0.02485
0.02879
0.03123
0.0318
0.0303
0.02659
0.02056
0.01208
0.00122
-0.0116
-0.02549
-0.03941
-0.0524
-0.06359
-0.07205
-0.07673
-0.0767
-0.07177
-0.06275
-0.05133
-0.03935
-0.02813
-0.01818
-0.00941
-0.00167
0.00485
0.00971
0.01264
0.01376
0.01366
0.01294
0.01202
0.01101
0.00988
0.00848
0.00652
0.00347
-0.00119
-0.00759
-0.01512
-0.02251
-0.02831
-0.03149
-0.03186
-0.03004
-0.02716
-0.02439
-0.02253
-0.02173
-0.02134
-0.02019
-0.01705
-0.01125
-0.00327
0.00529
0.01214
0.01514
0.01314
0.00646
-0.00316
-0.0131
-0.02071
-0.02415
-0.02292
-0.01786
-0.0106
-0.00271
0.00505
0.01291
0.02161
0.03168
0.04279
0.05364
0.06248
0.06781
0.06896
0.06623
0.06052
0.0528
0.04385
0.03424
0.02456
0.01563
0.00844
0.00381
0.00205
0.00278
0.00523
0.00861
0.01235
0.01623
0.02035
0.02508
0.03084
0.03788
0.04594
0.05414
0.06104
0.06495
0.06444
0.05882
0.04828
0.03386
0.01702
-0.0007
-0.01787
-0.03332
-0.04621
-0.05602
-0.06263
-0.06632
-0.06777
-0.06781
-0.06708
-0.06566
-0.06303
-0.05852
-0.05186
-0.04354
-0.03461
-0.02628
-0.01942
-0.01447
-0.01149
-0.01036
-0.01084
-0.01259
-0.0151
-0.01771
-0.0197
-0.02041
-0.01942
-0.0166
-0.01205
-0.00609
0.00068
0.00728
0.01237
0.01458
0.01303
0.00784
0.00026
-0.00772
-0.01403
-0.01726
-0.01705
-0.01393
-0.00882
-0.00249
0.00457
0.01205
0.01951
0.02636
0.03206
0.03648
0.04001
0.04309
0.04561
0.04653
0.04418
0.03716
0.02538
0.0105
-0.0044
-0.01583
-0.02121
-0.01973
-0.01252
-0.00202
0.00895
0.01809
0.02413
0.02687
0.02689
0.02494
0.02149
0.01634
0.00886
-0.00162
-0.01518
-0.03095
-0.04714
-0.06159
-0.07262
-0.07941
-0.08183
-0.07969
-0.07222
-0.05837
-0.03789
-0.01217
0.01571
0.04182
0.06266
0.07596
0.08104
0.07849
0.06966
0.05608
0.03906
0.01948
-0.00192
-0.02403
-0.04502
-0.06238
-0.0736
-0.0769
-0.07156
-0.05786
-0.03685
-0.01026
0.01941
0.04906
0.07558
0.09647
0.11017
0.11591
0.11354
0.10346
0.08682
0.06564
0.04265
0.02096
0.00331
-0.0085
-0.01407
-0.01434
-0.01117
-0.00668
-0.00268
-0.00019
0.00056
-0.00011
-0.00173
-0.00403
-0.0071
-0.01121
-0.01661
-0.0234
-0.03149
-0.04082
-0.05136
-0.06284
-0.07451
-0.08493
-0.09226
-0.09476
-0.09127
-0.08146
-0.06588
-0.04584
-0.02312
0.0002
0.022
0.04021
0.05302
0.05915
0.05818
0.05066
0.03825
0.02347
0.00939
-0.00094
-0.00525
-0.00261
0.00629
0.01954
0.03473
0.04959
0.06242
0.07202
0.07763
0.07882
0.07545
0.06761
0.05566
0.0404
0.02328
0.00641
-0.00771
-0.01681
-0.01943
-0.01531
-0.00548
0.00808
0.023
0.0372
0.04924
0.0583
0.06386
0.06548
0.06298
0.05682
0.04817
0.03863
0.02955
0.02156
0.01456
0.00821
0.00241
-0.00252
-0.00592
-0.00712
-0.00563
-0.00133
0.00542
0.01373
0.02232
0.02983
0.03512
0.03727
0.0355
0.02918
0.01814
0.00308
-0.01431
-0.03182
-0.04731
-0.05919
-0.06656
-0.0689
-0.06588
-0.0573
-0.04338
-0.02507
-0.00412
0.01713
0.03609
0.05038
0.0582
0.05851
0.05114
0.03678
0.01702
-0.00585
-0.0291
-0.05014
-0.06687
-0.07804
-0.08335
-0.08328
-0.07876
-0.07065
-0.05936
-0.04487
-0.02711
-0.00655
0.01533
0.03621
0.05343
0.06479
0.0692
0.06704
0.06012
0.05119
0.04327
0.03877
0.03893
0.04371
0.05213
0.0628
0.07427
0.08516
0.09413
0.09988
0.1014
0.0981
0.09002
0.07787
0.06296
0.04675
0.03025
0.01354
-0.00404
-0.02321
-0.04386
-0.0647
-0.0834
-0.09731
-0.1043
-0.10341
-0.09522
-0.08172
-0.06576
-0.05031
-0.03762
-0.02857
-0.02228
-0.0165
-0.00867
0.00277
0.01751
0.03329
0.04689
0.05527
0.0566
0.05046
0.03751
0.01907
-0.00308
-0.02638
-0.04743
-0.06259
-0.0692
-0.06663
-0.05658
-0.04237
-0.02758
-0.01482
-0.00517
0.00156
0.00604
0.00845
0.0082
0.00437
-0.00353
-0.01508
-0.02907
-0.04397
-0.05835
-0.07101
-0.08105
-0.08784
-0.09112
-0.09095
-0.08759
-0.08129
-0.07231
-0.06096
-0.0479
-0.0342
-0.02135
-0.01097
-0.00434
-0.0019
-0.00293
-0.00585
-0.00897
-0.01129
-0.01287
-0.01459
-0.0173
-0.02121
-0.02561
-0.02927
-0.03115
-0.03086
-0.02897
-0.02678
-0.0259
-0.02762
-0.03243
-0.03982
-0.0483
-0.05586
-0.06084
-0.06262
-0.06187
-0.06003
-0.05845
-0.05763
-0.05724
-0.05653
-0.05494
-0.05234
-0.04894
-0.04511
-0.04117
-0.03741
-0.03407
-0.03117
-0.02845
-0.02551
-0.02211
-0.0185
-0.01522
-0.01264
-0.01049
-0.00784
-0.00362
0.00274
0.01094
0.02005
0.02901
0.03728
0.04511
0.05353
0.06384
0.07689
0.0923
0.10818
0.12164
0.12983
0.13107
0.1254
0.11434
0.09994
0.08382
0.06649
0.04741
0.02585
0.00186
-0.02323
-0.04708
-0.06682
-0.07965
-0.08325
-0.07626
-0.05884
-0.03289
-0.00216
0.02839
0.05352
0.069
0.07262
0.06456
0.04711
0.02384
-0.00131
-0.02484
-0.04414
-0.05765
-0.06467
-0.06524
-0.06002
-0.05025
-0.03759
-0.02373
-0.00994
0.00328
0.01608
0.02892
0.04207
0.05541
0.06844
0.08065
0.09167
0.10136
0.10955
0.11568
0.11868
0.11712
0.10994
0.09708
0.07983
0.06042
0.04142
0.02503
0.01257
0.00427
-0.0007
-0.00378
-0.00646
-0.00969
-0.01385
-0.01891
-0.02486
-0.03197
-0.04076
-0.05183
-0.06551
-0.08159
-0.09907
-0.11621
-0.13095
-0.14143
-0.14655
-0.14616
-0.14099
-0.13243
-0.12204
-0.11121
-0.10078
-0.09105
-0.08193
-0.07331
-0.06526
-0.05812
-0.05232
-0.0481
-0.04526
-0.04326
-0.04151
-0.03973
-0.03816
-0.03741
-0.03803
-0.04019
-0.04347
-0.04705
-0.04991
-0.05099
-0.04926
-0.04396
-0.03486
-0.02252
-0.00834
0.00587
0.01853
0.02888
0.03716
0.04428
0.05127
0.05876
0.06683
0.07507
0.08289
0.08969
0.09503
0.09876
0.10101
0.10214
0.1024
0.10183
0.10027
0.09755
0.09364
0.08855
0.0822
0.0743
0.06437
0.05192
0.03671
0.01883
-0.00102
-0.02153
-0.04095
-0.05761
-0.07038
-0.07892
-0.08376
-0.08602
-0.08717
-0.08854
-0.09082
-0.09368
-0.0958
-0.09539
-0.09107
-0.08253
-0.07081
-0.05781
-0.04562
-0.03575
-0.02867
-0.02354
-0.01827
-0.00991
0.00448
0.02671
0.05649
0.09122
0.12669
0.15848
0.18344
0.20048
0.21037
0.21493
0.21592
0.2143
0.21009
0.20262
0.19121
0.17578
0.15707
0.13644
0.11539
0.09519
0.07679
0.061
0.04846
0.03947
0.0338
0.03059
0.02834
0.02517
0.0192
0.00906
-0.00566
-0.02424
-0.04496
-0.0656
-0.08416
-0.09969
-0.11252
-0.12366
-0.13363
-0.1417
-0.1462
-0.1457
-0.14016
-0.13118
-0.12121
-0.11226
-0.10498
-0.09862
-0.09167
-0.08284
-0.07181
-0.05943
-0.04739
-0.03743
-0.03068
-0.02739
-0.0272
-0.02953
-0.03399
-0.04035
-0.04818
-0.05681
-0.06553
-0.07398
-0.08237
-0.091
-0.09949
-0.10637
-0.10922
-0.10555
-0.09377
-0.07374
-0.04671
-0.01467
0.02029
0.05639
0.0921
0.12598
0.15652
0.18241
0.20281
0.21766
0.2275
0.23309
0.23517
0.23447
0.23191
0.22869
0.22584
0.2236
0.22084
0.21513
0.2035
0.18349
0.15413
0.11642
0.07323
0.02859
-0.01328
-0.04904
-0.07688
-0.09667
-0.10973
-0.11828
-0.12512
-0.13317
-0.14498
-0.16204
-0.18408
-0.20899
-0.23322
-0.25272
-0.26389
-0.26436
-0.2535
-0.23231
-0.20293
-0.16788
-0.12933
-0.08869
-0.04677
-0.00421
0.03801
0.0785
0.11572
0.14847
0.176
0.1979
0.2137
0.22286
0.22496
0.22011
0.20926
0.19402
0.17612
0.15676
0.13602
0.11287
0.08571
0.05328
0.01533
-0.02716
-0.07215
-0.1168
-0.15795
-0.19246
-0.21761
-0.23128
-0.23217
-0.21998
-0.19554
-0.16083
-0.11881
-0.07303
-0.02734
0.0145
0.04937
0.07551
0.09289
0.10303
0.1082
0.11031
0.11021
0.10741
0.10062
0.08878
0.07242
0.05416
0.03797
0.02764
0.02508
0.02962
0.03844
0.04775
0.05405
0.05507
0.05006
0.03955
0.02489
0.00785
-0.00975
-0.02626
-0.04059
-0.0524
-0.06215
-0.07092
-0.08013
-0.09115
-0.10503
-0.12236
-0.14318
-0.16693
-0.19238
-0.21777
-0.24115
-0.26103
-0.27671
-0.28812
-0.2953
-0.2978
-0.29445
-0.28346
-0.2628
-0.23079
-0.18704
-0.13334
-0.0739
-0.01447
0.03936
0.08368
0.11705
0.14033
0.15582
0.16639
0.17462
0.18227
0.18991
0.19692
0.20191
0.20334
0.20009
0.19179
0.17863
0.16106
0.13943
0.11399
0.08522
0.05413
0.02232
-0.00825
-0.0357
-0.05862
-0.07621
-0.0882
-0.09466
-0.09584
-0.09226
-0.08485
-0.07507
-0.0648
-0.05612
-0.05091
-0.05057
-0.05559
-0.06522
-0.07748
-0.08954
-0.09841
-0.10151
-0.09702
-0.08401
-0.06264
-0.03439
-0.00219
0.02995
0.05789
0.0786
0.09066
0.09395
0.08878
0.07532
0.05374
0.02464
-0.0106
-0.0498
-0.09009
-0.12812
-0.16061
-0.1851
-0.20072
-0.20821
-0.20924
-0.20522
-0.19629
-0.18114
-0.15773
-0.12466
-0.08258
-0.03451
0.01496
0.06105
0.10002
0.12982
0.15009
0.16181
0.16673
0.16686
0.16418
0.16048
0.15731
0.15593
0.15725
0.16178
0.16959
0.18032
0.19327
0.20748
0.2217
0.23435
0.24335
0.24645
0.2419
0.22913
0.20906
0.18353
0.15453
0.1236
0.09184
0.06038
0.03063
0.00405
-0.01832
-0.03614
-0.04949
-0.05836
-0.0622
-0.05993
-0.05046
-0.03339
-0.00947
0.01942
0.05067
0.08142
0.10887
0.13052
0.14425
0.14844
0.14194
0.12401
0.09458
0.05486
0.00792
-0.04127
-0.08689
-0.12408
-0.15054
-0.16701
-0.17623
-0.18115
-0.18346
-0.18331
-0.17994
-0.17263
-0.1613
-0.1466
-0.12975
-0.11209
-0.09469
-0.07819
-0.06292
-0.04921
-0.03761
-0.02871
-0.02277
-0.0195
-0.01815
-0.01782
-0.01793
-0.01835
-0.01936
-0.02139
-0.02482
-0.0299
-0.03674
-0.0452
-0.05451
-0.06308
-0.06884
-0.07016
-0.06691
-0.06087
-0.05518
-0.05306
-0.05644
-0.06517
-0.07718
-0.0894
-0.09896
-0.10408
-0.10453
-0.1015
-0.09711
-0.0936
-0.09266
-0.09488
-0.09984
-0.10639
-0.11302
-0.11803
-0.11947
-0.11517
-0.10292
-0.08074
-0.04711
-0.00162
0.05415
0.11623
0.17926
0.23812
0.28922
0.33047
0.36061
0.37855
0.38313
0.3732
0.3479
0.30729
0.25296
0.18847
0.11879
0.04912
-0.01646
-0.0756
-0.12742
-0.17173
-0.20831
-0.23662
-0.25611
-0.26671
-0.26923
-0.26539
-0.25747
-0.24766
-0.23748
-0.22757
-0.21777
-0.2075
-0.19609
-0.18285
-0.16722
-0.14894
-0.12816
-0.10533
-0.08094
-0.05538
-0.02916
-0.00319
0.02111
0.04217
0.05879
0.07037
0.07685
0.07835
0.07505
0.06734
0.05611
0.04307
0.03047
0.02066
0.01532
0.015
0.01903
0.02588
0.03369
0.04076
0.04578
0.04806
0.04779
0.04601
0.04447
0.04501
0.0488
0.0556
0.06339
0.0689
0.06882
0.06121
0.0466
0.02785
0.00908
-0.00592
-0.01488
-0.01729
-0.01391
-0.00605
0.00495
0.018
0.03236
0.04773
0.06432
0.08255
0.10257
0.12385
0.14541
0.16654
0.18733
0.20874
0.23195
0.25759
0.28527
0.31358
0.34046
0.36372
0.3815
0.39267
0.39702
0.39528
0.38899
0.38007
0.37042
0.36143
0.35366
0.34668
0.33911
0.32899
0.31422
0.2932
0.26549
0.23234
0.19664
0.16212
0.1322
0.1089
0.0923
0.08058
0.07052
0.05821
0.03991
0.01281
-0.02441
-0.07119
-0.12485
-0.18058
-0.23216
-0.27329
-0.29916
-0.30755
-0.29907
-0.27657
-0.24441
-0.2078
-0.17226
-0.14317
-0.12499
-0.12056
-0.13059
-0.15353
-0.18573
-0.222
-0.2568
-0.2858
-0.30704
-0.32103
-0.32972
-0.33498
-0.33723
-0.33496
-0.32514
-0.30415
-0.26916
-0.21943
-0.1572
-0.08725
-0.01536
0.05391
0.11846
0.17858
0.23573
0.2911
0.34484
0.39614
0.44385
0.48687
0.52431
0.55552
0.58002
0.59727
0.60646
0.60641
0.59574
0.57305
0.5372
0.48785
0.42606
0.35444
0.27682
0.19765
0.12175
0.05401
-0.00103
-0.04002
-0.06151
-0.06628
-0.05722
-0.03886
-0.01658
0.00433
0.01958
0.02634
0.02338
0.01088
-0.00974
-0.03603
-0.06466
-0.09173
-0.11325
-0.1259
-0.12783
-0.11919
-0.10233
-0.08128
-0.06076
-0.04488
-0.03627
-0.03575
-0.04285
-0.05671
-0.07683
-0.10316
-0.13532
-0.17174
-0.20959
-0.24554
-0.2767
-0.30124
-0.3184
-0.32829
-0.33183
-0.33057
-0.32639
-0.32105
-0.31577
-0.31116
-0.30732
-0.30426
-0.30219
-0.3017
-0.30351
-0.30795
-0.31456
-0.32217
-0.32948
-0.33595
-0.34224
-0.34988
-0.36028
-0.37356
-0.38801
-0.40061
-0.40831
-0.40939
-0.4042
-0.39474
-0.38348
-0.37204
-0.36023
-0.34615
-0.32686
-0.29936
-0.26156
-0.2131
-0.15567
-0.09284
-0.02923
0.03036
0.08179
0.12229
0.15086
0.16833
0.17694
0.17967
0.17953
0.17907
0.1801
0.1836
0.18961
0.19713
0.20414
0.20801
0.2062
0.19712
0.18061
0.15802
0.1319
0.10544
0.08173
0.063
0.05003
0.04211
0.03727
0.03288
0.02615
0.01464
-0.00321
-0.02765
-0.05745
-0.09014
-0.12237
-0.15053
-0.17143
-0.1829
-0.18398
-0.17472
-0.15556
-0.12705
-0.08994
-0.04561
0.0034
0.05342
0.10013
0.13949
0.16857
0.18612
0.19264
0.19003
0.18106
0.16873
0.15579
0.14441
0.13618
0.13214
0.13289
0.13854
0.14867
0.16232
0.1782
0.19509
0.21219
0.22925
0.24634
0.26331
0.27938
0.29298
0.30189
0.30363
0.29608
0.27808
0.24971
0.21243
0.16909
0.12394
0.08232
0.04951
0.02899
0.02105
0.02252
0.02778
0.03072
0.0265
0.01259
-0.01109
-0.0427
-0.07943
-0.11838
-0.15718
-0.19441
-0.22963
-0.26327
-0.2963
-0.32951
-0.36267
-0.39396
-0.42026
-0.43828
-0.44583
-0.44222
-0.42763
-0.4021
-0.36518
-0.31674
-0.25829
-0.19388
-0.12971
-0.07257
-0.02792
0.00141
0.01559
0.01698
0.00879
-0.00618
-0.02596
-0.0492
-0.0747
-0.1011
-0.12686
-0.15041
-0.17043
-0.18611
-0.19738
-0.20509
-0.2108
-0.21645
-0.22373
-0.23352
-0.24573
-0.25949
-0.2736
-0.28703
-0.29902
-0.30899
-0.3163
-0.32023
-0.31999
-0.31484
-0.30406
-0.28686
-0.26238
-0.22989
-0.18915
-0.14089
-0.08729
-0.03184
0.02137
0.06881
0.10857
0.14046
0.16543
0.18465
0.19911
0.20965
0.21712
0.22231
0.22556
0.2266
0.22461
0.21874
0.20847
0.19377
0.17489
0.15238
0.12729
0.1015
0.07766
0.05853
0.04608
0.04092
0.04224
0.04841
0.05773
0.06923
0.08313
0.10063
0.12312
0.15116
0.18384
0.21911
0.25487
0.29021
0.32631
0.36618
0.41359
0.47141
0.53995
0.61648
0.69589
0.77221
0.84028
0.89682
0.94069
0.97215
0.99185
1
0.99615
0.97968
0.95038
0.9088
0.85629
0.79443
0.72444
0.64678
0.56141
0.4687
0.37028
0.26914
0.16903
0.07365
-0.01369
-0.09022
-0.15389
-0.20395
-0.24105
-0.26668
-0.28234
-0.2891
-0.28805
-0.28091
-0.27038
-0.25955
-0.25087
-0.24524
-0.24197
-0.2396
-0.23714
-0.23485
-0.23415
-0.23666
-0.24306
-0.25252
-0.26285
-0.27127
-0.27532
-0.27341
-0.26506
-0.25077
-0.23188
-0.21031
-0.18841
-0.16877
-0.15406
-0.14666
-0.14844
-0.1604
-0.1826
-0.214
-0.25247
-0.29488
-0.3373
-0.37521
-0.40404
-0.41986
-0.42012
-0.40409
-0.37301
-0.32982
-0.27874
-0.22463
-0.17233
-0.12594
-0.08809
-0.05936
-0.03837
-0.02256
-0.00931
0.00316
0.01545
0.0271
0.03717
0.04477
0.04936
0.05081
0.04916
0.04445
0.03677
0.02647
0.01443
0.00211
-0.00858
-0.01586
-0.01877
-0.01777
-0.01484
-0.01284
-0.01452
-0.02149
-0.03355
-0.04868
-0.06377
-0.0757
-0.08245
-0.08361
-0.0803
-0.0744
-0.06775
-0.06154
-0.05629
-0.05212
-0.04917
-0.04775
-0.04823
-0.05059
-0.05408
-0.05709
-0.0574
-0.05279
-0.04171
-0.02369
0.00063
0.02979
0.06196
0.09533
0.12843
0.16033
0.19059
0.21912
0.24598
0.27118
0.29451
0.3153
0.33233
0.34383
0.34784
0.34268
0.3274
0.30205
0.26791
0.22757
0.18475
0.14345
0.10698
0.07696
0.05312
0.03386
0.01741
0.00278
-0.01018
-0.02116
-0.02985
-0.03612
-0.03987
-0.04114
-0.04035
-0.03865
-0.03799
-0.0406
-0.04826
-0.06151
-0.0794
-0.09958
-0.119
-0.13474
-0.14487
-0.14882
-0.14732
-0.14189
-0.13434
-0.12654
-0.12036
-0.11764
-0.11985
-0.12759
-0.14024
-0.15585
-0.17152
-0.18424
-0.19192
-0.19426
-0.19312
-0.19198
-0.19469
-0.20391
-0.22016
-0.2418
-0.26602
-0.28998
-0.31157
-0.3296
-0.34354
-0.3532
-0.3582
-0.35759
-0.34954
-0.3317
-0.30181
-0.2587
-0.20309
-0.13779
-0.06732
0.0029
0.06787
0.12419
0.17065
0.2077
0.23645
0.25801
0.27343
0.28405
0.29174
0.29873
0.30709
0.31819
0.33246
0.34947
0.36826
0.38755
0.40608
0.42292
0.43781
0.45114
0.46336
0.47437
0.48326
0.48849
0.48834
0.48122
0.46586
0.44139
0.40732
0.36338
0.30929
0.24485
0.17066
0.08878
0.00309
-0.08115
-0.15838
-0.22384
-0.27414
-0.30728
-0.32237
-0.3195
-0.29959
-0.26446
-0.21721
-0.16253
-0.10651
-0.05556
-0.0148
0.01312
0.02817
0.03207
0.02698
0.0148
-0.00282
-0.02389
-0.04575
-0.06529
-0.07966
-0.08713
-0.08741
-0.08125
-0.06967
-0.05296
-0.03048
-0.00127
0.03485
0.07622
0.11934
0.1598
0.19378
0.21918
0.23568
0.24402
0.24505
0.23914
0.22591
0.20442
0.17352
0.13262
0.08246
0.02566
-0.0335
-0.08974
-0.13802
-0.17476
-0.19866
-0.2108
-0.21388
-0.21103
-0.20469
-0.19594
-0.18468
-0.17028
-0.15258
-0.13231
-0.11092
-0.08982
-0.06962
-0.04982
-0.0291
-0.00603
0.02019
0.04928
0.07974
0.10929
0.13558
0.15699
0.17293
0.18378
0.1904
0.19374
0.19453
0.19313
0.18934
0.18229
0.17049
0.15238
0.12699
0.09432
0.05516
0.01045
-0.0391
-0.09292
-0.14989
-0.20767
-0.26293
-0.31224
-0.35321
-0.38478
-0.40676
-0.41915
-0.42189
-0.4151
-0.39949
-0.37665
-0.34904
-0.3196
-0.29107
-0.2653
-0.243
-0.22399
-0.20774
-0.1939
-0.18254
-0.17404
-0.16866
-0.16603
-0.16495
-0.16347
-0.15956
-0.15166
-0.13897
-0.12137
-0.09915
-0.07281
-0.04303
-0.0107
0.02308
0.05713
0.09039
0.12192
0.15065
0.17508
0.19328
0.20331
0.20378
0.1941
0.17426
0.14468
0.10644
0.06174
0.01391
-0.03326
-0.0765
-0.11394
-0.14532
-0.17166
-0.19453
-0.21533
-0.23477
-0.2528
-0.26868
-0.28128
-0.2892
-0.29103
-0.28565
-0.27269
-0.25272
-0.22713
-0.19747
-0.16502
-0.13093
-0.09658
-0.06369
-0.03396
-0.0083
0.0136
0.03329
0.05288
0.07403
0.09721
0.12138
0.14441
0.16373
0.17701
0.1825
0.17942
0.16819
0.15064
0.12979
0.10897
0.0908
0.07637
0.06531
0.05644
0.04866
0.04157
0.03583
0.03287
0.03458
0.04275
0.05876
0.08313
0.11507
0.15224
0.1911
0.22785
0.2596
0.28511
0.30477
0.31994
0.33207
0.34196
0.34973
0.35523
0.35856
0.36033
0.36152
0.36298
0.36504
0.3674
0.36919
0.36944
0.36723
0.36179
0.35222
0.33735
0.31592
0.28712
0.25118
0.20979
0.16599
0.12351
0.086
0.05636
0.03631
0.02622
0.02504
0.03048
0.03926
0.04771
0.0524
0.05073
0.0414
0.02438
0.00061
-0.02843
-0.06109
-0.09565
-0.13039
-0.16365
-0.19421
-0.22164
-0.24638
-0.26953
-0.29248
-0.31673
-0.34386
-0.3754
-0.41243
-0.45485
-0.50073
-0.54635
-0.58708
-0.61858
-0.63762
-0.64236
-0.63221
-0.60791
-0.57182
-0.52811
-0.48226
-0.43983
-0.40507
-0.3798
-0.36335
-0.35333
-0.34674
-0.34089
-0.33373
-0.32364
-0.30903
-0.28831
-0.26038
-0.22567
-0.18675
-0.1481
-0.11482
-0.09124
-0.07981
-0.08097
-0.09363
-0.11566
-0.14425
-0.1762
-0.20839
-0.23808
-0.26302
-0.28125
-0.29101
-0.29093
-0.28034
-0.25941
-0.22905
-0.19082
-0.14702
-0.10075
-0.05552
-0.01419
0.02199
0.05372
0.08286
0.11112
0.13896
0.16528
0.18822
0.2062
0.2188
0.22687
0.23204
0.23601
0.24003
0.2446
0.24952
0.25394
0.25666
0.2565
0.2526
0.24464
0.23283
0.2177
0.20004
0.18106
0.16262
0.14705
0.13643
0.13187
0.13313
0.1389
0.14722
0.15598
0.16323
0.16749
0.16813
0.16546
0.16059
0.15485
0.14926
0.14424
0.13969
0.13538
0.13116
0.12695
0.12266
0.11817
0.11361
0.10959
0.1074
0.10882
0.11559
0.12873
0.14805
0.17213
0.19878
0.22567
0.25089
0.27329
0.29238
0.30793
0.31971
0.32724
0.32991
0.32703
0.31796
0.30226
0.28019
0.25305
0.22335
0.19437
0.16936
0.15071
0.13946
0.13527
0.13658
0.14105
0.14605
0.14917
0.14875
0.14411
0.13548
0.12359
0.1092
0.09269
0.07379
0.0515
0.02431
-0.00922
-0.04958
-0.09568
-0.14466
-0.19262
-0.23557
-0.2705
-0.29575
-0.31093
-0.31652
-0.31365
-0.30395
-0.28945
-0.27228
-0.25417
-0.23622
-0.21877
-0.20174
-0.18509
-0.16914
-0.1546
-0.1424
-0.13341
-0.12803
-0.12601
-0.12646
-0.12822
-0.13026
-0.13197
-0.13315
-0.13382
-0.13406
-0.13386
-0.13304
-0.13134
-0.12849
-0.12435
-0.11898
-0.11256
-0.10524
-0.09682
-0.08663
-0.07364
-0.05691
-0.03617
-0.01207
0.01387
0.0397
0.06366
0.08473
0.10282
0.11864
0.13326
0.14745
0.1613
0.17425
0.18536
0.19381
0.19912
0.20117
0.20004
0.19583
0.18863
0.1785
0.16545
0.14957
0.13103
0.11021
0.0878
0.06459
0.04105
0.0169
-0.00884
-0.03726
-0.06894
-0.10364
-0.14059
-0.17903
-0.21853
-0.25887
-0.29936
-0.33835
-0.37332
-0.40153
-0.42101
-0.43114
-0.43284
-0.4282
-0.41984
-0.4102
-0.401
-0.3931
-0.38663
-0.38127
-0.37657
-0.37214
-0.3677
-0.36323
-0.35891
-0.35494
-0.35126
-0.34734
-0.34224
-0.33485
-0.32417
-0.30949
-0.29024
-0.26599
-0.23643
-0.20166
-0.16245
-0.12029
-0.07718
-0.03528
0.00344
0.03758
0.06659
0.0908
0.11126
0.12933
0.14625
0.16279
0.17894
0.19383
0.20571
0.21215
0.21068
0.19951
0.17829
0.14825
0.11188
0.07214
0.03191
-0.00625
-0.04001
-0.0674
-0.08701
-0.09828
-0.10145
-0.09716
-0.08595
-0.06805
-0.04337
-0.01192
0.02589
0.06883
0.11466
0.16019
0.2019
0.23667
0.26232
0.27768
0.28244
0.27703
0.26259
0.24103
0.21498
0.1877
0.16282
0.14391
0.13379
0.13392
0.14395
0.16192
0.18481
0.20927
0.23204
0.25003
0.26028
0.26014
0.2476
0.22184
0.18379
0.13662
0.08548
0.03647
-0.00507
-0.03593
-0.05534
-0.06424
-0.0641
-0.05619
-0.04149
-0.02106
0.00361
0.03059
0.05779
0.08325
0.10552
0.12383
0.13821
0.14941
0.1586
0.16709
0.17599
0.18612
0.19801
0.21184
0.22741
0.24394
0.26016
0.27465
0.28615
0.29383
0.29713
0.29553
0.28834
0.27477
0.25428
0.22708
0.19454
0.15917
0.12407
0.09177
0.06313
0.03697
0.01072
-0.01838
-0.0522
-0.09141
-0.13554
-0.18316
-0.23197
-0.27893
-0.32071
-0.35411
-0.37648
-0.38591
-0.38141
-0.3633
-0.33348
-0.29523
-0.25238
-0.20844
-0.16588
-0.12608
-0.08955
-0.0565
-0.02729
-0.00278
0.01576
0.02701
0.0301
0.02503
0.01287
-0.0042
-0.02319
-0.04068
-0.05348
-0.05914
-0.05639
-0.04528
-0.02691
-0.00304
0.02431
0.05297
0.08064
0.10505
0.12426
0.13704
0.14299
0.14247
0.13627
0.12542
0.11111
0.09465
0.07733
0.06029
0.0444
0.03034
0.0185
0.00898
0.00151
-0.00428
-0.00872
-0.01198
-0.01422
-0.01574
-0.01687
-0.01778
-0.01828
-0.01785
-0.01586
-0.0117
-0.00502
0.0043
0.01613
0.03019
0.04601
0.06295
0.08016
0.0968
0.1122
0.12607
0.13843
0.14956
0.15969
0.16875
0.17629
0.18164
0.18432
0.18433
0.18216
0.17856
0.17427
0.16993
0.1662
0.16395
0.16431
0.16852
0.1776
0.19189
0.21058
0.23164
0.25228
0.26961
0.28131
0.28592
0.28275
0.2717
0.253
0.2272
0.19531
0.15904
0.12066
0.08272
0.04756
0.01677
-0.00908
-0.03053
-0.04891
-0.06592
-0.08299
-0.10083
-0.1192
-0.13708
-0.15312
-0.16623
-0.17592
-0.18241
-0.18646
-0.18908
-0.19118
-0.19326
-0.19517
-0.19605
-0.19444
-0.18867
-0.17716
-0.15885
-0.13333
-0.10077
-0.06185
-0.01777
0.02973
0.07851
0.12623
0.1704
0.20868
0.2393
0.26138
0.27487
0.28024
0.27829
0.2701
0.25703
0.24067
0.22284
0.20534
0.18967
0.17663
0.16635
0.15869
0.1538
0.1524
0.15544
0.16341
0.17571
0.1907
0.20613
0.21989
0.23039
0.23663
0.23789
0.2335
0.22275
0.2052
0.18114
0.1518
0.11929
0.08609
0.05463
0.0268
0.00369
-0.01447
-0.02818
-0.03836
-0.0462
-0.05303
-0.06022
-0.06884
-0.07933
-0.0913
-0.10378
-0.11569
-0.12627
-0.13522
-0.14258
-0.14851
-0.15333
-0.15746
-0.16143
-0.16559
-0.17001
-0.17437
-0.17822
-0.18129
-0.1837
-0.18609
-0.18933
-0.1942
-0.20099
-0.2094
-0.21874
-0.22809
-0.2364
-0.24244
-0.24485
-0.24222
-0.23325
-0.2169
-0.19258
-0.16062
-0.12259
-0.08124
-0.0399
-0.00168
0.03118
0.05747
0.07674
0.08894
0.09408
0.09233
0.08424
0.07097
0.05428
0.03623
0.01877
0.00328
-0.00969
-0.02049
-0.02983
-0.03811
-0.04497
-0.0493
-0.04973
-0.04536
-0.03616
-0.02306
-0.00765
0.0083
0.02326
0.03614
0.04628
0.05315
0.05627
0.05526
0.05005
0.041
0.02908
0.01581
0.00323
-0.00661
-0.01217
-0.01301
-0.01005
-0.00531
-0.00123
0.00008
-0.00249
-0.00893
-0.01843
-0.02978
-0.04182
-0.05354
-0.06424
-0.07363
-0.08187
-0.08955
-0.09739
-0.10601
-0.11565
-0.1261
-0.13655
-0.14565
-0.15162
-0.15254
-0.14692
-0.13421
-0.11525
-0.09196
-0.0666
-0.04107
-0.01672
0.00524
0.02323
0.03534
0.03986
0.03607
0.02474
0.00806
-0.01103
-0.02971
-0.04603
-0.0592
-0.06937
-0.07714
-0.08295
-0.08688
-0.08862
-0.08786
-0.08454
-0.07908
-0.0723
-0.06519
-0.05861
-0.053
-0.04824
-0.04387
-0.03944
-0.03482
-0.03025
-0.02621
-0.02324
-0.02179
-0.02231
-0.0251
-0.03022
-0.0374
-0.04607
-0.05553
-0.06513
-0.07442
-0.0832
-0.09156
-0.09965
-0.10744
-0.1146
-0.12049
-0.12451
-0.12624
-0.12556
-0.12261
-0.11785
-0.11205
-0.10637
-0.10218
-0.1007
-0.10273
-0.10843
-0.11734
-0.12847
-0.14063
-0.15278
-0.16422
-0.17468
-0.18403
-0.1921
-0.19843
-0.20244
-0.20356
-0.20145
-0.19582
-0.18623
-0.17203
-0.1528
-0.12891
-0.10171
-0.07303
-0.04459
-0.01758
0.0073
0.02961
0.04899
0.06526
0.07853
0.08922
0.09787
0.10485
0.11025
0.11379
0.11508
0.11368
0.10938
0.10223
0.0926
0.08111
0.06829
0.05442
0.03945
0.02338
0.00665
-0.00971
-0.02428
-0.03578
-0.04343
-0.04718
-0.04753
-0.04534
-0.04136
-0.03608
-0.02964
-0.02196
-0.01288
-0.00235
0.00951
0.0223
0.03551
0.04859
0.06114
0.07296
0.08401
0.09432
0.10396
0.11297
0.12138
0.12924
0.13661
0.14371
0.15083
0.1583
0.16633
0.17473
0.18294
0.19021
0.19584
0.19951
0.20124
0.20124
0.1996
0.196
0.18967
0.1796
0.16506
0.14598
0.12305
0.09745
0.07044
0.04312
0.0166
-0.00782
-0.02871
-0.04481
-0.05549
-0.06082
-0.06145
-0.05829
-0.05222
-0.04406
-0.03466
-0.02493
-0.01584
-0.00818
-0.00247
0.00103
0.0022
0.00086
-0.00326
-0.01045
-0.0209
-0.03461
-0.05139
-0.07063
-0.0911
-0.11087
-0.12783
-0.14048
-0.14849
-0.15265
-0.15406
-0.15333
-0.15015
-0.14363
-0.13298
-0.11802
-0.09941
-0.07838
-0.05639
-0.03473
-0.01438
0.00398
0.01989
0.03306
0.04336
0.05099
0.05653
0.06105
0.06598
0.07268
0.0822
0.09506
0.11139
0.13114
0.15413
0.17977
0.20677
0.233
0.25593
0.27337
0.2841
0.28811
0.28633
0.28014
0.27085
0.25953
0.24699
0.23391
0.221
0.2089
0.19804
0.18852
0.18005
0.17214
0.16436
0.15642
0.1481
0.13907
0.12883
0.11677
0.10237
0.08528
0.06538
0.04292
0.01864
-0.00604
-0.02924
-0.04925
-0.06513
-0.07699
-0.08585
-0.09312
-0.10008
-0.10757
-0.11587
-0.1248
-0.13391
-0.14278
-0.1511
-0.15876
-0.16581
-0.17233
-0.17845
-0.18437
-0.19038
-0.19683
-0.20405
-0.21228
-0.22156
-0.23163
-0.24195
-0.25175
-0.2603
-0.26704
-0.27151
-0.2732
-0.2715
-0.26581
-0.25579
-0.24161
-0.22408
-0.20473
-0.18543
-0.16795
-0.15334
-0.1416
-0.13189
-0.12302
-0.11392
-0.10375
-0.09184
-0.07765
-0.06092
-0.04189
-0.02156
-0.0016
0.01596
0.02945
0.0382
0.04267
0.04425
0.04464
0.04541
0.04777
0.05263
0.06056
0.07169
0.08555
0.1009
0.11575
0.12777
0.13502
0.13665
0.13309
0.1256
0.1155
0.10361
0.09021
0.07528
0.05899
0.04187
0.0247
0.00822
-0.00698
-0.02057
-0.03233
-0.0421
-0.04966
-0.05463
-0.05649
-0.0547
-0.04893
-0.03925
-0.02607
-0.01
0.00835
0.02832
0.04916
0.06996
0.08975
0.10782
0.12382
0.13777
0.14966
0.15924
0.16599
0.16951
0.16983
0.16747
0.16318
0.15776
0.15193
0.14626
0.14121
0.13709
0.13401
0.13184
0.13025
0.12879
0.12696
0.12427
0.12025
0.11454
0.10705
0.09802
0.08808
0.0779
0.06795
0.05814
0.04792
0.03653
0.02343
0.00854
-0.00778
-0.02473
-0.04124
-0.05602
-0.06787
-0.07599
-0.08024
-0.0811
-0.07934
-0.07564
-0.07035
-0.0636
-0.05567
-0.04731
-0.03973
-0.03417
-0.03142
-0.03155
-0.03403
-0.03805
-0.04272
-0.04721
-0.05082
-0.05313
-0.05398
-0.05341
-0.05143
-0.04794
-0.04279
-0.03594
-0.02753
-0.01784
-0.00727
0.00365
0.01427
0.02385
0.0316
0.03677
0.03888
0.03804
0.03503
0.03113
0.02762
0.02539
0.02486
0.02606
0.02896
0.03355
0.03976
0.04738
0.05601
0.06508
0.07384
0.08154
0.08743
0.09086
0.09137
0.08882
0.0835
0.07604
0.06731
0.05823
0.04963
0.04207
0.03579
0.03076
0.02668
0.02314
0.01972
0.01619
0.0126
0.00919
0.00636
0.00447
0.00384
0.00468
0.00713
0.01133
0.01727
0.02472
0.03319
0.042
0.05048
0.05809
0.06449
0.06957
0.07342
0.07622
0.07819
0.07947
0.08013
0.08005
0.07892
0.07641
0.07222
0.06625
0.05853
0.0492
0.03849
0.02672
0.01425
0.00153
-0.01094
-0.02264
-0.03306
-0.04183
-0.0488
-0.05406
-0.0579
-0.06063
-0.06238
-0.06301
-0.06211
-0.0593
-0.05456
-0.04851
-0.04225
-0.03692
-0.03327
-0.03153
-0.03149
-0.03288
-0.0355
-0.03926
-0.04414
-0.05012
-0.0571
-0.06485
-0.07301
-0.08111
-0.08874
-0.09567
-0.1018
-0.10714
-0.11181
-0.11613
-0.1207
-0.12623
-0.13309
-0.14098
-0.14899
-0.15599
-0.16124
-0.16472
-0.16706
-0.16915
-0.17175
-0.17523
-0.17961
-0.18472
-0.19029
-0.19612
-0.202
-0.20767
-0.21263
-0.2162
-0.21753
-0.21581
-0.21034
-0.20063
-0.18651
-0.16825
-0.1466
-0.1227
-0.09787
-0.0734
-0.0505
-0.03019
-0.01324
0
0.00977
0.01693
0.02275
0.02848
0.03494
0.04226
0.05
0.05751
0.06437
0.07063
0.07687
0.08378
0.09169
0.10036
0.10896
0.11651
0.12225
0.12586
0.12744
0.12736
0.12606
0.12393
0.12128
0.11842
0.11573
0.11361
0.11242
0.11231
0.1132
0.11482
0.11678
0.1187
0.12029
0.12141
0.12216
0.12276
0.12352
0.12471
0.12642
0.12855
0.13089
0.13328
0.13559
0.13754
0.13846
0.13735
0.13313
0.12518
0.11361
0.09927
0.08341
0.06724
0.05166
0.03723
0.02439
0.01353
0.00504
-0.00087
-0.00429
-0.00565
-0.00551
-0.00438
-0.00249
0.00021
0.00399
0.00906
0.01533
0.02218
0.0287
0.03408
0.03803
0.04071
0.04244
0.04327
0.04289
0.04091
0.03715
0.0318
0.02526
0.01793
0.0102
0.00253
-0.00455
-0.01042
-0.01448
-0.01616
-0.01504
-0.01094
-0.00406
0.00503
0.0155
0.02648
0.03708
0.04655
0.05429
0.05987
0.06301
0.06342
0.06088
0.0552
0.0464
0.0348
0.02099
0.00573
-0.01032
-0.02651
-0.04206
-0.05591
-0.06688
-0.07415
-0.07763
-0.07802
-0.07651
-0.07432
-0.07244
-0.07143
-0.07152
-0.0727
-0.07483
-0.07778
-0.08145
-0.0857
-0.09029
-0.09481
-0.09878
-0.10169
-0.10317
-0.10309
-0.10172
-0.09948
-0.09681
-0.09386
-0.09047
-0.08623
-0.08062
-0.0731
-0.06321
-0.05075
-0.03594
-0.01939
-0.00196
0.01555
0.03245
0.04805
0.06146
0.07164
0.07774
0.07939
0.07686
0.07083
0.06195
0.0505
0.03631
0.01917
-0.00077
-0.02282
-0.0459
-0.06883
-0.09046
-0.10981
-0.12618
-0.13914
-0.14856
-0.15454
-0.15747
-0.15811
-0.15761
-0.15709
-0.15713
-0.15736
-0.15661
-0.15348
-0.14696
-0.13672
-0.12307
-0.10659
-0.08797
-0.06794
-0.04731
-0.02702
-0.00805
0.0087
0.02242
0.03247
0.03847
0.04048
0.03918
0.03585
0.03205
0.0293
0.02868
0.03069
0.03521
0.04166
0.04926
0.0573
0.06529
0.07289
0.07989
0.08617
0.09177
0.0969
0.1019
0.1071
0.11275
0.1189
0.12543
0.13204
0.13829
0.14361
0.14729
0.14859
0.14682
0.14145
0.13225
0.11943
0.10352
0.08523
0.06524
0.0442
0.02282
0.0019
-0.0178
-0.03571
-0.05163
-0.06566
-0.078
-0.08892
-0.0987
-0.10765
-0.11605
-0.12397
-0.13121
-0.13732
-0.14188
-0.14459
-0.14532
-0.14398
-0.1406
-0.13529
-0.12822
-0.11958
-0.10948
-0.09809
-0.08581
-0.07345
-0.06203
-0.05245
-0.04524
-0.04045
-0.03783
-0.03713
-0.03829
-0.04146
-0.04685
-0.05436
-0.0635
-0.07343
-0.08326
-0.09225
-0.09986
-0.10565
-0.10921
-0.11005
-0.10777
-0.10231
-0.09423
-0.08463
-0.07481
-0.0658
-0.05798
-0.05106
-0.04438
-0.03736
-0.02977
-0.02176
-0.01372
-0.00593
0.00146
0.00846
0.01507
0.02124
0.02696
0.03214
0.03657
0.03993
0.04187
0.04221
0.04105
0.03872
0.03562
0.03215
0.02851
0.0248
0.021
0.01711
0.01325
0.00979
0.00727
0.00629
0.0073
0.01041
0.01542
0.02191
0.02942
0.03745
0.0455
0.05314
0.06003
0.0659
0.07044
0.07337
0.07445
0.07365
0.07115
0.06732
0.06261
0.05735
0.05176
0.04594
0.04011
0.03475
0.03044
0.02762
0.02629
0.02607
0.0264
0.02677
0.02688
0.02659
0.02586
0.02476
0.0235
0.02245
0.02218
0.02339
0.02676
0.03278
0.04152
0.05251
0.06487
0.07764
0.09009
0.10178
0.11241
0.12153
0.12863
0.13333
0.13557
0.13558
0.13372
0.13024
0.12537
0.11933
0.11239
0.10483
0.09686
0.08872
0.08068
0.07312
0.06628
0.06025
0.05491
0.0501
0.04567
0.04141
0.03686
0.03136
0.02432
0.01571
0.00623
-0.00297
-0.01089
-0.0171
-0.02191
-0.02597
-0.02982
-0.03357
-0.03696
-0.03957
-0.04112
-0.04155
-0.04099
-0.03958
-0.03738
-0.03435
-0.0305
-0.02598
-0.02114
-0.01649
-0.01257
-0.00986
-0.00871
-0.00919
-0.01109
-0.01387
-0.01685
-0.01932
-0.02073
-0.02077
-0.01928
-0.01618
-0.01149
-0.00536
0.00184
0.00955
0.01714
0.02405
0.0299
0.03451
0.03782
0.03975
0.04023
0.03919
0.03665
0.03276
0.02776
0.02199
0.01586
0.00978
0.00414
-0.00075
-0.00472
-0.00764
-0.00939
-0.00975
-0.00853
-0.00565
-0.00127
0.00425
0.01051
0.01717
0.02397
0.03062
0.03673
0.04175
0.04505
0.04605
0.04441
0.04022
0.03417
0.02757
0.02199
0.01874
0.01842
0.02082
0.02524
0.03088
0.03718
0.04382
0.05051
0.05688
0.06246
0.06677
0.06937
0.06984
0.06783
0.06313
0.05569
0.04559
0.03311
0.0188
0.00353
-0.01167
-0.02579
-0.03822
-0.04893
-0.05834
-0.06675
-0.07394
-0.07914
-0.08147
-0.08047
-0.07637
-0.0699
-0.06192
-0.0531
-0.04388
-0.0346
-0.02559
-0.01712
-0.00933
-0.00221
0.00441
0.01063
0.0165
0.02195
0.02683
0.03102
0.03445
0.03716
0.03929
0.04094
0.04209
0.04259
0.0423
0.04112
0.03915
0.03673
0.03441
0.03291
0.03301
0.03538
0.04041
0.0481
0.05798
0.0692
0.08081
0.09189
0.10176
0.10989
0.1159
0.11947
0.12037
0.11854
0.11418
0.10769
0.0996
0.09034
0.0801
0.06889
0.05663
0.04332
0.02911
0.01435
-0.00036
-0.01427
-0.02653
-0.03644
-0.04364
-0.04813
-0.05024
-0.05043
-0.04924
-0.04711
-0.04443
-0.04155
-0.03885
-0.03666
-0.03526
-0.03468
-0.03466
-0.03471
-0.0344
-0.0337
-0.03313
-0.0336
-0.03594
-0.04053
-0.04703
-0.05459
-0.06218
-0.06909
-0.07502
-0.07993
-0.08372
-0.08613
-0.08683
-0.08561
-0.08249
-0.07768
-0.07149
-0.06416
-0.05591
-0.04707
-0.03825
-0.03043
-0.02475
-0.02222
-0.02327
-0.02758
-0.03412
-0.0416
-0.04889
-0.05533
-0.06069
-0.06503
-0.06849
-0.07111
-0.07283
-0.07353
-0.07309
-0.07144
-0.06852
-0.06433
-0.05894
-0.05243
-0.04498
-0.03674
-0.02791
-0.01863
-0.00902
0.00086
0.01091
0.02094
0.0306
0.03949
0.04733
0.05406
0.05987
0.06494
0.06929
0.07274
0.07501
0.07578
0.07482
0.07199
0.06737
0.06121
0.05395
0.04613
0.03838
0.03133
0.0255
0.02115
0.01832
0.01677
0.01612
0.01583
0.01533
0.01408
0.01165
0.00771
0.00203
-0.00546
-0.01468
-0.02533
-0.03695
-0.04901
-0.06102
-0.07256
-0.08329
-0.09293
-0.10135
-0.10856
-0.11465
-0.11977
-0.12409
-0.12785
-0.13126
-0.13435
-0.13678
-0.1378
-0.13666
-0.13304
-0.12743
-0.12091
-0.11465
-0.10935
-0.10503
-0.10125
-0.09758
-0.09391
-0.09037
-0.08709
-0.0839
-0.08027
-0.07551
-0.06902
-0.06044
-0.04972
-0.03695
-0.0224
-0.00642
0.01043
0.02734
0.04327
0.05725
0.06874
0.07792
0.08556
0.09258
0.09964
0.10692
0.1143
0.1215
0.12829
0.13452
0.14012
0.14502
0.14919
0.15255
0.15498
0.15638
0.15671
0.15599
0.15427
0.15146
0.14742
0.14197
0.13508
0.12691
0.11786
0.10846
0.09929
0.09086
0.08349
0.07738
0.07265
0.06942
0.06772
0.06746
0.0684
0.07014
0.07223
0.07423
0.0758
0.07662
0.07632
0.07453
0.07102
0.06579
0.05909
0.05131
0.04293
0.03447
0.02635
0.01899
0.01272
0.00789
0.00478
0.00351
0.00398
0.00584
0.0086
0.01181
0.01511
0.0183
0.02114
0.0234
0.02474
0.02487
0.0236
0.02093
0.01703
0.01211
0.0064
0.00011
-0.0066
-0.01357
-0.02056
-0.02709
-0.03248
-0.03605
-0.03761
-0.0376
-0.03694
-0.0366
-0.03717
-0.03874
-0.04099
-0.04344
-0.04569
-0.04748
-0.04871
-0.04938
-0.04942
-0.04872
-0.0471
-0.04447
-0.04094
-0.03678
-0.03235
-0.028
-0.02396
-0.02036
-0.01736
-0.01515
-0.01394
-0.01375
-0.01432
-0.01514
-0.01571
-0.01578
-0.01545
-0.01509
-0.01511
-0.01587
-0.01752
-0.02002
-0.02306
-0.02611
-0.02855
-0.02991
-0.02997
-0.02884
-0.02675
-0.02392
-0.02037
-0.01595
-0.01046
-0.00384
0.0038
0.01223
0.02117
0.03042
0.03979
0.04919
0.05853
0.0678
0.07698
0.086
0.09477
0.10324
0.11135
0.11908
0.12634
0.13297
0.13868
0.14318
0.14618
0.14749
0.14704
0.14494
0.14153
0.13725
0.13252
0.12754
0.12225
0.11645
0.11002
0.10303
0.09566
0.08808
0.08028
0.07213
0.06348
0.05427
0.04459
0.03473
0.02508
0.01599
0.0076
-0.00013
-0.00728
-0.01383
-0.0196
-0.02445
-0.02852
-0.03225
-0.03618
-0.04054
-0.04515
-0.04967
-0.05401
-0.05863
-0.06424
-0.07129
-0.07954
-0.08813
-0.09588
-0.10185
-0.10549
-0.10658
-0.10509
-0.10116
-0.09521
-0.08802
-0.08065
-0.07406
-0.0689
-0.06536
-0.06327
-0.06224
-0.06178
-0.0615
-0.06119
-0.06101
-0.06128
-0.06216
-0.06346
-0.06464
-0.06514
-0.06467
-0.06335
-0.06158
-0.0598
-0.05824
-0.05691
-0.05575
-0.05471
-0.05385
-0.05321
-0.05281
-0.05278
-0.05336
-0.05498
-0.05806
-0.06295
-0.06989
-0.07905
-0.09052
-0.10428
-0.12
-0.13705
-0.15459
-0.17182
-0.18817
-0.20323
-0.21673
-0.22838
-0.23794
-0.2452
-0.25016
-0.25308
-0.25439
-0.25449
-0.25362
-0.25172
-0.24856
-0.24379
-0.23715
-0.22858
-0.21825
-0.20654
-0.19389
-0.18069
-0.16726
-0.15394
-0.14117
-0.12947
-0.11925
-0.11062
-0.10336
-0.09698
-0.09098
-0.08495
-0.0787
-0.07212
-0.06516
-0.0577
-0.04964
-0.04102
-0.03203
-0.02295
-0.01409
-0.00574
0.00181
0.00814
0.01274
0.0151
0.01498
0.01253
0.00819
0.00238
-0.00476
-0.01334
-0.02346
-0.03493
-0.04713
-0.05919
-0.07038
-0.08035
-0.08922
-0.09733
-0.10497
-0.11218
-0.1188
-0.12458
-0.1293
-0.13285
-0.13521
-0.13642
-0.13653
-0.13558
-0.13364
-0.13092
-0.12776
-0.12454
-0.12141
-0.1182
-0.1145
-0.10996
-0.10459
-0.09884
-0.09343
-0.08896
-0.08572
-0.08361
-0.08233
-0.08153
-0.08093
-0.08032
-0.07958
-0.07874
-0.07784
-0.07692
-0.07588
-0.07451
-0.07251
-0.06963
-0.0658
-0.06106
-0.05558
-0.04956
-0.04316
-0.03648
-0.0296
-0.0226
-0.01555
-0.00855
-0.00156
0.00558
0.01313
0.02136
0.03034
0.0399
0.0496
0.05897
0.06763
0.07541
0.08225
0.0881
0.09288
0.0965
0.09888
0.09998
0.09977
0.09829
0.0956
0.0918
0.08698
0.0813
0.07494
0.06802
0.06063
0.0529
0.04506
0.03746
0.03044
0.02432
0.01928
0.01548
0.01303
0.01201
0.01241
0.01417
0.01714
0.02103
0.02542
0.02987
0.03414
0.03824
0.04223
0.04588
0.04857
0.04948
0.04808
0.04435
0.03875
0.03202
0.02488
0.01778
0.01091
0.00424
-0.00224
-0.00833
-0.01364
-0.01782
-0.02075
-0.02262
-0.02384
-0.02477
-0.02552
-0.02603
-0.02628
-0.02666
-0.02789
-0.03064
-0.03511
-0.04078
-0.0468
-0.05246
-0.05761
-0.06259
-0.06796
-0.07405
-0.08083
-0.08801
-0.0952
-0.10208
-0.10841
-0.11399
-0.11857
-0.12189
-0.12374
-0.12403
-0.1229
-0.12064
-0.11766
-0.11431
-0.1108
-0.10712
-0.10319
-0.09894
-0.09437
-0.08951
-0.08435
-0.07882
-0.0729
-0.0666
-0.06001
-0.05327
-0.04657
-0.04015
-0.03418
-0.02871
-0.02362
-0.01874
-0.01394
-0.00915
-0.00442
0.00025
0.00494
0.00979
0.01501
0.02071
0.02686
0.03334
0.03994
0.04651
0.05303
0.05948
0.06585
0.07206
0.07806
0.08389
0.08955
0.09497
0.09992
0.10414
0.1074
0.10956
0.11057
0.11048
0.1094
0.10749
0.10494
0.10189
0.09846
0.09489
0.0917
0.08964
0.08937
0.091
0.09399
0.09728
0.09987
0.10126
0.10162
0.10155
0.10171
0.10245
0.10383
0.10571
0.10793
0.11041
0.11313
0.11605
0.11901
0.12174
0.12392
0.1253
0.1258
0.1255
0.12441
0.12226
0.11839
0.11205
0.10284
0.09113
0.07793
0.0644
0.0513
0.03874
0.02639
0.01398
0.00168
-0.00993
-0.02012
-0.02837
-0.03445
-0.03834
-0.0401
-0.03972
-0.03722
-0.03259
-0.02592
-0.01732
-0.00697
0.00498
0.01834
0.0328
0.04795
0.06335
0.07877
0.09413
0.10934
0.12412
0.13793
0.15016
0.16034
0.16833
0.17434
0.17875
0.18183
0.18369
0.18421
0.18322
0.18066
0.17666
0.17151
0.16561
0.15936
0.15303
0.14671
0.14033
0.1338
0.12713
0.12053
0.11429
0.10871
0.10395
0.10009
0.09707
0.09476
0.09307
0.09195
0.09143
0.0915
0.09208
0.09288
0.09349
0.09347
0.09254
0.09071
0.08816
0.085
0.08121
0.07666
0.07143
0.06594
0.06106
0.05773
0.05652
0.05726
0.05915
0.06122
0.06283
0.06385
0.06456
0.06531
0.06628
0.06734
0.06819
0.06853
0.06817
0.06706
0.06516
0.0623
0.0582
0.05268
0.0458
0.03795
0.02977
0.02193
0.01487
0.00867
0.00322
-0.00144
-0.00494
-0.00662
-0.00597
-0.00302
0.00158
0.00679
0.01167
0.0157
0.01879
0.02107
0.02271
0.02381
0.02446
0.02478
0.02499
0.02533
0.02604
0.02737
0.02957
0.03288
0.03743
0.04319
0.04986
0.05695
0.06386
0.07
0.07496
0.07857
0.0808
0.08169
0.08127
0.0795
0.07634
0.0719
0.06643
0.06039
0.05428
0.0486
0.04377
0.04017
0.03807
0.03747
0.0381
0.03949
0.04112
0.04257
0.04357
0.04398
0.0438
0.04312
0.04215
0.04121
0.04067
0.04082
0.04187
0.04389
0.04688
0.05077
0.05545
0.06082
0.06679
0.0732
0.07972
0.08591
0.09142
0.09614
0.10017
0.10367
0.10662
0.10883
0.11003
0.11024
0.10977
0.10907
0.10837
0.1074
0.10548
0.10191
0.09633
0.08889
0.08018
0.07084
0.06136
0.05202
0.04301
0.03459
0.02706
0.02079
0.01602
0.01281
0.01095
0.01006
0.00965
0.00937
0.00903
0.00857
0.00785
0.00652
0.00419
0.00075
-0.00337
-0.00731
-0.01016
-0.01141
-0.01118
-0.01003
-0.00854
-0.00704
-0.00549
-0.00366
-0.0013
0.00167
0.00524
0.00936
0.01403
0.01936
0.02544
0.03223
0.03944
0.04658
0.05317
0.05887
0.06347
0.06683
0.06879
0.06912
0.06766
0.0644
0.05952
0.05329
0.04601
0.03794
0.02928
0.02021
0.01086
0.00144
-0.00785
-0.01676
-0.02505
-0.03261
-0.03941
-0.0455
-0.05082
-0.0552
-0.0584
-0.06021
-0.06052
-0.05934
-0.05685
-0.0533
-0.04901
-0.04426
-0.03932
-0.03445
-0.02995
-0.02611
-0.02321
-0.02147
-0.02101
-0.02184
-0.0239
-0.02709
-0.0312
-0.03582
-0.04041
-0.04447
-0.04769
-0.04999
-0.05145
-0.05212
-0.052
-0.05088
-0.04846
-0.04457
-0.03939
-0.03369
-0.02858
-0.02513
-0.024
-0.02532
-0.0288
-0.03408
-0.04076
-0.04838
-0.05635
-0.06398
-0.07061
-0.0758
-0.07932
-0.0812
-0.08153
-0.08039
-0.07784
-0.07393
-0.0688
-0.06275
-0.05633
-0.05025
-0.04519
-0.04154
-0.03927
-0.03798
-0.03728
-0.03699
-0.03723
-0.03819
-0.03994
-0.04214
-0.04423
-0.04559
-0.04592
-0.04535
-0.04427
-0.04311
-0.04204
-0.0411
-0.04022
-0.03941
-0.03874
-0.03825
-0.0379
-0.03753
-0.03694
-0.0359
-0.03423
-0.03185
-0.02884
-0.02542
-0.02188
-0.01849
-0.0155
-0.0131
-0.01151
-0.01093
-0.01148
-0.01317
-0.01596
-0.01975
-0.0244
-0.02972
-0.03541
-0.0412
-0.04689
-0.05238
-0.05762
-0.06246
-0.0667
-0.07008
-0.07249
-0.07399
-0.07486
-0.07543
-0.07586
-0.07612
-0.07597
-0.07521
-0.07381
-0.07201
-0.07025
-0.0689
-0.06816
-0.06802
-0.06841
-0.06934
-0.07091
-0.0732
-0.07617
-0.07971
-0.08373
-0.08822
-0.09318
-0.09831
-0.10295
-0.10622
-0.1075
-0.10677
-0.10464
-0.10189
-0.09896
-0.09581
-0.0921
-0.0876
-0.08236
-0.07675
-0.07125
-0.06628
-0.06198
-0.05824
-0.05474
-0.05111
-0.04718
-0.04297
-0.03865
-0.0343
-0.02983
-0.02516
-0.02044
-0.01619
-0.01305
-0.01139
-0.01108
-0.01151
-0.01194
-0.01189
-0.01121
-0.01001
-0.00848
-0.00676
-0.00495
-0.00312
-0.00134
0.00028
0.00166
0.00283
0.00394
0.00527
0.00711
0.00966
0.01299
0.01707
0.02181
0.02698
0.03227
0.0373
0.04173
0.04544
0.04842
0.05077
0.05265
0.05422
0.05569
0.05725
0.05901
0.06095
0.06296
0.06488
0.06662
0.06817
0.06957
0.07087
0.07208
0.07317
0.07413
0.07487
0.07527
0.07517
0.07445
0.07314
0.07134
0.0692
0.06684
0.06433
0.06182
0.05953
0.05772
0.05654
0.05594
0.05571
0.05564
0.05571
0.05605
0.05681
0.05807
0.05988
0.06226
0.06523
0.06868
0.07235
0.07591
0.07903
0.08154
0.08362
0.08563
0.08791
0.09042
0.09264
0.09377
0.09307
0.09024
0.08544
0.07911
0.07176
0.06383
0.0556
0.04731
0.03915
0.03127
0.02377
0.01659
0.0096
0.0026
-0.0046
-0.01208
-0.01975
-0.02737
-0.03474
-0.04196
-0.04956
-0.05828
-0.06859
-0.08032
-0.09272
-0.10493
-0.1164
-0.1271
-0.13721
-0.1468
-0.15558
-0.1631
-0.16892
-0.17282
-0.17476
-0.17482
-0.17316
-0.16995
-0.16537
-0.15958
-0.15283
-0.14537
-0.13746
-0.12924
-0.12073
-0.11181
-0.10238
-0.09245
-0.08224
-0.07199
-0.06187
-0.05189
-0.04202
-0.03231
-0.02304
-0.01457
-0.00724
-0.00126
0.00337
0.00668
0.00869
0.00942
0.00893
0.00745
0.00523
0.00249
-0.00069
-0.0043
-0.00833
-0.01266
-0.01706
-0.02127
-0.02505
-0.02824
-0.03068
-0.03224
-0.03284
-0.03253
-0.03145
-0.02979
-0.02774
-0.02544
-0.02304
-0.02057
-0.01807
-0.01565
-0.01351
-0.01193
-0.0111
-0.01106
-0.01173
-0.01297
-0.01456
-0.01611
-0.01707
-0.01681
-0.01501
-0.01183
-0.00794
-0.00418
-0.00119
0.00079
0.00186
0.0022
0.00193
0.00099
-0.00076
-0.00338
-0.00675
-0.0105
-0.01415
-0.01724
-0.01951
-0.02089
-0.02144
-0.02123
-0.02022
-0.01838
-0.0159
-0.01333
-0.01143
-0.01074
-0.01122
-0.01223
-0.01288
-0.01253
-0.0111
-0.009
-0.00681
-0.005
-0.00379
-0.00313
-0.00286
-0.00285
-0.00303
-0.00341
-0.00398
-0.00464
-0.00524
-0.00563
-0.00588
-0.00624
-0.00707
-0.00871
-0.01137
-0.01511
-0.01994
-0.02582
-0.03261
-0.04006
-0.04773
-0.05508
-0.06161
-0.06693
-0.07078
-0.07293
-0.07318
-0.07136
-0.06736
-0.0612
-0.05311
-0.04344
-0.03259
-0.02088
-0.00851
0.00437
0.01748
0.03035
0.04244
0.05326
0.06263
0.07051
0.07695
0.08199
0.08564
0.08799
0.08919
0.08948
0.08907
0.08818
0.08692
0.08531
0.08332
0.08098
0.07836
0.07558
0.07268
0.06957
0.06598
0.06155
0.05599
0.0492
0.0415
0.0336
0.02656
0.02141
0.01887
0.0191
0.02176
0.02626
0.03191
0.03814
0.04458
0.05102
0.05731
0.06324
0.06854
0.07294
0.07624
0.07843
0.07958
0.07977
0.07905
0.07737
0.07478
0.0715
0.06799
0.06484
0.0625
0.06108
0.06028
0.05963
0.05891
0.05829
0.05829
0.05941
0.06178
0.06507
0.06869
0.07204
0.07488
0.07733
0.07973
0.08238
0.08534
0.08844
0.09152
0.09447
0.09734
0.10021
0.10318
0.10627
0.10938
0.11228
0.11467
0.11627
0.11685
0.11626
0.11445
0.11146
0.10736
0.10217
0.09592
0.08863
0.08049
0.07177
0.06278
0.05374
0.0447
0.03562
0.02644
0.01716
0.00791
-0.00112
-0.00968
-0.01759
-0.02473
-0.03097
-0.03609
-0.03986
-0.04218
-0.04322
-0.04337
-0.04303
-0.04237
-0.04139
-0.04005
-0.03841
-0.03663
-0.03495
-0.03352
-0.03234
-0.03131
-0.03025
-0.02906
-0.02771
-0.02631
-0.02499
-0.02392
-0.02327
-0.02325
-0.02421
-0.02641
-0.02983
-0.03401
-0.03826
-0.042
-0.0451
-0.0479
-0.05092
-0.05447
-0.05841
-0.06219
-0.06522
-0.06713
-0.06793
-0.06783
-0.06705
-0.06572
-0.06407
-0.06248
-0.06144
-0.06124
-0.06184
-0.06292
-0.06412
-0.06517
-0.06606
-0.06701
-0.06844
-0.07067
-0.07366
-0.07697
-0.07986
-0.08172
-0.08231
-0.08179
-0.0805
-0.07867
-0.07634
-0.07347
-0.07002
-0.06606
-0.06163
-0.05679
-0.05158
-0.04609
-0.04045
-0.0348
-0.02933
-0.02423
-0.01966
-0.01568
-0.01234
-0.00967
-0.00764
-0.00623
-0.00536
-0.00491
-0.00476
-0.00483
-0.00511
-0.00564
-0.00645
-0.00749
-0.00866
-0.00983
-0.01098
-0.01228
-0.01401
-0.01647
-0.01982
-0.02402
-0.02894
-0.0344
-0.04018
-0.04608
-0.05184
-0.05717
-0.06179
-0.06555
-0.06842
-0.07049
-0.0719
-0.07282
-0.07335
-0.07359
-0.07352
-0.07312
-0.07233
-0.07115
-0.06956
-0.06754
-0.06503
-0.06206
-0.05874
-0.05535
-0.05226
-0.04983
-0.04829
-0.04773
-0.0481
-0.04922
-0.05075
-0.05214
-0.05281
-0.05246
-0.05125
-0.0497
-0.04836
-0.0474
-0.04649
-0.0451
-0.04285
-0.03985
-0.03655
-0.03348
-0.03099
-0.02912
-0.02773
-0.02668
-0.02585
-0.02508
-0.02411
-0.02266
-0.02043
-0.01731
-0.01333
-0.00879
-0.00427
-0.00045
0.00213
0.00338
0.00369
0.00375
0.00409
0.00484
0.00566
0.00595
0.00521
0.0033
0.00053
-0.00261
-0.00562
-0.00824
-0.01041
-0.01216
-0.01351
-0.0144
-0.01473
-0.01443
-0.01357
-0.0123
-0.01087
-0.00947
-0.00826
-0.00734
-0.00676
-0.00656
-0.00678
-0.0075
-0.00887
-0.01109
-0.01432
-0.01858
-0.02375
-0.0296
-0.03583
-0.04213
-0.0482
-0.05384
-0.05898
-0.06362
-0.06785
-0.07175
-0.07532
-0.07845
-0.08095
-0.08256
-0.08318
-0.08281
-0.08165
-0.07992
-0.07783
-0.07542
-0.07269
-0.06962
-0.06628
-0.06265
-0.05872
-0.05449
-0.0501
-0.04584
-0.04197
-0.03856
-0.03544
-0.03226
-0.02866
-0.02448
-0.01982
-0.01496
-0.01027
-0.00599
-0.00211
0.0016
0.00547
0.00959
0.01364
0.01695
0.01887
0.01908
0.01782
0.01571
0.01344
0.01145
0.00983
0.00833
0.00663
0.00451
0.00204
-0.00048
-0.00262
-0.00406
-0.00469
-0.0045
-0.00344
-0.00129
0.00219
0.00703
0.01281
0.01882
0.02439
0.02937
0.03404
0.0389
0.04419
0.0498
0.05525
0.05995
0.06344
0.06553
0.06636
0.06624
0.06548
0.06423
0.0625
0.06022
0.05731
0.05387
0.05007
0.04618
0.04245
0.03909
0.03621
0.03382
0.03179
0.02997
0.02832
0.02695
0.02604
0.02572
0.026
0.02683
0.02818
0.03004
0.03237
0.035
0.03762
0.03995
0.04179
0.04306
0.04378
0.04397
0.04357
0.04252
0.04086
0.03875
0.03644
0.03416
0.03197
0.02985
0.02781
0.02599
0.02454
0.02353
0.02287
0.02237
0.0218
0.02094
0.01963
0.01768
0.01491
0.01123
0.00667
0.00146
-0.00401
-0.0093
-0.01407
-0.01814
-0.0215
-0.02433
-0.02685
-0.02919
-0.03128
-0.0328
-0.03341
-0.03298
-0.03176
-0.03029
-0.02911
-0.02848
-0.02827
-0.02811
-0.0277
-0.02694
-0.02595
-0.02501
-0.02435
-0.02406
-0.02405
-0.02424
-0.02464
-0.02535
-0.02642
-0.0277
-0.02884
-0.0294
-0.02905
-0.02775
-0.02587
-0.02396
-0.02243
-0.02121
-0.01974
-0.01731
-0.01351
-0.00848
-0.00283
0.00275
0.00781
0.01224
0.01612
0.01954
0.02245
0.02475
0.02647
0.02775
0.02886
0.03007
0.03155
0.03341
0.03566
0.03828
0.04119
0.04431
0.04752
0.05072
0.05384
0.05677
0.05935
0.06145
0.063
0.06398
0.06429
0.06381
0.06245
0.06029
0.05762
0.05475
0.0519
0.04907
0.04618
0.04323
0.04033
0.03775
0.03569
0.03428
0.03347
0.03311
0.03304
0.03306
0.033
0.03269
0.03194
0.03064
0.02873
0.02625
0.02328
0.01996
0.01641
0.01281
0.00938
0.00634
0.00376
0.00149
-0.00078
-0.00338
-0.00638
-0.00964
-0.01293
-0.01618
-0.01951
-0.0231
-0.02683
-0.03018
-0.03237
-0.03292
-0.03191
-0.03006
-0.02822
-0.027
-0.02652
-0.02646
-0.02629
-0.02553
-0.02398
-0.0218
-0.01942
-0.01736
-0.01598
-0.01536
-0.01534
-0.01567
-0.0162
-0.01702
-0.01832
-0.02015
-0.02233
-0.02464
-0.02707
-0.0299
-0.03339
-0.03741
-0.04137
-0.04447
-0.04611
-0.04617
-0.04503
-0.04326
-0.04131
-0.03929
-0.03709
-0.03461
-0.03195
-0.02947
-0.02749
-0.02611
-0.02515
-0.02434
-0.02343
-0.02225
-0.02076
-0.01901
-0.01713
-0.01531
-0.01375
-0.01247
-0.01141
-0.01034
-0.00911
-0.00769
-0.00621
-0.00485
-0.00374
-0.00289
-0.00226
-0.00187
-0.0018
-0.00218
-0.00305
-0.00436
-0.00607
-0.00816
-0.01062
-0.01337
-0.01627
-0.0192
-0.02216
-0.02522
-0.02848
-0.03186
-0.03518
-0.0382
-0.04068
-0.04243
-0.04325
-0.04295
-0.04141
-0.03866
-0.03484
-0.03017
-0.02482
-0.01894
-0.01266
-0.00619
0.00016
0.00612
0.01155
0.01646
0.02099
0.02516
0.02883
0.03179
0.03396
0.03563
0.03738
0.0398
0.04304
0.04668
0.04996
0.05222
0.05323
0.05319
0.05261
0.05195
0.05148
0.05126
0.05115
0.05103
0.05081
0.05046
0.04996
0.04925
0.04822
0.04681
0.04501
0.04299
0.04102
0.03939
0.03809
0.03681
0.03513
0.03295
0.03062
0.02881
0.02808
0.02862
0.03017
0.03228
0.03448
0.03651
0.03833
0.04009
0.042
0.04416
0.04651
0.0488
0.05077
0.05221
0.053
0.05309
0.05248
0.05124
0.0495
0.04745
0.04522
0.04279
0.04001
0.03675
0.03306
0.02914
0.02526
0.02166
0.0186
0.01627
0.0148
0.01416
0.01417
0.01454
0.01503
0.01551
0.01598
0.01655
0.01739
0.01864
0.02039
0.02266
0.02543
0.02868
0.0323
0.03612
0.03992
0.04347
0.04664
0.04935
0.05156
0.05322
0.05423
0.05448
0.05379
0.05199
0.04901
0.04492
0.03995
0.03446
0.02886
0.02356
0.01887
0.01499
0.01194
0.00954
0.00743
0.00535
0.00333
0.00181
0.00148
0.00273
0.0053
0.00828
0.01053
0.01135
0.01073
0.00917
0.00724
0.00527
0.00335
0.00156
0.00007
-0.00086
-0.0011
-0.00066
0.00035
0.00182
0.0038
0.0065
0.01023
0.01523
0.02152
0.02869
0.03596
0.04237
0.04729
0.05079
0.05357
0.05647
0.05988
0.0636
0.06708
0.06983
0.07167
0.0727
0.0732
0.07347
0.0738
0.07436
0.07524
0.07637
0.07757
0.0786
0.07925
0.07941
0.07907
0.0783
0.0772
0.07589
0.07453
0.07328
0.0723
0.07166
0.07131
0.07108
0.07088
0.0707
0.0707
0.07105
0.07179
0.07277
0.07366
0.07405
0.07367
0.07244
0.07048
0.06804
0.06529
0.06231
0.0591
0.05565
0.05196
0.04807
0.04403
0.0399
0.03576
0.03172
0.02787
0.02426
0.02092
0.01779
0.01483
0.01196
0.00917
0.00649
0.00399
0.00173
-0.00027
-0.00198
-0.00344
-0.00466
-0.00568
-0.00658
-0.00746
-0.00845
-0.00961
-0.01101
-0.0126
-0.01429
-0.01588
-0.01721
-0.01829
-0.01935
-0.02084
-0.02314
-0.02638
-0.03033
-0.03456
-0.03871
-0.04263
-0.04634
-0.0498
-0.05286
-0.05524
-0.05672
-0.05725
-0.05697
-0.05609
-0.05477
-0.05302
-0.05074
-0.04794
-0.04485
-0.04207
-0.04044
-0.04063
-0.04278
-0.04637
-0.05043
-0.05403
-0.05671
-0.05859
-0.06018
-0.06199
-0.06428
-0.06693
-0.0696
-0.07194
-0.07373
-0.07493
-0.07563
-0.076
-0.07623
-0.07648
-0.07686
-0.07746
-0.07831
-0.07947
-0.08095
-0.08265
-0.08443
-0.08619
-0.08795
-0.08984
-0.09194
-0.09427
-0.0967
-0.09904
-0.10113
-0.10291
-0.10431
-0.10521
-0.10539
-0.10461
-0.10279
-0.10003
-0.09665
-0.09301
-0.08938
-0.08581
-0.08215
-0.07819
-0.07382
-0.06908
-0.06408
-0.0589
-0.05358
-0.04816
-0.04268
-0.03731
-0.03225
-0.02776
-0.02395
-0.02072
-0.0178
-0.01493
-0.012
-0.00916
-0.00665
-0.00458
-0.00293
-0.00149
-0.00008
0.00135
0.00262
0.00347
0.00366
0.00323
0.00249
0.00203
0.00239
0.00384
0.00609
0.00851
0.01044
0.01156
0.012
0.01219
0.01251
0.0132
0.01428
0.01565
0.01718
0.01877
0.0204
0.02207
0.02387
0.02591
0.02821
0.0307
0.03332
0.03607
0.03906
0.04228
0.04542
0.04788
0.04915
0.04919
0.0485
0.04783
0.04765
0.04795
0.04835
0.04851
0.04833
0.04805
0.048
0.04842
0.04932
0.05054
0.05191
0.05333
0.05474
0.05617
0.05764
0.05927
0.06114
0.06319
0.06515
0.06671
0.06768
0.06813
0.06826
0.06822
0.06797
0.0674
0.06637
0.06491
0.06317
0.06143
0.05991
0.05867
0.05769
0.0569
0.05637
0.05622
0.05643
0.05682
0.05706
0.05692
0.05637
0.05563
0.05498
0.05456
0.05424
0.05371
0.05264
0.05092
0.04869
0.04621
0.04377
0.04156
0.03969
0.03817
0.03677
0.03505
0.03252
0.02909
0.02525
0.02192
0.01985
0.01918
0.01944
0.01988
0.01994
0.01942
0.01833
0.01677
0.01493
0.01313
0.01172
0.01086
0.01033
0.00966
0.00842
0.00651
0.00432
0.00249
0.00151
0.00148
0.00204
0.00269
0.00309
0.00329
0.00361
0.00442
0.00586
0.0077
0.00949
0.01086
0.01174
0.01234
0.01287
0.01322
0.01294
0.01152
0.0087
0.0048
0.00052
-0.00336
-0.00639
-0.00864
-0.01054
-0.0126
-0.01511
-0.01802
-0.02098
-0.02357
-0.02551
-0.02687
-0.02802
-0.02943
-0.03141
-0.03388
-0.03652
-0.03896
-0.04104
-0.04285
-0.04459
-0.04637
-0.04804
-0.04933
-0.05002
-0.05001
-0.04943
-0.04843
-0.04715
-0.04569
-0.04414
-0.04259
-0.04114
-0.03991
-0.03899
-0.03843
-0.03827
-0.03848
-0.03897
-0.03964
-0.0404
-0.04121
-0.04198
-0.04262
-0.04312
-0.04358
-0.04413
-0.04488
-0.04585
-0.04704
-0.04856
-0.0506
-0.05337
-0.05693
-0.06107
-0.06546
-0.06984
-0.07406
-0.07813
-0.08201
-0.08558
-0.08871
-0.09132
-0.09343
-0.09506
-0.09627
-0.09722
-0.0982
-0.09952
-0.10128
-0.10321
-0.1048
-0.10566
-0.1058
-0.10569
-0.10592
-0.10682
-0.10824
-0.10964
-0.11045
-0.11038
-0.10951
-0.10814
-0.1065
-0.10465
-0.10247
-0.09987
-0.09686
-0.09359
-0.09018
-0.08663
-0.0828
-0.07849
-0.07358
-0.06825
-0.06305
-0.0587
-0.05565
-0.05383
-0.05269
-0.0516
-0.05019
-0.04856
-0.04709
-0.04615
-0.04585
-0.046
-0.04629
-0.04648
-0.04652
-0.04643
-0.04616
-0.0456
-0.04465
-0.04329
-0.0415
-0.03926
-0.0365
-0.03323
-0.02956
-0.02568
-0.02172
-0.01765
-0.01341
-0.00914
-0.00512
-0.00169
0.00108
0.00335
0.00544
0.00754
0.00968
0.0117
0.01346
0.01486
0.01587
0.01654
0.01696
0.01723
0.01745
0.01765
0.0178
0.01776
0.01739
0.01659
0.01539
0.01392
0.01244
0.01117
0.01027
0.00975
0.00948
0.00931
0.0091
0.00876
0.00822
0.00742
0.00636
0.00507
0.00362
0.00212
0.00065
-0.00071
-0.00185
-0.00259
-0.00279
-0.00232
-0.00124
0.00028
0.0021
0.00438
0.00757
0.01217
0.01827
0.02536
0.03244
0.03852
0.04307
0.04617
0.0484
0.05043
0.05269
0.05521
0.0577
0.05984
0.0614
0.06236
0.06284
0.06303
0.06304
0.06289
0.06251
0.06188
0.0611
0.06016
0.05884
0.05664
0.0531
0.04818
0.04237
0.03651
0.03134
0.02716
0.0238
0.02085
0.01798
0.01512
0.01243
0.0101
0.00825
0.00683
0.00564
0.00446
0.00314
0.00163
0.00004
-0.00152
-0.00293
-0.00421
-0.00544
-0.00675
-0.00821
-0.00972
-0.01112
-0.0123
-0.01323
-0.01404
-0.01483
-0.01567
-0.01651
-0.01723
-0.01772
-0.01796
-0.01794
-0.01778
-0.01757
-0.01741
-0.01732
-0.01725
-0.01711
-0.01689
-0.01665
-0.0164
-0.01604
-0.01544
-0.01455
-0.01341
-0.0121
-0.01062
-0.00897
-0.00714
-0.00515
-0.003
-0.00072
0.00165
0.00404
0.00636
0.0085
0.01032
0.01169
0.01259
0.01309
0.01334
0.01342
0.01329
0.01286
0.01203
0.01072
0.00889
0.00674
0.00477
0.00357
0.00348
0.00433
0.00563
0.00686
0.00785
0.00875
0.00985
0.01137
0.01332
0.01554
0.01777
0.01984
0.02165
0.02323
0.02465
0.02601
0.02736
0.02876
0.03024
0.03194
0.03403
0.03664
0.0396
0.04234
0.04422
0.04495
0.04483
0.0446
0.04501
0.04639
0.04861
0.05123
0.05376
0.05582
0.05731
0.05828
0.05891
0.05935
0.05966
0.05982
0.05977
0.05949
0.05897
0.05821
0.05721
0.05594
0.05442
0.0527
0.05085
0.04894
0.04692
0.0447
0.04223
0.03963
0.03713
0.03494
0.03307
0.03138
0.02962
0.02763
0.02532
0.02268
0.01984
0.01701
0.01439
0.01202
0.00985
0.00781
0.00598
0.00452
0.00354
0.00294
0.0025
0.00203
0.00146
0.00086
0.00029
-0.00024
-0.00085
-0.00163
-0.00263
-0.00376
-0.00492
-0.00606
-0.00721
-0.00847
-0.00997
-0.0118
-0.0139
-0.01601
-0.01781
-0.0191
-0.0199
-0.02048
-0.02112
-0.02193
-0.02274
-0.02308
-0.02236
-0.02013
-0.0163
-0.01135
-0.00613
-0.00146
0.00225
0.00511
0.00755
0.00998
0.01252
0.01503
0.01728
0.01911
0.02052
0.02168
0.02273
0.02373
0.02452
0.02485
0.0246
0.02396
0.02335
0.02309
0.02313
0.023
0.02207
0.0201
0.01746
0.01501
0.01365
0.01387
0.01561
0.01833
0.02145
0.02456
0.02754
0.0304
0.0332
0.03585
0.03815
0.03978
0.04053
0.04037
0.03946
0.03804
0.03637
0.03463
0.03297
0.03139
0.02982
0.02824
0.02676
0.02565
0.02514
0.02522
0.02574
0.02648
0.02744
0.02881
0.0308
0.03338
0.03618
0.03866
0.0404
0.04128
0.04146
0.0412
0.04063
0.03974
0.03845
0.03677
0.03482
0.03276
0.03071
0.02869
0.02679
0.02517
0.02406
0.0236
0.02376
0.02436
0.02521
0.02617
0.02713
0.02804
0.02885
0.0295
0.03
0.03033
0.03045
0.0302
0.02949
0.02828
0.02667
0.02474
0.02252
0.0199
0.01674
0.01309
0.00937
0.00623
0.00425
0.00358
0.00389
0.00459
0.00512
0.00518
0.00486
0.00455
0.00466
0.00536
0.00649
0.00778
0.00901
0.01019
0.01143
0.01287
0.01453
0.01628
0.01794
0.01934
0.02049
0.02155
0.02264
0.02354
0.02375
0.0228
0.02063
0.01771
0.01477
0.01234
0.01055
0.0091
0.00753
0.00552
0.00303
0.00032
-0.00218
-0.00409
-0.00517
-0.00538
-0.00487
-0.00382
-0.0024
-0.00069
0.00125
0.00327
0.00514
0.00661
0.00753
0.00792
0.00792
0.00771
0.0074
0.007
0.00638
0.00537
0.00383
0.00173
-0.00077
-0.00344
-0.00614
-0.00886
-0.01177
-0.01507
-0.01893
-0.02336
-0.02823
-0.03335
-0.03848
-0.04345
-0.04809
-0.05234
-0.05617
-0.0596
-0.06257
-0.06498
-0.06677
-0.0679
-0.06841
-0.06839
-0.06799
-0.06737
-0.06662
-0.06576
-0.06476
-0.0636
-0.06228
-0.06078
-0.05913
-0.05737
-0.05553
-0.05355
-0.05136
-0.04893
-0.0464
-0.04408
-0.04227
-0.04102
-0.04005
-0.03896
-0.0375
-0.03575
-0.03414
-0.03314
-0.03298
-0.03355
-0.03442
-0.03516
-0.03559
-0.0358
-0.036
-0.03628
-0.03648
-0.03628
-0.03551
-0.0342
-0.03259
-0.0309
-0.02924
-0.02753
-0.02564
-0.02352
-0.02142
-0.01978
-0.01906
-0.01942
-0.02058
-0.022
-0.02318
-0.02393
-0.0244
-0.0249
-0.02565
-0.0267
-0.02791
-0.02909
-0.03007
-0.03075
-0.03113
-0.0313
-0.03141
-0.0316
-0.03195
-0.03244
-0.03293
-0.0332
-0.03306
-0.0324
-0.03121
-0.02951
-0.02738
-0.02487
-0.02217
-0.01947
-0.017
-0.01488
-0.01316
-0.01175
-0.01054
-0.0094
-0.00828
-0.00721
-0.0063
-0.00565
-0.00523
-0.00496
-0.00469
-0.00436
-0.00394
-0.00343
-0.00285
-0.00215
-0.0013
-0.00024
0.00103
0.00251
0.00413
0.0058
0.00739
0.00884
0.01015
0.01141
0.01265
0.01383
0.01486
0.01566
0.01625
0.01665
0.01692
0.01713
0.01738
0.01773
0.01824
0.0189
0.01961
0.02023
0.02067
0.02108
0.02184
0.02329
0.02551
0.02818
0.0308
0.03293
0.03442
0.03535
0.03592
0.03629
0.03654
0.03667
0.03663
0.03636
0.03577
0.03482
0.03349
0.03184
0.03008
0.02844
0.02721
0.02658
0.02663
0.02727
0.02819
0.02886
0.02882
0.02791
0.02638
0.02476
0.02354
0.0229
0.02266
0.02241
0.02181
0.02072
0.01929
0.01776
0.01637
0.0152
0.01415
0.01306
0.01181
0.01042
0.00897
0.00755
0.00618
0.00482
0.00344
0.00203
0.00058
-0.00094
-0.00257
-0.00431
-0.00616
-0.00811
-0.01016
-0.01235
-0.0147
-0.01715
-0.01962
-0.022
-0.02422
-0.02623
-0.028
-0.02952
-0.03078
-0.03183
-0.0328
-0.0338
-0.03487
-0.03598
-0.03702
-0.03794
-0.0387
-0.03922
-0.03943
-0.03929
-0.0389
-0.03836
-0.03782
-0.03737
-0.03702
-0.03673
-0.03642
-0.03603
-0.03555
-0.03504
-0.03459
-0.03431
-0.03422
-0.03429
-0.03444
-0.03449
-0.03431
-0.0338
-0.03297
-0.03188
-0.03057
-0.02897
-0.02687
-0.02407
-0.02053
-0.01654
-0.01261
-0.00928
-0.00687
-0.00538
-0.00452
-0.00389
-0.00315
-0.00215
-0.00095
0.00022
0.0011
0.00155
0.00167
0.00168
0.00182
0.00223
0.00292
0.00392
0.0053
0.00713
0.00935
0.01166
0.01369
0.0152
0.01626
0.01717
0.01828
0.01971
0.02131
0.02271
0.02359
0.02388
0.02377
0.02362
0.02372
0.02416
0.02486
0.02565
0.02636
0.0269
0.02724
0.02742
0.02747
0.02743
0.02731
0.02715
0.02696
0.02669
0.02624
0.02553
0.02455
0.02339
0.02221
0.0211
0.02007
0.01909
0.01816
0.01731
0.01664
0.01613
0.01573
0.01533
0.0149
0.01441
0.01389
0.01336
0.01283
0.0123
0.01181
0.01137
0.01095
0.01049
0.00987
0.00899
0.0079
0.00673
0.00565
0.00475
0.004
0.00337
0.00286
0.00253
0.00242
0.00255
0.0028
0.00305
0.00317
0.00318
0.00314
0.0031
0.00308
0.003
0.00271
0.00202
0.00084
-0.00068
-0.00225
-0.00355
-0.00448
-0.00523
-0.00613
-0.00743
-0.00916
-0.01115
-0.0132
-0.01517
-0.01702
-0.0188
-0.02058
-0.02236
-0.02412
-0.0258
-0.0273
-0.02858
-0.02962
-0.03041
-0.03095
-0.0312
-0.03117
-0.03096
-0.03079
-0.03088
-0.03131
-0.03191
-0.0324
-0.03246
-0.03192
-0.0308
-0.02925
-0.02748
-0.02567
-0.02391
-0.0222
-0.02054
-0.01894
-0.01741
-0.01601
-0.01475
-0.01367
-0.01277
-0.01201
-0.01138
-0.01082
-0.01032
-0.0099
-0.00959
-0.00941
-0.00931
-0.00929
-0.00929
-0.00932
-0.00938
-0.0095
-0.00969
-0.00997
-0.01033
-0.01071
-0.01104
-0.01129
-0.01144
-0.0115
-0.01149
-0.0114
-0.01126
-0.01107
-0.01086
-0.01066
-0.01047
-0.0103
-0.01017
-0.01006
-0.00998
-0.0099
-0.00984
-0.0098
-0.00978
-0.00974
-0.00966
-0.00951
-0.00933
-0.00919
-0.00911
-0.00907
-0.00902
-0.00891
-0.00873
-0.00852
-0.00827
-0.008
-0.0077
-0.00738
-0.00705
-0.00674
-0.00649
-0.0063
-0.0061
-0.00578
-0.00522
-0.0044
-0.00341
-0.00242
-0.00158
-0.00098
-0.00057
-0.00024
0.00011
0.00052
0.00094
0.00128
0.0015
0.00161
0.00164
0.00161
0.00155
0.00142
0.00123
0.00103
0.00087
0.0008
0.00079
0.00074
0.00053
0.00007
-0.0006
-0.00134
-0.00201
-0.00251
-0.00282
-0.00301
-0.00315
-0.00331
-0.0035
-0.00369
-0.00387
-0.00399
-0.00403
-0.004
-0.0039
-0.00377
-0.00363
-0.00349
-0.00333
-0.00315
-0.00295
-0.00274
-0.00253
-0.0023
-0.00204
-0.00175
-0.00143
-0.00113
-0.00088
-0.0007
-0.00059
-0.00052
-0.00045
-0.00035
-0.00023
-0.00011
0.00001
0.00011
0.00019
0.00028
0.00035
0.00042
0.00046
0.00047
0.00046
0.00044
0.00044
0.00046
0.0005
0.00052
0.0005
0.00046
0.00039
0.00032
0.00025
0.0002
0.00018
0.0002
0.00024
0.0003
0.00037
0.00045
0.00057
0.00072
0.00091
0.0011
0.0013
0.00149
0.00168
0.00187
0.00205
0.00222
0.00237
0.00252
0.00268
0.00286
0.00306
0.00324
0.00339
0.0035
0.00356
0.00361
0.00367
0.00373
0.0038
0.00387
0.00393
0.00399
0.00405
0.00411
0.00418
0.00424
0.0043
0.00436
0.00441
0.00446
0.00452
0.00458
0.00463
0.00467
0.00468
0.00467
0.00467
0.00468
0.0047
0.00473
0.00476
0.00478
0.00479
0.0048
0.0048
0.00481
0.00481
0.00481
0.00481
0.00482
0.00482
0.00482
0.00482
0.00482
0.00481
0.00479
0.00478
0.00475
0.00473
0.0047
0.00467
0.00465
0.00462
0.00459
0.00456
0.00453
0.0045
0.00447
0.00445
0.00442
0.0044
0.00437
0.00435
0.00433
0.00431
0.00428
0.00426
0.00423
0.0042
0.00417
0.00414
0.00411
0.00408
0.00406
0.00403
0.004
0.00397
0.00394
0.00392
0.00389
0.00387
0.00385
0.00382
0.00381
0.00379
0.00377
0.00375
0.00374
0.00372
0.00371
0.00369
0.00368
0.00366
0.00365
0.00363
0.00362
0.0036
0.00359
0.00357
0.00356
0.00354
0.00353
0.00351
0.0035
0.00348
0.00347
0.00345
0.00343
0.00342
0.0034
0.00339
0.00337
0.00335
0.00334
0.00332
0.00331
0.00329
0.00328
0.00326
0.00325
0.00323
0.00322
0.0032
0.00319
0.00317
0.00316
0.00314
0.00313
0.00311
0.0031
0.00309
0.00307
0.00306
0.00304
0.00303
0.00302
0.003
0.00299
0.00297
0.00296
0.00295
0.00293
0.00292
0.00291
0.00289
0.00288
0.00287
0.00285
0.00284
0.00283
0.00282
0.0028
0.00279
0.00278
0.00276
0.00275
0.00274
0.00273
0.00271
0.0027
0.00269
0.00268
0.00267
0.00265
0.00264
0.00263
0.00262
0.0026
0.00259
0.00258
0.00257
0.00256
0.00255
0.00253
0.00252
0.00251
0.0025
0.00249
0.00248
0.00247
0.00246
0.00244
0.00243
0.00242
0.00241
0.0024
0.00239
0.00238
0.00237
0.00236
0.00235
0.00234
0.00233
0.00232
0.00059
0
0
0
0
0
0
0
0
0
0
0
0
0
0
