-0.00212
-0.00212
-0.00211
-0.0021
-0.00209
-0.00208
-0.00208
-0.00207
-0.00206
-0.00205
-0.00204
-0.00203
-0.00202
-0.00201
-0.002
-0.00199
-0.00197
-0.00196
-0.00195
-0.00193
-0.00192
-0.0019
-0.00189
-0.00187
-0.00186
-0.00184
-0.00183
-0.00182
-0.0018
-0.00179
-0.00177
-0.00174
-0.00171
-0.00167
-0.00164
-0.00162
-0.00161
-0.00161
-0.0016
-0.00158
-0.00155
-0.0015
-0.00143
-0.00136
-0.0013
-0.00125
-0.00119
-0.00113
-0.00111
-0.00112
-0.00112
-0.00111
-0.00108
-0.00104
-0.00103
-0.00102
-0.00096
-0.00083
-0.00065
-0.00048
-0.00034
-0.00023
-0.00013
-0.00002
0.00011
0.00029
0.00054
0.00077
0.00089
0.00084
0.00071
0.00063
0.00065
0.00069
0.00052
0.00016
-0.00025
-0.00053
-0.00054
-0.00027
0.0001
0.00044
0.00069
0.00089
0.0011
0.00134
0.00162
0.00187
0.00207
0.00221
0.00228
0.00227
0.00218
0.0021
0.00205
0.00199
0.00182
0.00143
0.00077
-0.00009
-0.0009
-0.00154
-0.0021
-0.00249
-0.00261
-0.0026
-0.00266
-0.00289
-0.00312
-0.00314
-0.00282
-0.00223
-0.00145
-0.00045
0.00081
0.00215
0.00343
0.00469
0.00595
0.00717
0.00824
0.00901
0.00933
0.00898
0.00785
0.00589
0.00357
0.00129
-0.00074
-0.00238
-0.0036
-0.00427
-0.00437
-0.00405
-0.0037
-0.00386
-0.00475
-0.00595
-0.00669
-0.00643
-0.00505
-0.00284
-0.00027
0.00231
0.00482
0.00717
0.00912
0.01052
0.01147
0.01195
0.01201
0.01191
0.01161
0.01074
0.00931
0.00752
0.00571
0.00411
0.00256
0.00082
-0.00077
-0.00186
-0.00256
-0.00299
-0.003
-0.00224
-0.00036
0.00229
0.0049
0.00697
0.00848
0.00993
0.012
0.0145
0.01639
0.01709
0.01694
0.01651
0.01603
0.01459
0.01142
0.00701
0.00256
-0.00091
-0.00314
-0.00391
-0.00323
-0.00208
-0.00151
-0.00179
-0.00254
-0.00386
-0.00602
-0.00862
-0.01089
-0.01233
-0.01302
-0.01315
-0.01313
-0.01314
-0.0133
-0.01382
-0.01435
-0.01467
-0.01484
-0.01489
-0.01447
-0.01326
-0.0111
-0.00847
-0.0058
-0.00328
-0.00137
-0.00045
-0.00063
-0.00216
-0.00523
-0.0093
-0.01322
-0.0162
-0.01809
-0.0193
-0.02001
-0.02023
-0.01993
-0.01869
-0.01627
-0.01334
-0.01073
-0.00882
-0.00766
-0.00739
-0.00773
-0.00822
-0.00827
-0.00671
-0.0028
0.00163
0.00412
0.00436
0.00385
0.00361
0.0037
0.00424
0.00537
0.00806
0.01288
0.0184
0.02239
0.02384
0.02255
0.01919
0.0154
0.01106
0.00502
-0.00264
-0.01042
-0.01663
-0.01976
-0.01929
-0.01542
-0.0091
-0.00265
0.00113
0.00152
-0.00016
-0.00237
-0.00441
-0.00606
-0.00715
-0.00794
-0.00878
-0.00976
-0.01059
-0.01081
-0.01017
-0.00863
-0.00703
-0.00631
-0.00622
-0.00667
-0.00741
-0.00788
-0.00721
-0.00482
-0.00118
0.00264
0.00552
0.00683
0.0071
0.00722
0.00774
0.00907
0.01139
0.01449
0.01755
0.02026
0.02279
0.02424
0.02251
0.01787
0.01326
0.01055
0.009
0.00661
0.00283
-0.00112
-0.00383
-0.00486
-0.00454
-0.00316
-0.00073
0.00274
0.00681
0.01059
0.01309
0.01471
0.01696
0.02106
0.02727
0.03502
0.04273
0.0479
0.04928
0.04688
0.04092
0.03245
0.02311
0.01475
0.00789
0.00179
-0.00412
-0.00862
-0.0098
-0.00772
-0.00433
-0.00166
-0.00096
-0.0024
-0.00525
-0.00857
-0.01135
-0.01285
-0.0131
-0.01306
-0.01429
-0.01718
-0.02061
-0.02427
-0.02872
-0.03507
-0.04196
-0.04711
-0.04959
-0.04942
-0.04653
-0.04073
-0.03314
-0.02643
-0.02298
-0.02251
-0.02339
-0.02454
-0.02519
-0.02496
-0.02382
-0.02198
-0.01896
-0.01347
-0.00422
0.00723
0.01715
0.02278
0.02423
0.02362
0.02306
0.02308
0.02341
0.02444
0.027
0.03125
0.0363
0.04027
0.04253
0.04363
0.04348
0.04182
0.03905
0.03635
0.03524
0.03649
0.0396
0.04263
0.04366
0.04195
0.03831
0.03361
0.029
0.02601
0.02553
0.02748
0.03036
0.03195
0.03053
0.02649
0.02238
0.02004
0.02015
0.02349
0.02931
0.03512
0.03865
0.03827
0.03326
0.02491
0.01573
0.00763
0.00065
-0.00563
-0.01169
-0.01722
-0.0218
-0.02518
-0.02691
-0.02716
-0.02648
-0.02526
-0.02386
-0.02242
-0.01999
-0.0163
-0.01245
-0.01031
-0.01064
-0.01367
-0.01882
-0.02477
-0.02931
-0.03056
-0.02855
-0.02446
-0.02018
-0.01757
-0.0178
-0.02143
-0.02822
-0.03615
-0.043
-0.04681
-0.04607
-0.04073
-0.03209
-0.02108
-0.00817
0.00565
0.01828
0.02704
0.03039
0.0293
0.02601
0.0226
0.02037
0.0196
0.01996
0.02118
0.0228
0.02457
0.02658
0.02867
0.03042
0.03085
0.02969
0.02843
0.02842
0.02951
0.03096
0.03216
0.03227
0.03047
0.02641
0.02019
0.01201
0.0018
-0.00936
-0.01825
-0.0216
-0.01933
-0.0137
-0.00728
-0.00185
0.00098
0.00061
-0.00158
-0.00315
-0.00282
-0.00163
-0.00161
-0.0032
-0.00572
-0.00844
-0.01087
-0.01148
-0.00797
-0.00085
0.00582
0.00849
0.00815
0.00819
0.01058
0.01504
0.02041
0.0258
0.03189
0.04002
0.04889
0.05673
0.06291
0.06738
0.07076
0.07319
0.07415
0.07174
0.06402
0.05075
0.03367
0.01474
-0.00461
-0.02239
-0.0374
-0.0476
-0.04983
-0.04317
-0.02978
-0.01246
0.00506
0.01919
0.02874
0.03454
0.03803
0.03997
0.04112
0.04213
0.04393
0.04728
0.05152
0.05485
0.05497
0.05019
0.04014
0.02584
0.00942
-0.00718
-0.02186
-0.03241
-0.03775
-0.03832
-0.03532
-0.02952
-0.02186
-0.01368
-0.00616
0.00049
0.00622
0.01075
0.01435
0.01736
0.01901
0.01949
0.0205
0.02256
0.02488
0.02599
0.02352
0.01554
0.00247
-0.01219
-0.02438
-0.0312
-0.03106
-0.02492
-0.01552
-0.00575
0.00246
0.00862
0.01364
0.01845
0.02372
0.02988
0.03675
0.0433
0.04801
0.0494
0.04664
0.03929
0.02776
0.01424
0.00071
-0.01126
-0.01988
-0.02356
-0.02162
-0.01435
-0.00298
0.00983
0.02047
0.02628
0.02614
0.02016
0.00962
-0.00353
-0.01741
-0.02934
-0.03734
-0.04109
-0.04097
-0.03737
-0.03016
-0.01973
-0.00672
0.008
0.02203
0.03259
0.03813
0.03858
0.03493
0.02876
0.02175
0.01512
0.00961
0.00403
-0.00343
-0.01156
-0.01813
-0.02391
-0.03148
-0.04175
-0.05304
-0.06215
-0.06501
-0.05915
-0.04558
-0.02777
-0.00825
0.00971
0.02338
0.03236
0.03803
0.04134
0.04197
0.03961
0.03552
0.03221
0.03032
0.02805
0.02295
0.01477
0.00581
-0.00183
-0.00843
-0.01554
-0.02438
-0.03337
-0.03909
-0.0391
-0.03323
-0.02328
-0.0123
-0.00234
0.00533
0.00984
0.01066
0.00793
0.00277
-0.00311
-0.00872
-0.0138
-0.0187
-0.02397
-0.02986
-0.03602
-0.04205
-0.0483
-0.05514
-0.06152
-0.06578
-0.06746
-0.06698
-0.06494
-0.06169
-0.05727
-0.05196
-0.04649
-0.04144
-0.03814
-0.03718
-0.03696
-0.03468
-0.02856
-0.01917
-0.00877
0.00055
0.00788
0.01346
0.01879
0.02531
0.03319
0.04162
0.04927
0.05517
0.05895
0.06126
0.06312
0.06508
0.06675
0.06764
0.06855
0.06945
0.06919
0.06797
0.06684
0.06551
0.06311
0.06019
0.0593
0.06324
0.0726
0.08562
0.09882
0.10932
0.11598
0.11744
0.11233
0.10037
0.08246
0.06218
0.045
0.03508
0.03175
0.03086
0.0277
0.01972
0.00834
-0.00266
-0.01106
-0.0173
-0.02252
-0.02643
-0.02708
-0.02357
-0.01722
-0.01007
-0.0042
-0.00205
-0.0054
-0.01391
-0.02565
-0.03834
-0.04902
-0.05459
-0.0537
-0.04697
-0.03713
-0.02784
-0.02084
-0.01531
-0.00955
-0.00273
0.00439
0.00994
0.01206
0.00967
0.00309
-0.00647
-0.01644
-0.02449
-0.03014
-0.03341
-0.03502
-0.03707
-0.04156
-0.04864
-0.05657
-0.06189
-0.06168
-0.05566
-0.04673
-0.03867
-0.03361
-0.03182
-0.03248
-0.03521
-0.03972
-0.04556
-0.05128
-0.05558
-0.05819
-0.05896
-0.05704
-0.05208
-0.04496
-0.03746
-0.0309
-0.02642
-0.02553
-0.02881
-0.03546
-0.04392
-0.05212
-0.05794
-0.06
-0.05884
-0.0557
-0.05183
-0.04863
-0.04591
-0.04198
-0.03472
-0.02287
-0.00655
0.01314
0.03386
0.05165
0.06365
0.06986
0.07218
0.07247
0.07123
0.06732
0.05912
0.04736
0.03449
0.02259
0.01035
-0.00605
-0.02612
-0.04615
-0.06177
-0.07016
-0.07124
-0.06644
-0.05832
-0.04993
-0.04322
-0.03902
-0.03723
-0.03708
-0.03803
-0.03796
-0.03515
-0.02942
-0.02186
-0.0151
-0.01108
-0.00894
-0.00683
-0.00277
0.0039
0.01186
0.01848
0.02042
0.01591
0.00633
-0.00479
-0.01491
-0.02346
-0.03108
-0.03837
-0.04555
-0.05224
-0.05728
-0.05864
-0.05412
-0.04314
-0.02769
-0.01214
0.00004
0.00756
0.0106
0.00996
0.00681
0.00271
-0.00059
-0.00065
0.00374
0.01132
0.02042
0.02934
0.03671
0.04263
0.04846
0.05468
0.06109
0.06753
0.07328
0.07751
0.07975
0.07932
0.07572
0.0687
0.05851
0.04567
0.03132
0.01681
0.00349
-0.00802
-0.01713
-0.02392
-0.02788
-0.02744
-0.02008
-0.00342
0.0216
0.05004
0.0756
0.09309
0.0999
0.09717
0.08912
0.07905
0.06845
0.05772
0.04676
0.0373
0.03119
0.02856
0.02789
0.02748
0.02621
0.024
0.0216
0.01995
0.01905
0.01831
0.01745
0.01646
0.01614
0.01771
0.02171
0.02748
0.03356
0.03808
0.03945
0.03741
0.03293
0.02819
0.02571
0.02726
0.03205
0.03662
0.03742
0.03328
0.02579
0.01722
0.00943
0.00266
-0.00375
-0.00954
-0.01405
-0.0175
-0.02
-0.02089
-0.01957
-0.01633
-0.012
-0.00669
0.00038
0.00985
0.02154
0.03446
0.04676
0.05625
0.06134
0.06144
0.05689
0.04834
0.03682
0.02377
0.0105
-0.00138
-0.01073
-0.01735
-0.02144
-0.0232
-0.02238
-0.01866
-0.01246
-0.00442
0.00481
0.01372
0.01955
0.01947
0.01207
-0.00235
-0.02376
-0.05153
-0.08055
-0.10328
-0.11656
-0.12333
-0.12935
-0.13735
-0.14525
-0.14878
-0.14484
-0.13331
-0.11602
-0.09554
-0.07404
-0.05379
-0.03644
-0.02142
-0.00684
0.00794
0.02089
0.02905
0.02987
0.0223
0.00881
-0.00588
-0.01808
-0.02661
-0.03236
-0.03578
-0.03663
-0.03488
-0.03183
-0.02948
-0.02824
-0.02693
-0.02447
-0.01986
-0.01217
0.00004
0.01675
0.03627
0.05656
0.07556
0.09126
0.10226
0.10753
0.10654
0.09978
0.08908
0.07703
0.06622
0.05756
0.05181
0.04947
0.04902
0.04738
0.04212
0.03323
0.02349
0.01549
0.00964
0.00471
-0.00068
-0.00746
-0.01686
-0.03019
-0.04664
-0.06317
-0.07498
-0.07731
-0.06971
-0.05627
-0.04289
-0.03396
-0.0296
-0.0264
-0.02128
-0.01368
-0.00548
0.00071
0.00375
0.00426
0.00356
0.00417
0.00876
0.01803
0.02967
0.03992
0.04576
0.04731
0.0467
0.04661
0.04938
0.05596
0.06573
0.07603
0.08353
0.08631
0.08378
0.07595
0.06283
0.04414
0.02023
-0.00638
-0.03265
-0.05712
-0.07765
-0.09112
-0.09424
-0.08587
-0.06749
-0.04434
-0.02312
-0.00765
0.00154
0.00678
0.01219
0.02135
0.03567
0.05269
0.06789
0.07737
0.08004
0.07839
0.07648
0.07656
0.07835
0.08062
0.08131
0.07812
0.06932
0.0554
0.04001
0.02766
0.02088
0.02015
0.02385
0.02977
0.03633
0.04219
0.04618
0.04731
0.04519
0.04068
0.03583
0.03202
0.02832
0.02271
0.01403
0.0042
-0.00346
-0.00652
-0.00455
0.001
0.00729
0.01155
0.01254
0.01126
0.01037
0.01231
0.01851
0.02816
0.03973
0.05146
0.06154
0.06805
0.06917
0.06557
0.06058
0.05675
0.05322
0.04632
0.03309
0.01374
-0.00874
-0.02965
-0.04365
-0.04686
-0.03994
-0.02791
-0.01665
-0.0097
-0.0079
-0.01051
-0.01736
-0.0291
-0.04527
-0.06362
-0.08216
-0.09971
-0.11477
-0.12486
-0.12915
-0.12984
-0.12964
-0.1298
-0.1314
-0.13579
-0.14427
-0.15686
-0.17226
-0.18841
-0.20206
-0.21034
-0.21126
-0.20393
-0.18949
-0.17133
-0.15177
-0.13128
-0.11032
-0.09003
-0.07171
-0.056
-0.04392
-0.03604
-0.03148
-0.02848
-0.02563
-0.0223
-0.0192
-0.01777
-0.01923
-0.02396
-0.03227
-0.04338
-0.05535
-0.06579
-0.07251
-0.07377
-0.06916
-0.05946
-0.04557
-0.02704
-0.0029
0.02491
0.05281
0.07705
0.09528
0.10714
0.11262
0.11119
0.10266
0.08728
0.06547
0.03983
0.01391
-0.01028
-0.03166
-0.05044
-0.06745
-0.08297
-0.09688
-0.10877
-0.11774
-0.12387
-0.12897
-0.13512
-0.14375
-0.15389
-0.16198
-0.16465
-0.16093
-0.15201
-0.14102
-0.13115
-0.12387
-0.11933
-0.11716
-0.11606
-0.11278
-0.1033
-0.0856
-0.06089
-0.03324
-0.007
0.01474
0.0315
0.04471
0.05703
0.06914
0.07954
0.08662
0.0898
0.08978
0.08792
0.08554
0.08227
0.07743
0.07153
0.06451
0.05511
0.04243
0.02746
0.01291
0.00192
-0.00291
0.00106
0.01439
0.03384
0.05478
0.07313
0.08709
0.09661
0.10285
0.10881
0.11755
0.12938
0.14047
0.14654
0.14514
0.13659
0.12388
0.11023
0.09739
0.08658
0.0795
0.07767
0.08089
0.08648
0.09074
0.09024
0.08319
0.06922
0.04936
0.0263
0.00425
-0.0113
-0.01761
-0.01675
-0.0128
-0.00861
-0.00537
-0.00377
-0.00474
-0.00821
-0.01271
-0.01779
-0.02576
-0.03929
-0.05836
-0.08006
-0.09995
-0.11439
-0.12193
-0.12391
-0.12275
-0.1201
-0.11667
-0.11271
-0.10769
-0.10078
-0.09149
-0.07968
-0.06424
-0.04324
-0.0161
0.01339
0.04052
0.06238
0.07865
0.09029
0.09787
0.09962
0.09277
0.07498
0.04672
0.01404
-0.01487
-0.03453
-0.04378
-0.04608
-0.04723
-0.05216
-0.06251
-0.07691
-0.09267
-0.1065
-0.11579
-0.11988
-0.11999
-0.11807
-0.11461
-0.10844
-0.09889
-0.08674
-0.07423
-0.0641
-0.05792
-0.05519
-0.05391
-0.05183
-0.04759
-0.04117
-0.03326
-0.02552
-0.01958
-0.01633
-0.01705
-0.02221
-0.03106
-0.04238
-0.05505
-0.06716
-0.07586
-0.07762
-0.06951
-0.05131
-0.02393
0.0106
0.0456
0.07306
0.08926
0.09503
0.09316
0.0879
0.08457
0.08776
0.09861
0.11369
0.1275
0.1357
0.13618
0.1288
0.11565
0.10015
0.08646
0.07942
0.08314
0.09868
0.12238
0.14912
0.17251
0.18566
0.1832
0.16338
0.12868
0.0871
0.04644
0.01184
-0.01421
-0.03158
-0.04188
-0.04715
-0.04792
-0.04274
-0.02944
-0.00707
0.02069
0.04642
0.0637
0.07003
0.06726
0.06035
0.05338
0.04876
0.04909
0.05626
0.06972
0.08661
0.10329
0.11762
0.12894
0.13609
0.13744
0.13196
0.1201
0.10327
0.08494
0.06873
0.05343
0.03196
-0.00375
-0.05487
-0.11407
-0.17348
-0.22796
-0.27666
-0.32064
-0.35802
-0.38606
-0.40192
-0.40456
-0.39514
-0.37419
-0.34086
-0.29458
-0.23474
-0.16336
-0.08189
0.00468
0.08566
0.15295
0.20349
0.2383
0.26215
0.28092
0.29878
0.31649
0.33199
0.34303
0.34874
0.34843
0.34156
0.32821
0.30875
0.28161
0.24502
0.2007
0.15156
0.10263
0.05932
0.02273
-0.00921
-0.03529
-0.05178
-0.05619
-0.05061
-0.04025
-0.03011
-0.02322
-0.01964
-0.01636
-0.00955
0.00189
0.01537
0.02592
0.02977
0.02751
0.0229
0.01875
0.01545
0.01237
0.00946
0.00725
0.00621
0.0053
0.00353
0.00113
-0.00153
-0.00453
-0.00655
-0.00535
0.001
0.0132
0.02918
0.04444
0.05475
0.05797
0.05505
0.04851
0.04104
0.03496
0.03144
0.03093
0.03234
0.03241
0.02763
0.01626
-0.00118
-0.02452
-0.05224
-0.08063
-0.10822
-0.13711
-0.16806
-0.19887
-0.22711
-0.25368
-0.27992
-0.30414
-0.32331
-0.3352
-0.34039
-0.33992
-0.33454
-0.32578
-0.31512
-0.30279
-0.28663
-0.26524
-0.23882
-0.2082
-0.17722
-0.15051
-0.12665
-0.10321
-0.0794
-0.05631
-0.03427
-0.01245
0.00886
0.02717
0.03957
0.04614
0.04943
0.05116
0.05039
0.04503
0.0351
0.02306
0.01216
0.00498
0.00298
0.00697
0.01734
0.03304
0.05095
0.06707
0.0787
0.08432
0.08298
0.07465
0.06165
0.04704
0.03304
0.02
0.00766
-0.00139
-0.00209
0.0088
0.03039
0.05874
0.08798
0.11279
0.12996
0.13937
0.14124
0.13551
0.12349
0.10699
0.08931
0.07179
0.05212
0.02672
-0.00709
-0.04772
-0.09043
-0.12879
-0.15872
-0.18012
-0.19598
-0.2067
-0.21017
-0.20508
-0.19286
-0.17751
-0.16208
-0.14722
-0.13245
-0.11835
-0.10647
-0.0979
-0.09221
-0.08738
-0.08148
-0.07466
-0.0683
-0.06295
-0.05567
-0.04072
-0.01208
0.02977
0.07585
0.11363
0.13501
0.13912
0.12942
0.10982
0.08321
0.05299
0.02306
-0.00287
-0.0226
-0.03586
-0.04317
-0.04622
-0.04646
-0.04339
-0.03718
-0.02932
-0.02177
-0.01607
-0.01272
-0.01055
-0.00814
-0.00561
-0.00488
-0.00867
-0.01828
-0.03272
-0.04993
-0.06767
-0.08408
-0.09615
-0.10141
-0.1001
-0.0947
-0.08803
-0.08234
-0.07985
-0.08204
-0.08862
-0.09691
-0.10331
-0.10434
-0.09765
-0.08364
-0.06446
-0.04309
-0.02117
0.00128
0.02341
0.0427
0.05463
0.05543
0.04537
0.02868
0.01128
-0.00138
-0.0064
-0.00178
0.01196
0.03032
0.04836
0.06248
0.0704
0.07147
0.06749
0.06133
0.05588
0.05419
0.05905
0.07159
0.09172
0.11913
0.15173
0.1856
0.21982
0.25496
0.28965
0.31935
0.3414
0.35643
0.36642
0.37336
0.3775
0.3765
0.36825
0.35396
0.33504
0.30939
0.27382
0.23247
0.19016
0.14944
0.11191
0.07594
0.04009
0.00413
-0.03013
-0.05869
-0.07952
-0.09353
-0.10405
-0.11474
-0.12635
-0.13811
-0.1496
-0.16079
-0.17196
-0.1844
-0.19946
-0.21695
-0.23643
-0.25762
-0.28132
-0.3104
-0.34318
-0.37484
-0.40148
-0.42048
-0.43249
-0.43932
-0.43979
-0.43222
-0.41741
-0.39767
-0.3748
-0.35068
-0.32671
-0.3031
-0.28029
-0.2606
-0.24486
-0.23057
-0.21347
-0.1915
-0.16708
-0.14493
-0.1287
-0.12091
-0.1227
-0.13336
-0.1505
-0.16993
-0.18731
-0.20046
-0.20733
-0.20401
-0.18765
-0.15869
-0.12085
-0.08015
-0.04227
-0.01186
0.00878
0.02102
0.02815
0.03292
0.03736
0.04341
0.05267
0.06535
0.08084
0.09734
0.11175
0.12196
0.12827
0.13316
0.1386
0.14402
0.14689
0.14427
0.13537
0.12176
0.10509
0.08615
0.06542
0.04547
0.02881
0.0173
0.01205
0.01321
0.02111
0.03779
0.06472
0.10086
0.14352
0.18676
0.22561
0.25824
0.28609
0.31104
0.33351
0.35484
0.37629
0.39704
0.41489
0.42585
0.42454
0.40631
0.36388
0.28949
0.18953
0.0798
-0.01594
-0.0812
-0.11709
-0.13345
-0.13661
-0.1267
-0.10013
-0.05444
0.00715
0.08106
0.16084
0.23978
0.31068
0.36687
0.40542
0.42612
0.43
0.41947
0.39743
0.36669
0.32752
0.27862
0.22136
0.15907
0.08767
0.00377
-0.08793
-0.17969
-0.26777
-0.35183
-0.4285
-0.49339
-0.54259
-0.5753
-0.59329
-0.59568
-0.57972
-0.54227
-0.48281
-0.40912
-0.32408
-0.22589
-0.11741
-0.00494
0.09922
0.18858
0.25847
0.30766
0.33963
0.35851
0.36687
0.36624
0.3576
0.34169
0.31963
0.29434
0.27179
0.25703
0.24957
0.24391
0.2338
0.21398
0.17581
0.11049
0.0246
-0.07625
-0.18516
-0.29635
-0.40518
-0.50537
-0.59305
-0.66098
-0.70565
-0.72918
-0.7354
-0.72584
-0.703
-0.66953
-0.62775
-0.58368
-0.54328
-0.51006
-0.48351
-0.45996
-0.43637
-0.41094
-0.38273
-0.35279
-0.32064
-0.28555
-0.24803
-0.20794
-0.16575
-0.12277
-0.08082
-0.04256
-0.01055
0.01275
0.02738
0.03703
0.04877
0.06865
0.09798
0.13374
0.1693
0.19917
0.22376
0.247
0.27343
0.3018
0.32601
0.34189
0.34951
0.35196
0.35245
0.35335
0.35633
0.36193
0.3694
0.37773
0.38657
0.39621
0.40668
0.41733
0.4262
0.42943
0.42344
0.40852
0.38654
0.35793
0.32449
0.28757
0.24925
0.21639
0.19517
0.18556
0.1845
0.18884
0.19616
0.20492
0.21317
0.21765
0.21524
0.20494
0.18759
0.16347
0.13238
0.09814
0.06736
0.04404
0.02819
0.01856
0.01469
0.0168
0.0231
0.02904
0.02952
0.02063
-0.00142
-0.03603
-0.07734
-0.11839
-0.15664
-0.19384
-0.22904
-0.26008
-0.28187
-0.28829
-0.27411
-0.23484
-0.16744
-0.07693
0.02501
0.1203
0.20146
0.26907
0.32397
0.3633
0.38402
0.38546
0.36793
0.32998
0.26588
0.17354
0.06128
-0.05845
-0.17114
-0.26639
-0.33764
-0.38258
-0.40729
-0.41737
-0.41415
-0.3979
-0.36903
-0.32887
-0.28462
-0.24566
-0.21922
-0.2067
-0.20474
-0.21017
-0.2204
-0.23341
-0.24936
-0.26614
-0.27994
-0.28751
-0.28818
-0.28266
-0.27235
-0.25906
-0.24442
-0.22837
-0.20904
-0.18484
-0.15507
-0.11856
-0.07372
-0.0187
0.04252
0.09944
0.14303
0.1697
0.17971
0.17322
0.1475
0.09757
0.02282
-0.0632
-0.14761
-0.21953
-0.27296
-0.30985
-0.3345
-0.3498
-0.35785
-0.35926
-0.35298
-0.33662
-0.30628
-0.26162
-0.20883
-0.15396
-0.10102
-0.05035
-0.00037
0.04605
0.08405
0.11207
0.13031
0.14037
0.14419
0.14353
0.13899
0.12966
0.11471
0.09231
0.06121
0.02312
-0.01424
-0.04337
-0.06103
-0.06784
-0.06787
-0.06517
-0.06025
-0.05122
-0.03748
-0.0212
-0.00633
0.00406
0.00946
0.0098
0.00345
-0.01524
-0.05462
-0.11808
-0.19643
-0.27767
-0.35463
-0.42334
-0.48067
-0.52456
-0.55388
-0.56663
-0.55879
-0.52638
-0.46892
-0.38824
-0.2891
-0.18173
-0.07469
0.02713
0.11656
0.1895
0.24887
0.29894
0.34148
0.37697
0.40409
0.42251
0.43417
0.44096
0.44454
0.44536
0.44115
0.42982
0.41227
0.39309
0.37836
0.37142
0.37105
0.37631
0.38722
0.4034
0.42467
0.45027
0.47672
0.49866
0.51101
0.51052
0.49697
0.47095
0.43127
0.38127
0.32912
0.2829
0.24637
0.21685
0.19027
0.16635
0.14883
0.14163
0.14735
0.16598
0.19762
0.23931
0.28178
0.31328
0.32615
0.31959
0.29713
0.264
0.22323
0.17668
0.12245
0.05988
-0.00513
-0.06191
-0.10715
-0.14447
-0.17731
-0.20807
-0.23583
-0.25892
-0.27691
-0.28877
-0.29382
-0.29215
-0.28466
-0.27206
-0.25386
-0.22779
-0.1934
-0.15521
-0.11775
-0.08496
-0.05917
-0.0403
-0.02649
-0.01603
-0.00921
-0.00649
-0.00667
-0.00802
-0.00887
-0.00746
-0.00265
0.00515
0.01528
0.02826
0.04477
0.06502
0.08748
0.10998
0.13034
0.14603
0.15592
0.16109
0.16208
0.15755
0.14713
0.1311
0.10996
0.08708
0.06418
0.03927
0.00912
-0.02577
-0.06232
-0.09714
-0.12722
-0.15141
-0.1691
-0.18036
-0.18594
-0.18675
-0.18381
-0.17806
-0.16968
-0.15943
-0.14767
-0.13264
-0.11072
-0.07822
-0.03493
0.01484
0.06657
0.11544
0.15626
0.18612
0.20626
0.2209
0.23312
0.24351
0.25125
0.25597
0.25764
0.25744
0.25714
0.25723
0.25761
0.25811
0.25881
0.26102
0.26719
0.2789
0.29591
0.31575
0.33365
0.34655
0.35352
0.35383
0.34714
0.33391
0.31535
0.29389
0.27116
0.24308
0.20249
0.14415
0.07046
-0.01639
-0.11303
-0.21263
-0.31362
-0.41228
-0.50235
-0.57765
-0.63636
-0.68065
-0.71228
-0.73177
-0.741
-0.74287
-0.73985
-0.73268
-0.71977
-0.69598
-0.65772
-0.60602
-0.54771
-0.48872
-0.43242
-0.38024
-0.33239
-0.29051
-0.25645
-0.22871
-0.20297
-0.17553
-0.1445
-0.10891
-0.06711
-0.01843
0.0352
0.0904
0.1416
0.18434
0.21709
0.24215
0.26179
0.27572
0.2807
0.27345
0.25198
0.21671
0.17402
0.12974
0.08545
0.04379
0.00708
-0.02401
-0.05047
-0.07427
-0.09574
-0.11413
-0.1295
-0.14273
-0.15434
-0.1645
-0.17404
-0.18361
-0.19352
-0.203
-0.20978
-0.21096
-0.2047
-0.19036
-0.16756
-0.13635
-0.09703
-0.05078
-0.00037
0.04896
0.08979
0.11964
0.14189
0.16043
0.17812
0.1955
0.2089
0.21234
0.20256
0.18129
0.15186
0.11463
0.06983
0.01862
-0.03856
-0.09784
-0.1575
-0.21616
-0.27244
-0.32229
-0.36006
-0.38303
-0.38999
-0.38056
-0.35663
-0.3237
-0.28758
-0.24933
-0.20831
-0.16707
-0.12941
-0.09578
-0.06072
-0.01656
0.03715
0.09226
0.13992
0.17699
0.20509
0.22429
0.23266
0.22968
0.2194
0.20839
0.20001
0.19273
0.18438
0.17561
0.16881
0.16605
0.16831
0.17449
0.18181
0.1874
0.18925
0.18602
0.17638
0.16023
0.13735
0.10868
0.07708
0.04687
0.01891
-0.01051
-0.04523
-0.08118
-0.11015
-0.12954
-0.14305
-0.15418
-0.16211
-0.16363
-0.1571
-0.14287
-0.12179
-0.0953
-0.06418
-0.02841
0.00923
0.04421
0.07318
0.09457
0.10806
0.11467
0.11629
0.11511
0.11396
0.11634
0.12485
0.13968
0.15977
0.18162
0.19988
0.21044
0.21295
0.21078
0.20943
0.2134
0.22362
0.23718
0.25008
0.2596
0.26515
0.26693
0.26458
0.2568
0.24251
0.21812
0.1817
0.13741
0.09126
0.05037
0.02068
0.00299
-0.00578
-0.00933
-0.01108
-0.01342
-0.01735
-0.0232
-0.03261
-0.048
-0.0698
-0.09503
-0.11849
-0.13623
-0.14756
-0.15439
-0.15967
-0.16582
-0.17372
-0.18293
-0.19235
-0.2006
-0.20504
-0.2017
-0.18858
-0.16768
-0.14095
-0.11139
-0.0829
-0.05879
-0.04013
-0.02438
-0.0061
0.01804
0.04762
0.07883
0.10637
0.128
0.14584
0.16353
0.18228
0.20181
0.22198
0.2418
0.25962
0.27386
0.28465
0.29198
0.29526
0.29401
0.28863
0.28082
0.27253
0.26576
0.26203
0.2623
0.26672
0.27456
0.28417
0.29416
0.30298
0.31001
0.31649
0.32317
0.32936
0.33399
0.33621
0.3361
0.33466
0.33251
0.33005
0.32922
0.33211
0.33868
0.34687
0.35356
0.35543
0.34906
0.33209
0.30219
0.25659
0.19644
0.12499
0.04738
-0.02949
-0.10423
-0.17557
-0.23739
-0.28718
-0.32885
-0.3656
-0.39611
-0.41753
-0.42714
-0.42448
-0.41127
-0.38925
-0.35947
-0.32646
-0.29819
-0.27912
-0.26669
-0.25397
-0.23519
-0.20951
-0.17996
-0.14987
-0.12132
-0.09464
-0.06539
-0.02758
0.01834
0.06575
0.11035
0.14911
0.1795
0.19871
0.20326
0.19011
0.15697
0.10093
0.02514
-0.05587
-0.12284
-0.16536
-0.1842
-0.18216
-0.16054
-0.12109
-0.0667
-0.00465
0.05658
0.11181
0.157
0.18855
0.20541
0.20846
0.19963
0.18165
0.15781
0.13119
0.10248
0.07194
0.04191
0.01563
-0.0063
-0.0257
-0.04444
-0.06214
-0.07775
-0.09155
-0.10563
-0.12266
-0.14458
-0.17321
-0.21227
-0.26275
-0.31899
-0.37208
-0.41524
-0.44622
-0.46614
-0.47689
-0.47954
-0.47421
-0.46094
-0.44083
-0.41581
-0.38858
-0.36
-0.32768
-0.28627
-0.23256
-0.17069
-0.10768
-0.0469
0.00986
0.05883
0.09474
0.11509
0.12038
0.11248
0.09422
0.06865
0.04151
0.01968
0.00914
0.01307
0.03036
0.05705
0.08833
0.12113
0.15195
0.17884
0.20327
0.22666
0.2483
0.26783
0.28492
0.29975
0.31294
0.32384
0.33208
0.33766
0.34048
0.34065
0.33927
0.33664
0.3301
0.31631
0.29455
0.26689
0.23647
0.20502
0.17321
0.14118
0.10984
0.07887
0.04849
0.02199
0.00295
-0.00829
-0.01428
-0.01789
-0.02031
-0.02034
-0.01596
-0.0078
0.00095
0.0078
0.01193
0.01373
0.0136
0.01098
0.00515
-0.00467
-0.01883
-0.03624
-0.05458
-0.07167
-0.08595
-0.097
-0.10457
-0.10835
-0.10814
-0.10343
-0.09424
-0.08128
-0.06509
-0.04652
-0.02704
-0.00959
0.00244
0.0071
0.00498
-0.00238
-0.01363
-0.02679
-0.03881
-0.04642
-0.04858
-0.04679
-0.04311
-0.03893
-0.03482
-0.03124
-0.0294
-0.02983
-0.03158
-0.03246
-0.03006
-0.02347
-0.01422
-0.00385
0.00726
0.0189
0.03247
0.05082
0.07416
0.09899
0.12315
0.14683
0.16995
0.19354
0.21979
0.24922
0.28103
0.31554
0.35248
0.38867
0.4202
0.44481
0.46202
0.47168
0.47411
0.46982
0.46008
0.44657
0.42968
0.40851
0.38383
0.35821
0.33181
0.3023
0.26853
0.23242
0.19705
0.16253
0.12637
0.08818
0.04924
0.01142
-0.02584
-0.06139
-0.09023
-0.10928
-0.12056
-0.12859
-0.13608
-0.14408
-0.15365
-0.16525
-0.17723
-0.18748
-0.19442
-0.19657
-0.19329
-0.18545
-0.17519
-0.16483
-0.15555
-0.14837
-0.14397
-0.14274
-0.14525
-0.15211
-0.16371
-0.17868
-0.19463
-0.20963
-0.22229
-0.23064
-0.23227
-0.22511
-0.20749
-0.17838
-0.13981
-0.09499
-0.04545
0.00616
0.05781
0.10992
0.16346
0.21855
0.27202
0.31987
0.36268
0.4039
0.44412
0.47876
0.50374
0.51908
0.52618
0.52459
0.51337
0.49137
0.4575
0.41087
0.35512
0.2929
0.22586
0.1577
0.0917
0.03389
-0.00898
-0.03538
-0.05086
-0.06289
-0.07518
-0.08819
-0.10052
-0.11033
-0.11753
-0.12394
-0.13033
-0.13561
-0.13892
-0.14185
-0.1474
-0.15649
-0.16712
-0.17732
-0.18715
-0.1972
-0.20809
-0.21924
-0.22903
-0.23638
-0.23914
-0.23414
-0.21984
-0.19554
-0.16134
-0.12093
-0.07869
-0.03916
-0.00576
0.0209
0.04343
0.06493
0.08573
0.10328
0.11283
0.11001
0.09156
0.05462
-0.00244
-0.07253
-0.14223
-0.20566
-0.263
-0.31451
-0.35875
-0.393
-0.41552
-0.42776
-0.43288
-0.43328
-0.42873
-0.41737
-0.39727
-0.3688
-0.33243
-0.28806
-0.23615
-0.18079
-0.12912
-0.08728
-0.05726
-0.03654
-0.02067
-0.00615
0.00822
0.02138
0.03213
0.0395
0.04323
0.04433
0.04462
0.04595
0.04997
0.05677
0.06455
0.07071
0.07385
0.07431
0.0724
0.06788
0.06002
0.04796
0.03313
0.01944
0.01059
0.00896
0.01614
0.03206
0.05363
0.07519
0.0921
0.10249
0.10692
0.10728
0.10563
0.10309
0.10086
0.1001
0.10118
0.10334
0.10503
0.1058
0.10627
0.10771
0.11029
0.11197
0.10995
0.10343
0.09437
0.08573
0.07927
0.07433
0.06837
0.05894
0.04577
0.03036
0.01553
0.00351
-0.00625
-0.01658
-0.02907
-0.04256
-0.05441
-0.06277
-0.06845
-0.07301
-0.07644
-0.07536
-0.06596
-0.04798
-0.02431
0.00171
0.02665
0.04883
0.06739
0.08262
0.09616
0.10934
0.12267
0.1361
0.14825
0.15665
0.15901
0.15406
0.14136
0.12122
0.09409
0.06293
0.02958
-0.00678
-0.04449
-0.07858
-0.10508
-0.12434
-0.13898
-0.15074
-0.16027
-0.1679
-0.1739
-0.17815
-0.1796
-0.17679
-0.16913
-0.15644
-0.1393
-0.12015
-0.10226
-0.08939
-0.0836
-0.08418
-0.08897
-0.09604
-0.10349
-0.10892
-0.1111
-0.10964
-0.10505
-0.09896
-0.09261
-0.08703
-0.08326
-0.08229
-0.08521
-0.09188
-0.10003
-0.10691
-0.11051
-0.10931
-0.10148
-0.08545
-0.06004
-0.02491
0.0167
0.06323
0.11132
0.1549
0.19291
0.22622
0.25353
0.27394
0.28759
0.29579
0.30023
0.302
0.30118
0.29701
0.28835
0.27435
0.25432
0.22677
0.19001
0.14427
0.09322
0.0415
-0.00816
-0.05235
-0.08832
-0.11733
-0.14093
-0.1589
-0.17101
-0.17655
-0.17527
-0.16931
-0.16081
-0.15151
-0.14272
-0.13434
-0.12521
-0.11394
-0.09989
-0.08458
-0.07104
-0.06135
-0.05523
-0.05098
-0.04745
-0.04322
-0.03698
-0.02954
-0.02318
-0.01947
-0.0177
-0.01514
-0.00936
-0.0001
0.01033
0.01842
0.02179
0.02042
0.01523
0.00693
-0.00391
-0.01703
-0.03142
-0.04521
-0.05616
-0.06352
-0.06873
-0.07405
-0.08152
-0.09217
-0.10593
-0.12207
-0.14033
-0.15976
-0.17769
-0.19137
-0.20023
-0.20488
-0.20635
-0.20542
-0.20169
-0.19445
-0.18174
-0.16141
-0.13414
-0.10074
-0.06327
-0.02253
0.02077
0.06105
0.09395
0.1182
0.13483
0.14691
0.157
0.16518
0.16921
0.16802
0.16276
0.15477
0.14422
0.12732
0.10202
0.06927
0.0328
-0.00285
-0.03538
-0.06236
-0.08137
-0.09164
-0.09415
-0.08986
-0.07894
-0.06159
-0.03938
-0.01198
0.02167
0.05684
0.08743
0.10936
0.12181
0.12787
0.1315
0.13465
0.13694
0.13581
0.12915
0.11681
0.10007
0.07949
0.05556
0.02812
-0.00281
-0.03269
-0.05634
-0.07117
-0.07804
-0.08063
-0.08213
-0.08247
-0.07929
-0.06984
-0.05382
-0.03253
-0.00642
0.02172
0.04939
0.07639
0.10263
0.12749
0.14904
0.16468
0.17357
0.17709
0.17721
0.17522
0.17146
0.1664
0.16055
0.15423
0.14671
0.13501
0.11784
0.09719
0.07748
0.06276
0.05408
0.05017
0.04952
0.05225
0.05869
0.0676
0.07721
0.08555
0.09104
0.09297
0.09143
0.08713
0.08147
0.0765
0.07321
0.07067
0.06793
0.06444
0.06008
0.0552
0.04895
0.04047
0.02979
0.0165
-0.00063
-0.0244
-0.05348
-0.08561
-0.11856
-0.15099
-0.18276
-0.21387
-0.24267
-0.26628
-0.2835
-0.29522
-0.30314
-0.30753
-0.3071
-0.29986
-0.28459
-0.25981
-0.22542
-0.18389
-0.13892
-0.09539
-0.0568
-0.02351
0.00444
0.02788
0.04794
0.06469
0.07726
0.08454
0.08619
0.08293
0.07566
0.06425
0.0479
0.02631
-0.00061
-0.03113
-0.0628
-0.0935
-0.12053
-0.14068
-0.15246
-0.15631
-0.15353
-0.14548
-0.13405
-0.12176
-0.11121
-0.10423
-0.1018
-0.10442
-0.11113
-0.12065
-0.13262
-0.14573
-0.15808
-0.16881
-0.17824
-0.18657
-0.19306
-0.197
-0.19758
-0.1936
-0.18423
-0.16893
-0.14696
-0.11709
-0.08046
-0.04137
-0.00315
0.03229
0.06312
0.08939
0.11056
0.12538
0.13246
0.13068
0.11991
0.10055
0.07256
0.03775
0.00124
-0.03343
-0.06462
-0.09289
-0.11932
-0.14346
-0.16434
-0.181
-0.19261
-0.19905
-0.20046
-0.19754
-0.19236
-0.18709
-0.18204
-0.17601
-0.16874
-0.16185
-0.15724
-0.1559
-0.15736
-0.15941
-0.15976
-0.15814
-0.15662
-0.15868
-0.16591
-0.17681
-0.18822
-0.19701
-0.2012
-0.20063
-0.19677
-0.19168
-0.18628
-0.18042
-0.17397
-0.16759
-0.16178
-0.15621
-0.15037
-0.14432
-0.13764
-0.13028
-0.1232
-0.11779
-0.11509
-0.11458
-0.11431
-0.112
-0.10662
-0.09733
-0.08377
-0.06692
-0.04818
-0.02921
-0.0108
0.00695
0.02349
0.03767
0.04844
0.05568
0.06059
0.06529
0.07032
0.07376
0.07298
0.06686
0.0566
0.04472
0.03348
0.02413
0.0167
0.01123
0.00795
0.00635
0.00581
0.00602
0.00728
0.01022
0.01526
0.02257
0.03296
0.0478
0.06754
0.09287
0.12286
0.1558
0.18939
0.22175
0.25101
0.27527
0.29373
0.30599
0.31218
0.3122
0.30597
0.29459
0.28025
0.26493
0.24963
0.23517
0.2216
0.20813
0.19363
0.17619
0.15518
0.13158
0.10436
0.07383
0.04402
0.01993
0.00419
-0.00398
-0.00631
-0.0031
0.00616
0.01883
0.03086
0.04098
0.05013
0.05918
0.0686
0.07808
0.08666
0.09356
0.09859
0.10208
0.10387
0.10332
0.09959
0.09194
0.08083
0.06696
0.04954
0.02928
0.0085
-0.01205
-0.03148
-0.0477
-0.05936
-0.06741
-0.0728
-0.07561
-0.07522
-0.07148
-0.06524
-0.05742
-0.04845
-0.03819
-0.02619
-0.01262
0.00178
0.01542
0.02664
0.03427
0.03788
0.03782
0.03419
0.02705
0.01738
0.00595
-0.00625
-0.01839
-0.02974
-0.04042
-0.05148
-0.06382
-0.07711
-0.09034
-0.1017
-0.1102
-0.11661
-0.12207
-0.12646
-0.12959
-0.1315
-0.13107
-0.12631
-0.11573
-0.10018
-0.08168
-0.06175
-0.04134
-0.02018
0.00039
0.0173
0.02947
0.03874
0.04795
0.05846
0.0708
0.08505
0.10057
0.1162
0.13026
0.14159
0.15065
0.1576
0.16133
0.16021
0.15371
0.14329
0.13157
0.12069
0.1112
0.10302
0.09575
0.08911
0.08219
0.07398
0.06379
0.05141
0.0365
0.01789
-0.00478
-0.02903
-0.05336
-0.077
-0.09914
-0.11914
-0.13543
-0.14754
-0.15607
-0.16146
-0.16446
-0.1661
-0.1667
-0.16643
-0.16596
-0.16645
-0.16853
-0.17153
-0.17456
-0.17641
-0.17637
-0.17477
-0.17189
-0.16737
-0.16165
-0.15646
-0.15278
-0.15014
-0.14751
-0.1445
-0.14138
-0.13833
-0.13529
-0.13167
-0.12556
-0.11464
-0.09852
-0.07871
-0.05672
-0.03358
-0.00907
0.0166
0.04242
0.06656
0.08772
0.10575
0.12011
0.13025
0.13642
0.13843
0.13584
0.12938
0.12083
0.11234
0.10497
0.09813
0.0911
0.0842
0.07852
0.07439
0.07141
0.06928
0.06779
0.06692
0.06675
0.06739
0.06878
0.07055
0.07236
0.07363
0.07386
0.07289
0.07107
0.06936
0.06895
0.06987
0.07138
0.07305
0.07447
0.07576
0.07803
0.08113
0.08347
0.08419
0.08405
0.085
0.0884
0.0938
0.09942
0.10346
0.10551
0.1063
0.10648
0.10581
0.10398
0.10074
0.09569
0.08904
0.08087
0.07073
0.05914
0.04645
0.03102
0.01136
-0.01192
-0.03481
-0.05482
-0.07243
-0.09017
-0.11018
-0.13177
-0.15336
-0.17411
-0.1946
-0.21522
-0.23441
-0.25152
-0.26665
-0.27997
-0.29143
-0.3006
-0.30725
-0.31113
-0.31284
-0.31352
-0.31361
-0.31249
-0.30882
-0.30165
-0.29084
-0.27809
-0.26459
-0.2503
-0.23616
-0.22348
-0.21311
-0.20518
-0.1991
-0.19371
-0.18846
-0.18306
-0.17634
-0.16877
-0.16296
-0.16025
-0.16005
-0.16217
-0.16755
-0.17622
-0.18709
-0.19848
-0.2079
-0.21311
-0.21298
-0.20835
-0.20061
-0.18996
-0.17547
-0.15615
-0.13217
-0.10571
-0.07747
-0.04649
-0.01247
0.0228
0.05664
0.0885
0.11846
0.14508
0.1665
0.18176
0.19093
0.19527
0.19656
0.19615
0.1938
0.18873
0.1813
0.17268
0.16422
0.15656
0.14982
0.14386
0.1381
0.13321
0.13109
0.13248
0.1351
0.13595
0.1336
0.12855
0.12243
0.11674
0.11188
0.10773
0.10429
0.10157
0.09858
0.09287
0.08392
0.07385
0.06456
0.05618
0.04677
0.03563
0.02444
0.01556
0.01015
0.00675
0.00331
-0.0008
-0.00485
-0.00724
-0.00721
-0.00488
-0.00095
0.00368
0.00879
0.01472
0.02148
0.02832
0.03367
0.03686
0.03845
0.03924
0.03924
0.03785
0.03554
0.03262
0.02855
0.02259
0.01417
0.00417
-0.00651
-0.01743
-0.02801
-0.03762
-0.04636
-0.05518
-0.06529
-0.07686
-0.08896
-0.10009
-0.10975
-0.11794
-0.12497
-0.13199
-0.13951
-0.14715
-0.15465
-0.16132
-0.16723
-0.17277
-0.17731
-0.17951
-0.17854
-0.17491
-0.17006
-0.16569
-0.16371
-0.16474
-0.16733
-0.17013
-0.17242
-0.17347
-0.17307
-0.17195
-0.17005
-0.16517
-0.15526
-0.14038
-0.12161
-0.10036
-0.07732
-0.05224
-0.02435
0.00792
0.04319
0.07708
0.10535
0.12725
0.145
0.16074
0.17541
0.18806
0.19698
0.20265
0.20721
0.21192
0.21684
0.22101
0.22306
0.2223
0.21928
0.21567
0.21316
0.21227
0.2133
0.2154
0.2171
0.21813
0.21889
0.21851
0.21545
0.20881
0.19933
0.18891
0.17913
0.17043
0.16156
0.15076
0.13745
0.122
0.10606
0.09072
0.07522
0.05947
0.04466
0.03248
0.02431
0.01971
0.01753
0.01709
0.01811
0.02011
0.02168
0.02165
0.01991
0.01774
0.01682
0.01721
0.01728
0.01515
0.01064
0.00514
-0.00109
-0.00923
-0.01927
-0.02804
-0.03206
-0.02992
-0.02227
-0.01111
0.00155
0.01448
0.02593
0.03484
0.04231
0.04954
0.05635
0.06095
0.06188
0.05941
0.0546
0.04854
0.0417
0.03455
0.0272
0.01948
0.0115
0.00228
-0.00808
-0.01662
-0.02036
-0.01807
-0.01113
-0.00144
0.00964
0.02046
0.03135
0.04295
0.05412
0.06214
0.06536
0.06571
0.06658
0.07004
0.07489
0.07861
0.07971
0.07822
0.07502
0.07072
0.06504
0.05704
0.04669
0.03463
0.02143
0.0086
-0.00236
-0.01107
-0.01776
-0.02232
-0.02512
-0.02674
-0.02755
-0.02789
-0.02798
-0.02811
-0.02781
-0.02588
-0.02269
-0.01964
-0.01755
-0.01623
-0.01456
-0.01165
-0.00772
-0.00469
-0.00492
-0.00939
-0.01726
-0.02667
-0.03698
-0.04797
-0.05879
-0.06839
-0.07554
-0.07935
-0.07967
-0.07665
-0.07067
-0.06264
-0.05343
-0.04417
-0.03506
-0.02534
-0.01411
-0.00035
0.01515
0.03049
0.04515
0.05894
0.07135
0.0819
0.09085
0.09872
0.10613
0.11376
0.12194
0.13039
0.13851
0.14582
0.15236
0.1584
0.16395
0.16822
0.17037
0.17014
0.168
0.16467
0.16041
0.15579
0.15142
0.14772
0.14475
0.14222
0.14026
0.13901
0.13753
0.13472
0.13042
0.12564
0.12116
0.11681
0.11219
0.10756
0.10362
0.10079
0.0988
0.09728
0.09651
0.09676
0.0977
0.09834
0.09746
0.0942
0.0891
0.08296
0.07565
0.06712
0.05715
0.04545
0.03299
0.02084
0.01011
0.00121
-0.00662
-0.01366
-0.01915
-0.02223
-0.02302
-0.02233
-0.02006
-0.01558
-0.00898
-0.00103
0.0074
0.01569
0.02404
0.03325
0.04371
0.05405
0.06229
0.06788
0.07169
0.07456
0.07668
0.07767
0.07689
0.07429
0.07066
0.06743
0.06565
0.06564
0.06671
0.06774
0.06874
0.07028
0.07275
0.07576
0.07837
0.07955
0.07859
0.07522
0.06918
0.06056
0.05033
0.04043
0.03221
0.02466
0.01611
0.00616
-0.00494
-0.01584
-0.02578
-0.03469
-0.04268
-0.05027
-0.05655
-0.05996
-0.06037
-0.05877
-0.05593
-0.05211
-0.04761
-0.04285
-0.03835
-0.03465
-0.03146
-0.0284
-0.02563
-0.02393
-0.0236
-0.02411
-0.02428
-0.02304
-0.02015
-0.01636
-0.01269
-0.00924
-0.00446
0.00228
0.01039
0.01896
0.02681
0.03375
0.03981
0.04437
0.04633
0.04511
0.04134
0.03612
0.02963
0.02202
0.01371
0.00545
-0.00237
-0.00951
-0.01508
-0.01902
-0.02187
-0.0248
-0.02861
-0.0326
-0.03506
-0.03448
-0.03067
-0.02452
-0.01722
-0.00979
-0.00241
0.00507
0.01249
0.02009
0.02782
0.0353
0.04184
0.04658
0.04928
0.05117
0.05282
0.05331
0.0514
0.04667
0.04066
0.0349
0.02959
0.0247
0.02088
0.01888
0.01849
0.01932
0.02104
0.02311
0.02483
0.02565
0.02585
0.02596
0.02603
0.02581
0.02505
0.02389
0.02265
0.02159
0.02073
0.01936
0.01677
0.01277
0.00861
0.00553
0.00297
-0.00107
-0.00765
-0.01582
-0.02387
-0.03017
-0.03386
-0.03488
-0.03372
-0.03078
-0.02644
-0.02111
-0.01523
-0.00959
-0.00502
-0.00134
0.00275
0.00737
0.01141
0.01438
0.01691
0.01967
0.02253
0.02461
0.02548
0.02451
0.02178
0.01779
0.01299
0.00761
0.00173
-0.0044
-0.01036
-0.01599
-0.02129
-0.02606
-0.03036
-0.03543
-0.04212
-0.04969
-0.05647
-0.06176
-0.06601
-0.06918
-0.07082
-0.07048
-0.0682
-0.06451
-0.05945
-0.05297
-0.04475
-0.03463
-0.02328
-0.01076
0.00243
0.01444
0.0243
0.03205
0.03866
0.04459
0.04963
0.05334
0.05567
0.05666
0.05656
0.05568
0.05395
0.05125
0.04829
0.04581
0.04382
0.04172
0.03862
0.034
0.02792
0.02096
0.01354
0.00559
-0.00322
-0.0128
-0.02262
-0.03248
-0.04184
-0.04975
-0.05583
-0.06062
-0.06454
-0.06756
-0.06896
-0.06809
-0.06535
-0.06135
-0.05676
-0.05225
-0.04828
-0.04417
-0.0391
-0.03332
-0.02803
-0.02437
-0.02279
-0.02306
-0.02363
-0.02297
-0.02102
-0.01873
-0.01683
-0.01471
-0.01119
-0.00516
0.00404
0.0154
0.02708
0.03749
0.04582
0.05245
0.05821
0.06316
0.06674
0.06889
0.06999
0.07053
0.07054
0.06974
0.06801
0.06526
0.06112
0.05512
0.04689
0.03574
0.02189
0.00769
-0.0055
-0.01716
-0.02678
-0.03391
-0.03895
-0.04292
-0.04583
-0.04746
-0.048
-0.04756
-0.04611
-0.04365
-0.0405
-0.03729
-0.03435
-0.03155
-0.02883
-0.02676
-0.02598
-0.02672
-0.02902
-0.0332
-0.03984
-0.04902
-0.05999
-0.07231
-0.08633
-0.10157
-0.11642
-0.12904
-0.13913
-0.14738
-0.15435
-0.16035
-0.16589
-0.17118
-0.17582
-0.17886
-0.17986
-0.18012
-0.18103
-0.1831
-0.18547
-0.18661
-0.18605
-0.18468
-0.18351
-0.18266
-0.18147
-0.17977
-0.17753
-0.17514
-0.17307
-0.17161
-0.1707
-0.16982
-0.16818
-0.16528
-0.16074
-0.15474
-0.14804
-0.14133
-0.13491
-0.12906
-0.1243
-0.12008
-0.11498
-0.10824
-0.10102
-0.09503
-0.09048
-0.08688
-0.0841
-0.082
-0.08021
-0.07841
-0.07681
-0.07635
-0.07755
-0.08006
-0.08367
-0.08868
-0.09485
-0.10174
-0.10871
-0.11507
-0.12028
-0.1242
-0.12701
-0.12868
-0.12902
-0.12803
-0.12508
-0.11959
-0.11207
-0.10349
-0.09448
-0.08574
-0.0776
-0.0698
-0.06237
-0.05589
-0.05091
-0.04741
-0.04473
-0.04229
-0.03927
-0.03507
-0.02947
-0.02296
-0.01687
-0.01207
-0.00787
-0.00333
0.00177
0.0065
0.01023
0.01306
0.01494
0.01529
0.01368
0.01023
0.00539
-0.00009
-0.0058
-0.01167
-0.01756
-0.02297
-0.02717
-0.02977
-0.03098
-0.03126
-0.03087
-0.02974
-0.02764
-0.02418
-0.01922
-0.01271
-0.00469
0.00382
0.01152
0.01759
0.02234
0.02701
0.03236
0.038
0.04275
0.04594
0.04742
0.04734
0.04656
0.04557
0.04442
0.04339
0.04255
0.04182
0.04142
0.0418
0.04347
0.04663
0.05098
0.05626
0.06193
0.06739
0.07304
0.07937
0.08612
0.09318
0.10012
0.1063
0.11166
0.11638
0.12108
0.12578
0.13015
0.13389
0.13653
0.13765
0.13702
0.13471
0.13073
0.12504
0.11784
0.10954
0.10082
0.09187
0.08262
0.07351
0.0651
0.05757
0.0505
0.04359
0.0369
0.03131
0.02784
0.02628
0.02572
0.02573
0.02619
0.02714
0.02852
0.03024
0.03205
0.0335
0.03403
0.03352
0.03191
0.0293
0.02605
0.02229
0.01816
0.01355
0.0085
0.00384
0.00011
-0.00307
-0.00618
-0.00899
-0.01141
-0.01348
-0.01476
-0.01466
-0.01307
-0.01071
-0.00863
-0.0076
-0.00783
-0.00911
-0.01101
-0.01322
-0.01625
-0.02089
-0.02659
-0.03225
-0.03785
-0.04346
-0.04834
-0.05164
-0.05319
-0.0547
-0.05733
-0.06036
-0.06237
-0.06226
-0.05979
-0.0555
-0.0504
-0.0457
-0.04119
-0.03648
-0.03184
-0.02756
-0.02345
-0.01932
-0.01532
-0.01183
-0.00893
-0.00632
-0.00355
-0.00039
0.00273
0.00492
0.00615
0.00712
0.00864
0.01106
0.01444
0.01852
0.02282
0.02715
0.0315
0.03566
0.03952
0.04295
0.04513
0.04573
0.04482
0.04267
0.03959
0.03542
0.02988
0.02339
0.0168
0.01106
0.00667
0.00366
0.00149
-0.00042
-0.00227
-0.00432
-0.00591
-0.00604
-0.00387
0.00013
0.00483
0.00941
0.01343
0.01682
0.01955
0.02235
0.02538
0.02778
0.02865
0.02829
0.02784
0.02811
0.02944
0.03163
0.03452
0.03835
0.04316
0.04854
0.05412
0.0595
0.0647
0.06999
0.07498
0.07933
0.08322
0.08692
0.09042
0.09349
0.09594
0.09724
0.09703
0.09554
0.09277
0.08887
0.08442
0.07992
0.07551
0.07092
0.06635
0.06248
0.05933
0.05589
0.05173
0.04768
0.04419
0.04064
0.03595
0.0294
0.02198
0.0153
0.01031
0.0062
0.00219
-0.00191
-0.00548
-0.00754
-0.0075
-0.00535
-0.00171
0.00264
0.00721
0.01122
0.01435
0.01659
0.01783
0.01805
0.01745
0.01575
0.01192
0.00578
-0.00139
-0.00759
-0.01159
-0.01413
-0.01638
-0.01946
-0.02419
-0.03037
-0.03732
-0.04495
-0.05328
-0.0626
-0.0726
-0.08257
-0.09189
-0.10092
-0.10972
-0.11802
-0.12529
-0.13186
-0.13831
-0.14405
-0.1486
-0.15189
-0.15382
-0.15463
-0.15467
-0.15419
-0.15311
-0.15166
-0.14945
-0.14623
-0.14214
-0.13779
-0.1336
-0.12949
-0.12518
-0.12024
-0.11475
-0.10922
-0.10387
-0.09867
-0.09321
-0.08775
-0.08287
-0.07853
-0.07427
-0.06952
-0.06466
-0.06078
-0.05796
-0.05542
-0.05282
-0.05054
-0.04912
-0.04884
-0.04965
-0.05114
-0.05318
-0.05532
-0.05656
-0.05674
-0.05632
-0.05539
-0.05369
-0.05077
-0.04706
-0.04322
-0.03904
-0.03409
-0.02795
-0.0208
-0.01295
-0.00334
0.00814
0.0196
0.02951
0.03786
0.04544
0.05262
0.05928
0.06505
0.06905
0.07054
0.0699
0.06862
0.06758
0.06666
0.06551
0.06385
0.06186
0.0602
0.05948
0.05983
0.06123
0.06357
0.06676
0.07078
0.07531
0.0796
0.08348
0.0881
0.09388
0.10021
0.10604
0.11074
0.11478
0.11911
0.12426
0.13021
0.13613
0.1415
0.14583
0.14863
0.14975
0.14974
0.14928
0.14874
0.14854
0.14903
0.1504
0.15304
0.157
0.16138
0.16562
0.16954
0.17302
0.17573
0.17711
0.177
0.17567
0.17374
0.17129
0.16863
0.16592
0.16314
0.16041
0.15783
0.15562
0.15333
0.15048
0.14718
0.14343
0.13914
0.13381
0.12709
0.11853
0.10814
0.0971
0.08671
0.07716
0.06826
0.05971
0.05198
0.04567
0.0406
0.03639
0.03334
0.03187
0.03171
0.033
0.03619
0.0411
0.04741
0.0547
0.06222
0.06975
0.07758
0.08553
0.09277
0.09864
0.10342
0.10753
0.11119
0.11382
0.11407
0.11146
0.10705
0.10182
0.09605
0.08996
0.08406
0.07894
0.07458
0.07017
0.06522
0.06016
0.05628
0.05418
0.05335
0.05274
0.05136
0.04913
0.04625
0.04293
0.03921
0.03474
0.02911
0.022
0.01342
0.00441
-0.00404
-0.01175
-0.0193
-0.02784
-0.03761
-0.04807
-0.05791
-0.06601
-0.07252
-0.07831
-0.08383
-0.08825
-0.09086
-0.0919
-0.09185
-0.09112
-0.09006
-0.0894
-0.08904
-0.08823
-0.08655
-0.0842
-0.08165
-0.07938
-0.07803
-0.07765
-0.0776
-0.07781
-0.07863
-0.08031
-0.08296
-0.08619
-0.08916
-0.09159
-0.09405
-0.09722
-0.10114
-0.1055
-0.10965
-0.11323
-0.1167
-0.12008
-0.12233
-0.12258
-0.12071
-0.11758
-0.11369
-0.10923
-0.10427
-0.0987
-0.09254
-0.08622
-0.07971
-0.07296
-0.06592
-0.05893
-0.05239
-0.04568
-0.03841
-0.0306
-0.02235
-0.0142
-0.00583
0.00306
0.01217
0.02106
0.02898
0.03553
0.041
0.04582
0.05041
0.05447
0.05777
0.06011
0.06136
0.06081
0.05837
0.05548
0.05392
0.05435
0.05619
0.05834
0.06034
0.06246
0.06506
0.06824
0.07175
0.07519
0.07805
0.07986
0.08086
0.08158
0.08169
0.08051
0.07773
0.07352
0.06829
0.06179
0.05395
0.04624
0.04042
0.03664
0.03342
0.02945
0.02408
0.01721
0.00953
0.0021
-0.00436
-0.01022
-0.0162
-0.0226
-0.02925
-0.03573
-0.04204
-0.04783
-0.05294
-0.0571
-0.06037
-0.06278
-0.06403
-0.06395
-0.06224
-0.05801
-0.05065
-0.04019
-0.0267
-0.00998
0.00963
0.03041
0.0493
0.06775
0.08698
0.10577
0.12236
0.13597
0.14665
0.15453
0.15941
0.16142
0.16093
0.1578
0.15179
0.14355
0.13363
0.12136
0.10678
0.09001
0.07135
0.05202
0.03369
0.01723
0.00208
-0.01252
-0.02657
-0.03926
-0.04979
-0.05838
-0.06584
-0.07251
-0.07847
-0.08357
-0.08833
-0.09246
-0.09465
-0.09533
-0.09566
-0.09585
-0.09558
-0.09444
-0.09239
-0.0897
-0.0864
-0.08273
-0.07934
-0.07692
-0.07533
-0.07378
-0.07193
-0.0699
-0.06771
-0.06562
-0.06452
-0.06522
-0.06764
-0.07144
-0.07616
-0.08154
-0.08732
-0.09356
-0.09997
-0.10533
-0.1089
-0.11109
-0.11249
-0.11372
-0.11498
-0.11611
-0.11703
-0.11746
-0.11635
-0.11303
-0.10744
-0.10036
-0.09286
-0.08565
-0.0792
-0.07368
-0.06884
-0.06433
-0.06001
-0.05656
-0.05476
-0.05509
-0.05742
-0.06081
-0.06478
-0.0688
-0.07262
-0.07588
-0.07787
-0.07844
-0.07825
-0.07792
-0.07754
-0.07729
-0.07743
-0.07809
-0.07903
-0.08004
-0.08109
-0.08247
-0.08433
-0.0861
-0.08743
-0.08852
-0.08988
-0.09123
-0.09187
-0.09177
-0.09115
-0.08933
-0.08606
-0.08148
-0.07594
-0.06939
-0.06233
-0.05536
-0.04851
-0.04184
-0.03612
-0.0319
-0.02877
-0.02587
-0.02326
-0.0212
-0.01989
-0.0196
-0.02028
-0.02141
-0.02231
-0.0232
-0.02486
-0.02692
-0.02821
-0.02741
-0.02431
-0.0206
-0.01805
-0.01686
-0.01573
-0.01322
-0.00739
0.00296
0.01629
0.02986
0.04288
0.0556
0.0685
0.08196
0.09544
0.10794
0.11851
0.12669
0.13217
0.13513
0.13624
0.13575
0.13341
0.12945
0.12419
0.11772
0.11047
0.1027
0.09432
0.08537
0.07616
0.06686
0.05703
0.0468
0.03792
0.03146
0.02716
0.0242
0.02121
0.01694
0.01137
0.0056
0.0009
-0.00237
-0.00492
-0.00795
-0.0127
-0.01958
-0.02802
-0.03598
-0.04161
-0.04523
-0.04845
-0.05224
-0.0563
-0.05988
-0.06224
-0.06286
-0.06208
-0.06069
-0.05892
-0.05651
-0.05318
-0.04883
-0.04409
-0.04015
-0.03801
-0.03831
-0.04046
-0.04235
-0.04159
-0.03811
-0.03382
-0.0308
-0.03003
-0.03097
-0.03231
-0.03325
-0.03361
-0.03394
-0.03441
-0.03463
-0.03447
-0.03407
-0.03348
-0.03262
-0.03154
-0.03088
-0.03132
-0.03257
-0.03407
-0.03577
-0.03769
-0.03961
-0.04178
-0.04458
-0.04783
-0.05075
-0.05317
-0.05542
-0.05696
-0.05746
-0.05852
-0.06193
-0.06728
-0.07185
-0.07218
-0.06805
-0.06311
-0.06183
-0.06605
-0.07386
-0.08167
-0.08724
-0.09076
-0.0938
-0.09722
-0.10113
-0.10533
-0.10946
-0.11298
-0.11519
-0.11659
-0.11816
-0.11982
-0.11953
-0.11464
-0.10489
-0.09259
-0.08027
-0.06853
-0.05675
-0.04484
-0.03312
-0.02187
-0.00963
0.00462
0.01996
0.03447
0.04623
0.055
0.06207
0.06845
0.07435
0.07874
0.08088
0.08126
0.08081
0.08047
0.0801
0.07912
0.07692
0.07313
0.06827
0.06294
0.05739
0.05117
0.04399
0.03617
0.02844
0.02154
0.01541
0.00983
0.00471
0.0005
-0.00234
-0.0041
-0.0053
-0.00624
-0.00669
-0.00651
-0.0063
-0.00723
-0.00976
-0.01339
-0.01774
-0.02334
-0.03027
-0.03748
-0.04321
-0.04713
-0.05029
-0.05303
-0.0552
-0.05634
-0.0569
-0.05771
-0.05896
-0.05982
-0.05979
-0.0595
-0.05969
-0.06017
-0.06042
-0.06044
-0.06089
-0.06207
-0.06381
-0.06609
-0.06839
-0.07019
-0.07133
-0.07207
-0.0729
-0.07406
-0.07556
-0.07723
-0.07839
-0.07891
-0.07985
-0.08176
-0.08381
-0.08455
-0.08329
-0.08038
-0.07687
-0.07335
-0.06976
-0.06614
-0.06282
-0.05975
-0.05697
-0.05464
-0.05274
-0.05133
-0.05051
-0.05032
-0.05037
-0.04946
-0.04755
-0.04627
-0.04742
-0.05094
-0.05462
-0.05607
-0.05473
-0.05205
-0.05
-0.04918
-0.04919
-0.04919
-0.04827
-0.04588
-0.04227
-0.03795
-0.03339
-0.02895
-0.0246
-0.02013
-0.01558
-0.01117
-0.0069
-0.00217
0.00303
0.00734
0.00935
0.00937
0.00882
0.00858
0.00894
0.01087
0.01518
0.02144
0.02878
0.03656
0.04423
0.05192
0.06023
0.06914
0.07854
0.08844
0.09845
0.10778
0.1156
0.1222
0.12812
0.13341
0.13769
0.14107
0.14353
0.14479
0.14491
0.14411
0.14274
0.14133
0.14022
0.13914
0.13769
0.13613
0.13511
0.13483
0.13504
0.13596
0.13762
0.13926
0.14011
0.14044
0.14146
0.14424
0.14812
0.15083
0.1511
0.14915
0.14571
0.14208
0.13958
0.13916
0.14127
0.14405
0.14324
0.13617
0.12358
0.10861
0.09504
0.08524
0.07799
0.07073
0.06163
0.05131
0.04127
0.03246
0.02525
0.01932
0.01451
0.01088
0.00851
0.00735
0.00613
0.0029
-0.00194
-0.0055
-0.00574
-0.00363
-0.00038
0.00407
0.00943
0.01488
0.01994
0.02468
0.02995
0.03634
0.04316
0.04975
0.05596
0.06222
0.06795
0.07249
0.0758
0.07786
0.07852
0.07776
0.07545
0.07123
0.06558
0.05953
0.05346
0.04757
0.04207
0.03709
0.03342
0.03175
0.03188
0.03242
0.03198
0.03006
0.02692
0.02306
0.01973
0.01857
0.01985
0.02197
0.02315
0.02344
0.0241
0.02543
0.02658
0.02649
0.02549
0.02565
0.02954
0.0374
0.04631
0.05296
0.05625
0.0576
0.05885
0.06008
0.05999
0.05739
0.0524
0.04605
0.03949
0.03367
0.02828
0.02327
0.0191
0.0154
0.01189
0.00854
0.00479
0.00041
-0.00415
-0.00822
-0.01182
-0.01585
-0.02025
-0.02416
-0.02736
-0.03023
-0.03361
-0.03795
-0.04233
-0.04555
-0.04711
-0.04722
-0.04593
-0.04294
-0.03858
-0.03427
-0.03019
-0.02549
-0.01988
-0.01371
-0.00786
-0.00324
-0.0002
0.00131
0.00152
0.0001
-0.00303
-0.00719
-0.01157
-0.01592
-0.02092
-0.02648
-0.03177
-0.03603
-0.03845
-0.0388
-0.03685
-0.03284
-0.02837
-0.02501
-0.02386
-0.02488
-0.02733
-0.03058
-0.03453
-0.03856
-0.04179
-0.04407
-0.0463
-0.04996
-0.05546
-0.06205
-0.06827
-0.0732
-0.07708
-0.08073
-0.08468
-0.08839
-0.09111
-0.09251
-0.09274
-0.092
-0.09068
-0.08861
-0.08529
-0.08044
-0.07432
-0.06778
-0.06154
-0.05576
-0.05018
-0.04425
-0.03776
-0.03198
-0.02904
-0.02939
-0.03219
-0.03605
-0.03973
-0.04342
-0.04736
-0.05057
-0.05198
-0.05143
-0.04914
-0.04529
-0.04019
-0.03432
-0.02766
-0.02022
-0.01178
-0.00222
0.00781
0.01702
0.02444
0.02996
0.03366
0.03565
0.03648
0.03672
0.03633
0.03547
0.03451
0.03392
0.0339
0.03376
0.03281
0.03146
0.03027
0.0296
0.02972
0.03015
0.02991
0.02846
0.02611
0.02378
0.02234
0.02183
0.02201
0.02317
0.02542
0.02923
0.03471
0.04141
0.04881
0.05677
0.06579
0.07527
0.08325
0.08807
0.09036
0.09243
0.09617
0.10173
0.10784
0.11296
0.11648
0.11883
0.12058
0.12198
0.1236
0.12575
0.12806
0.12968
0.13008
0.12873
0.12564
0.12137
0.1165
0.11135
0.10554
0.09901
0.09133
0.08243
0.0733
0.06399
0.05467
0.04668
0.04075
0.03593
0.03082
0.0252
0.01987
0.0159
0.01467
0.017
0.02237
0.02876
0.03403
0.03722
0.039
0.04043
0.04202
0.04267
0.04002
0.03313
0.02367
0.01451
0.00814
0.0046
0.00186
-0.00165
-0.00633
-0.01143
-0.01601
-0.02051
-0.02641
-0.03404
-0.04217
-0.04861
-0.05247
-0.0547
-0.05817
-0.06476
-0.07346
-0.08211
-0.08889
-0.09301
-0.09595
-0.09917
-0.10203
-0.10282
-0.10075
-0.09673
-0.09262
-0.08938
-0.08719
-0.08557
-0.08384
-0.08164
-0.07894
-0.07627
-0.07427
-0.07344
-0.07374
-0.07453
-0.07542
-0.07595
-0.07582
-0.07502
-0.07364
-0.07164
-0.06866
-0.06406
-0.05757
-0.04953
-0.04108
-0.03351
-0.02748
-0.0219
-0.0137
-0.0014
0.01326
0.02736
0.03912
0.04877
0.05685
0.06288
0.06613
0.06717
0.0678
0.069
0.07019
0.07034
0.06967
0.06952
0.07036
0.07174
0.07314
0.07426
0.075
0.07569
0.07633
0.07628
0.07527
0.0736
0.0719
0.0705
0.06891
0.0668
0.06477
0.06316
0.06186
0.06082
0.05987
0.05893
0.05851
0.059
0.05986
0.06066
0.06167
0.06292
0.06441
0.06619
0.06815
0.06986
0.07087
0.07124
0.07176
0.07309
0.07453
0.07403
0.07011
0.06444
0.06064
0.0607
0.06298
0.06434
0.06304
0.05921
0.05446
0.05029
0.04708
0.0446
0.04255
0.04061
0.03892
0.03767
0.03699
0.03639
0.0355
0.03456
0.03399
0.03402
0.03402
0.03298
0.03059
0.02748
0.0248
0.0235
0.02355
0.02391
0.02369
0.02328
0.02366
0.02531
0.02808
0.03137
0.03532
0.03978
0.04352
0.04465
0.04241
0.03902
0.0373
0.03804
0.03953
0.03897
0.03496
0.02844
0.02203
0.01782
0.01573
0.01434
0.01278
0.0111
0.00937
0.00803
0.00779
0.00921
0.01217
0.01595
0.0198
0.02344
0.02675
0.02959
0.03192
0.03375
0.03503
0.03541
0.03467
0.03245
0.0286
0.02394
0.01909
0.014
0.00797
0.00102
-0.0064
-0.01398
-0.02133
-0.02788
-0.03364
-0.03903
-0.0441
-0.04875
-0.05289
-0.0564
-0.05982
-0.06389
-0.0685
-0.07309
-0.07747
-0.08181
-0.08596
-0.08976
-0.09342
-0.09671
-0.09903
-0.10054
-0.10187
-0.10336
-0.10509
-0.10716
-0.10958
-0.11188
-0.11351
-0.11414
-0.11387
-0.11304
-0.11185
-0.11026
-0.10842
-0.10676
-0.10546
-0.10438
-0.10362
-0.10313
-0.10291
-0.1032
-0.10424
-0.10572
-0.10648
-0.10598
-0.10531
-0.10553
-0.10704
-0.10927
-0.1108
-0.11086
-0.1097
-0.10802
-0.10601
-0.10382
-0.1013
-0.09815
-0.09386
-0.08853
-0.08244
-0.07586
-0.06909
-0.06278
-0.05718
-0.05164
-0.04585
-0.04019
-0.03551
-0.03261
-0.0311
-0.03
-0.02817
-0.02489
-0.02066
-0.01655
-0.01385
-0.0129
-0.01262
-0.01232
-0.01139
-0.00987
-0.00891
-0.00926
-0.01034
-0.01118
-0.01119
-0.01026
-0.00888
-0.00798
-0.00802
-0.00838
-0.00831
-0.00758
-0.00702
-0.00713
-0.00786
-0.00862
-0.00899
-0.00941
-0.01046
-0.01193
-0.01322
-0.01433
-0.01611
-0.01908
-0.02323
-0.02802
-0.03301
-0.03786
-0.04265
-0.04764
-0.05285
-0.05777
-0.06205
-0.06552
-0.06782
-0.06881
-0.0692
-0.06972
-0.07009
-0.06933
-0.0673
-0.06471
-0.06189
-0.05877
-0.05524
-0.0513
-0.04719
-0.0432
-0.03951
-0.03611
-0.03285
-0.02993
-0.02708
-0.0237
-0.02006
-0.0166
-0.01323
-0.00968
-0.00596
-0.00242
0.00114
0.00455
0.00735
0.00926
0.01021
0.00988
0.00805
0.00509
0.00136
-0.00244
-0.00545
-0.00748
-0.00848
-0.00912
-0.00958
-0.00928
-0.00818
-0.00682
-0.0056
-0.0047
-0.00411
-0.0036
-0.00337
-0.00337
-0.00325
-0.00293
-0.00275
-0.00317
-0.00439
-0.0062
-0.00753
-0.0075
-0.0061
-0.00456
-0.00416
-0.00474
-0.00573
-0.00663
-0.00728
-0.00828
-0.01034
-0.013
-0.01544
-0.01757
-0.02055
-0.02491
-0.0297
-0.03409
-0.03799
-0.04117
-0.04305
-0.04383
-0.04385
-0.04323
-0.04233
-0.04122
-0.03988
-0.03805
-0.03544
-0.03206
-0.02845
-0.02526
-0.02238
-0.01965
-0.01702
-0.01436
-0.01204
-0.01022
-0.00863
-0.00714
-0.00575
-0.00425
-0.00249
-0.00081
0.00053
0.00176
0.0032
0.00473
0.00603
0.00689
0.00766
0.0088
0.0102
0.01206
0.01451
0.01709
0.01949
0.02184
0.02449
0.02704
0.029
0.03051
0.03152
0.03162
0.0311
0.03022
0.02866
0.02639
0.02354
0.01987
0.01556
0.01119
0.00751
0.00498
0.00273
-0.00058
-0.00495
-0.00887
-0.01149
-0.01303
-0.01403
-0.01416
-0.01328
-0.01197
-0.01064
-0.00947
-0.00801
-0.00601
-0.00364
-0.00093
0.00205
0.0045
0.00565
0.00538
0.00434
0.00313
0.00181
-0.00038
-0.00372
-0.00738
-0.00973
-0.00995
-0.00859
-0.0073
-0.00727
-0.00797
-0.0087
-0.00881
-0.00798
-0.00665
-0.00575
-0.00556
-0.00507
-0.00358
-0.00165
-0.00021
0.00022
-0.00031
-0.00127
-0.00257
-0.00449
-0.0073
-0.01063
-0.01433
-0.01824
-0.02208
-0.02562
-0.02874
-0.03138
-0.0339
-0.03615
-0.03792
-0.03933
-0.04058
-0.0417
-0.04236
-0.0425
-0.04226
-0.0421
-0.04247
-0.04333
-0.04426
-0.04495
-0.04581
-0.04695
-0.04814
-0.04931
-0.05077
-0.05243
-0.05395
-0.05562
-0.05735
-0.05866
-0.05906
-0.05853
-0.05782
-0.05746
-0.05718
-0.05649
-0.05541
-0.05397
-0.05226
-0.05055
-0.04908
-0.04764
-0.04618
-0.04462
-0.04286
-0.04082
-0.03858
-0.03624
-0.03375
-0.03073
-0.02671
-0.0221
-0.01843
-0.01671
-0.01613
-0.01519
-0.01301
-0.00996
-0.0072
-0.00532
-0.00365
-0.00183
0.00013
0.00198
0.00381
0.00591
0.00816
0.0111
0.01467
0.01784
0.02014
0.02237
0.02526
0.02873
0.03198
0.03425
0.03567
0.03728
0.03978
0.04275
0.04545
0.04759
0.04928
0.0508
0.05239
0.0547
0.05762
0.06061
0.06393
0.06752
0.07123
0.07503
0.07913
0.08349
0.08767
0.0911
0.09394
0.09671
0.09947
0.10186
0.10403
0.10627
0.10849
0.11057
0.11253
0.1145
0.11643
0.11823
0.12028
0.12237
0.12381
0.12484
0.12593
0.12709
0.12818
0.12908
0.12941
0.12873
0.127
0.12407
0.12016
0.11554
0.1103
0.10452
0.09844
0.09258
0.0869
0.08132
0.076
0.07095
0.06592
0.06149
0.05807
0.05558
0.05419
0.05357
0.0534
0.05311
0.0523
0.0514
0.05104
0.05135
0.05171
0.05139
0.05037
0.04862
0.04622
0.04323
0.04008
0.03716
0.0348
0.03283
0.02982
0.02512
0.01984
0.0152
0.01201
0.01002
0.0084
0.00631
0.00357
0.00127
0.00046
0.00143
0.0034
0.00536
0.00615
0.00574
0.0051
0.0049
0.005
0.00508
0.00464
0.00369
0.00202
-0.00101
-0.00487
-0.00771
-0.00833
-0.00751
-0.0074
-0.00907
-0.01126
-0.01249
-0.0133
-0.01445
-0.01598
-0.01795
-0.02031
-0.02247
-0.02363
-0.02393
-0.0243
-0.02519
-0.02603
-0.02622
-0.02621
-0.02678
-0.02816
-0.02995
-0.03161
-0.03274
-0.03351
-0.03459
-0.03651
-0.03846
-0.03934
-0.03917
-0.03846
-0.03746
-0.03644
-0.03567
-0.03531
-0.0354
-0.03577
-0.03602
-0.0362
-0.03646
-0.03666
-0.03648
-0.03594
-0.03531
-0.03484
-0.03481
-0.03527
-0.03551
-0.035
-0.03407
-0.0331
-0.03216
-0.03108
-0.02997
-0.02851
-0.02641
-0.02387
-0.02143
-0.01926
-0.0168
-0.01374
-0.00997
-0.00525
0.00032
0.00641
0.01238
0.01782
0.02305
0.02853
0.0338
0.03866
0.04325
0.04751
0.05154
0.05519
0.058
0.0594
0.05938
0.05919
0.05957
0.05995
0.05915
0.05725
0.05523
0.05365
0.05241
0.05096
0.049
0.04706
0.04532
0.04353
0.04137
0.03897
0.03668
0.03445
0.03202
0.029
0.02546
0.0217
0.01863
0.01707
0.01704
0.01782
0.01852
0.01898
0.01913
0.01892
0.01829
0.01772
0.01816
0.01977
0.02174
0.0233
0.02451
0.02587
0.02748
0.02918
0.03082
0.03237
0.03423
0.03644
0.0387
0.0411
0.0435
0.04529
0.04628
0.04657
0.04628
0.04567
0.04483
0.04364
0.04209
0.04013
0.0383
0.03715
0.03672
0.03689
0.03749
0.0381
0.03826
0.03777
0.03723
0.03722
0.03779
0.03833
0.03828
0.03751
0.03635
0.03495
0.03345
0.03215
0.03102
0.03016
0.02958
0.02895
0.0284
0.02826
0.0287
0.02959
0.03024
0.03013
0.02931
0.02812
0.02689
0.02536
0.02307
0.01961
0.01553
0.01181
0.009
0.00658
0.00368
0.00078
-0.00121
-0.00298
-0.00591
-0.00981
-0.01361
-0.01673
-0.01889
-0.01965
-0.01926
-0.01822
-0.0167
-0.01434
-0.01113
-0.00779
-0.0043
-0.00039
0.00373
0.0074
0.00987
0.01124
0.01222
0.01314
0.01397
0.01413
0.01262
0.0091
0.00448
0.00029
-0.00264
-0.00478
-0.00719
-0.01048
-0.01452
-0.0185
-0.02171
-0.02389
-0.02522
-0.02601
-0.027
-0.02816
-0.02815
-0.02661
-0.02468
-0.02333
-0.02283
-0.02279
-0.02287
-0.02319
-0.0241
-0.02552
-0.02679
-0.02766
-0.02841
-0.02979
-0.03218
-0.03476
-0.03671
-0.03796
-0.03863
-0.03932
-0.04064
-0.04272
-0.04487
-0.04601
-0.04618
-0.04549
-0.04426
-0.04271
-0.04084
-0.03872
-0.03674
-0.0352
-0.03359
-0.03124
-0.02825
-0.02459
-0.02047
-0.01655
-0.01285
-0.00912
-0.00543
-0.00214
0.00046
0.00244
0.00376
0.00453
0.00448
0.00343
0.00198
0.00058
-0.0009
-0.00232
-0.00318
-0.00338
-0.00307
-0.00183
0.00103
0.00457
0.00786
0.01115
0.01484
0.01859
0.02122
0.02193
0.02158
0.02174
0.02331
0.02587
0.02848
0.03029
0.03077
0.03009
0.02895
0.02889
0.0304
0.03278
0.0345
0.03458
0.03345
0.03205
0.03083
0.02968
0.02851
0.02744
0.02578
0.02304
0.02038
0.01925
0.01996
0.02176
0.02331
0.02375
0.02299
0.02161
0.02026
0.01907
0.01768
0.0161
0.01451
0.0134
0.01249
0.01126
0.00949
0.00792
0.00723
0.00703
0.00723
0.00825
0.01004
0.01265
0.01608
0.02
0.02321
0.02532
0.0267
0.02686
0.02634
0.02572
0.02476
0.02342
0.02157
0.01911
0.01652
0.01413
0.01213
0.01053
0.00887
0.00674
0.00445
0.00299
0.00256
0.00217
0.00092
-0.00083
-0.00213
-0.00279
-0.00302
-0.0032
-0.00357
-0.00377
-0.00365
-0.00356
-0.00356
-0.00359
-0.00386
-0.00471
-0.00546
-0.00541
-0.0052
-0.00559
-0.00681
-0.00869
-0.01073
-0.01228
-0.01319
-0.01398
-0.01491
-0.01602
-0.01678
-0.01609
-0.01416
-0.01213
-0.01112
-0.01134
-0.01121
-0.00962
-0.00642
-0.00186
0.0024
0.00511
0.00661
0.00804
0.00992
0.01244
0.01508
0.01693
0.0177
0.01801
0.01838
0.01829
0.01735
0.01572
0.01307
0.00847
0.00221
-0.00393
-0.00829
-0.01131
-0.01445
-0.0189
-0.02481
-0.031
-0.03643
-0.04047
-0.04294
-0.0446
-0.04611
-0.04734
-0.04727
-0.04628
-0.04537
-0.04474
-0.04409
-0.04354
-0.04303
-0.04226
-0.04092
-0.0388
-0.03669
-0.03468
-0.0325
-0.03042
-0.02884
-0.02733
-0.02508
-0.02191
-0.0183
-0.01497
-0.01253
-0.01101
-0.00981
-0.00783
-0.00482
-0.00177
0.00031
0.00142
0.00207
0.00318
0.00466
0.00564
0.00586
0.00543
0.00514
0.00541
0.00595
0.00613
0.00584
0.00516
0.00409
0.00341
0.00331
0.0033
0.00357
0.0045
0.00587
0.00733
0.00889
0.01028
0.01134
0.01237
0.0138
0.01532
0.01645
0.01681
0.0162
0.01484
0.01281
0.01021
0.00775
0.00594
0.00456
0.00228
-0.00159
-0.00572
-0.00839
-0.00976
-0.01053
-0.01077
-0.01081
-0.01084
-0.01074
-0.01053
-0.01047
-0.01001
-0.00856
-0.00666
-0.00505
-0.00376
-0.00266
-0.00191
-0.0015
-0.00128
-0.00121
-0.0014
-0.00143
-0.00044
0.00226
0.00669
0.01164
0.01561
0.01831
0.02049
0.02302
0.02634
0.02961
0.03227
0.0344
0.03582
0.03653
0.03644
0.03534
0.03338
0.03087
0.02786
0.02446
0.02101
0.01755
0.01348
0.00891
0.00427
-0.0005
-0.00535
-0.00966
-0.0132
-0.01601
-0.01809
-0.01986
-0.02144
-0.02242
-0.02278
-0.02298
-0.0235
-0.02478
-0.02683
-0.02858
-0.0289
-0.02806
-0.02753
-0.02857
-0.03083
-0.03323
-0.03496
-0.03611
-0.03693
-0.03779
-0.03837
-0.03819
-0.03738
-0.03648
-0.0356
-0.03451
-0.03328
-0.03201
-0.03079
-0.02999
-0.0297
-0.02972
-0.03003
-0.03033
-0.03012
-0.02919
-0.0281
-0.02729
-0.02687
-0.02677
-0.02672
-0.02641
-0.02563
-0.02419
-0.02268
-0.02195
-0.02216
-0.02276
-0.023
-0.02248
-0.02136
-0.02009
-0.01864
-0.01645
-0.01359
-0.01077
-0.0084
-0.00636
-0.00382
-0.00063
0.00224
0.00426
0.00577
0.00693
0.00778
0.00813
0.00815
0.00777
0.0064
0.00429
0.00299
0.00343
0.0046
0.00538
0.00571
0.00609
0.00648
0.00617
0.00478
0.00279
0.00097
-0.00036
-0.00125
-0.00192
-0.00256
-0.00334
-0.00428
-0.00555
-0.00706
-0.00825
-0.00913
-0.01003
-0.01063
-0.01072
-0.01085
-0.01152
-0.01274
-0.0135
-0.01318
-0.01233
-0.01152
-0.01095
-0.01057
-0.01016
-0.00918
-0.00769
-0.00635
-0.00547
-0.00481
-0.00466
-0.00511
-0.00569
-0.00617
-0.00671
-0.00724
-0.0078
-0.00867
-0.00987
-0.01098
-0.01187
-0.01257
-0.01248
-0.01161
-0.01049
-0.00908
-0.00742
-0.00533
-0.0021
0.00221
0.00687
0.01113
0.01464
0.01764
0.02031
0.02248
0.02356
0.02324
0.02213
0.02125
0.02099
0.02097
0.02087
0.02079
0.021
0.02105
0.02022
0.01822
0.01555
0.01341
0.01226
0.01143
0.01035
0.00914
0.00773
0.00613
0.00457
0.00271
0.00078
-0.0005
-0.00096
-0.00144
-0.00271
-0.00446
-0.00565
-0.00581
-0.00536
-0.00487
-0.00489
-0.00568
-0.00657
-0.00657
-0.00531
-0.00355
-0.00226
-0.00219
-0.00347
-0.00567
-0.0082
-0.01055
-0.01309
-0.01647
-0.0203
-0.024
-0.02718
-0.02998
-0.0327
-0.03579
-0.03948
-0.04269
-0.04427
-0.04429
-0.0439
-0.04393
-0.04444
-0.04494
-0.04411
-0.04146
-0.03816
-0.03569
-0.03435
-0.03331
-0.03128
-0.02792
-0.02415
-0.02122
-0.01922
-0.01761
-0.01608
-0.01442
-0.01289
-0.01189
-0.01158
-0.01142
-0.0106
-0.00901
-0.00725
-0.00607
-0.00586
-0.00626
-0.00666
-0.00667
-0.00622
-0.00568
-0.00552
-0.00597
-0.00706
-0.00867
-0.01068
-0.01312
-0.01567
-0.01806
-0.02078
-0.02426
-0.02864
-0.03319
-0.03727
-0.04111
-0.04478
-0.04824
-0.05157
-0.05456
-0.05664
-0.05754
-0.05723
-0.05618
-0.0551
-0.05461
-0.05543
-0.05735
-0.05919
-0.06025
-0.0605
-0.06016
-0.05975
-0.05965
-0.05976
-0.0597
-0.05935
-0.05874
-0.05754
-0.0558
-0.05396
-0.05212
-0.05124
-0.04965
-0.0488
-0.04816
-0.04703
-0.04604
-0.04582
-0.04565
-0.0446
-0.0431
-0.04199
-0.04146
-0.04087
-0.0398
-0.03798
-0.0355
-0.03271
-0.02978
-0.02629
-0.02223
-0.018
-0.01382
-0.00986
-0.00519
0.00066
0.00679
0.01208
0.01665
0.02105
0.02507
0.02846
0.03194
0.03599
0.04006
0.04309
0.04459
0.04543
0.04637
0.0472
0.04798
0.04975
0.05261
0.05519
0.05648
0.05687
0.05704
0.05704
0.05703
0.05752
0.05874
0.06021
0.06152
0.06271
0.06356
0.06432
0.06548
0.06753
0.06953
0.0708
0.07152
0.07211
0.07265
0.0728
0.07236
0.0713
0.06992
0.06858
0.06713
0.06544
0.06372
0.06239
0.0614
0.06055
0.05969
0.05837
0.05663
0.05495
0.05361
0.05303
0.05347
0.05455
0.05562
0.0561
0.05564
0.05452
0.0538
0.05399
0.05486
0.05592
0.05659
0.05622
0.0549
0.05369
0.0536
0.05403
0.05357
0.05162
0.04837
0.04494
0.04192
0.03875
0.03474
0.03033
0.02641
0.02271
0.01812
0.01327
0.00973
0.0079
0.00679
0.00507
0.00172
-0.00274
-0.00683
-0.00991
-0.01223
-0.01469
-0.01797
-0.02178
-0.02529
-0.02765
-0.02899
-0.03014
-0.03168
-0.03333
-0.03474
-0.03585
-0.03652
-0.03658
-0.03625
-0.03555
-0.03442
-0.03294
-0.03143
-0.03033
-0.02946
-0.02862
-0.02814
-0.02798
-0.0274
-0.02597
-0.02411
-0.0224
-0.0209
-0.01944
-0.01806
-0.01693
-0.01553
-0.01342
-0.01083
-0.00771
-0.00437
-0.00106
0.00219
0.00552
0.00899
0.01282
0.0169
0.02059
0.02357
0.02605
0.02838
0.03088
0.03376
0.03655
0.03844
0.0394
0.03961
0.03973
0.03979
0.03951
0.03879
0.03781
0.03664
0.03524
0.03372
0.03205
0.02989
0.02756
0.02618
0.02603
0.02588
0.02476
0.02271
0.0208
0.01982
0.01961
0.0194
0.01895
0.01876
0.01914
0.01966
0.02012
0.02072
0.02157
0.02242
0.02297
0.0235
0.02455
0.02594
0.02717
0.02794
0.02818
0.02805
0.02741
0.02633
0.0255
0.02555
0.02643
0.02709
0.02699
0.02616
0.02483
0.02402
0.02412
0.02455
0.02502
0.02555
0.0261
0.02659
0.02709
0.02744
0.02736
0.02704
0.02646
0.0251
0.02277
0.01978
0.0168
0.01448
0.01256
0.01029
0.00739
0.00425
0.00149
-0.00042
-0.00175
-0.00328
-0.00514
-0.00692
-0.00852
-0.00996
-0.01092
-0.01162
-0.01308
-0.01564
-0.01896
-0.02216
-0.02477
-0.0272
-0.02954
-0.0315
-0.0334
-0.03575
-0.03808
-0.03971
-0.0409
-0.04212
-0.04322
-0.04418
-0.0453
-0.04681
-0.04854
-0.05022
-0.05178
-0.05364
-0.05576
-0.05754
-0.05853
-0.05915
-0.06019
-0.06164
-0.06298
-0.06368
-0.06386
-0.06376
-0.06345
-0.06272
-0.06149
-0.05969
-0.05731
-0.05503
-0.05338
-0.05254
-0.05231
-0.05232
-0.05225
-0.05184
-0.05098
-0.04981
-0.04851
-0.04722
-0.04594
-0.04462
-0.04343
-0.04214
-0.04041
-0.03825
-0.03584
-0.0336
-0.03176
-0.02999
-0.02789
-0.02552
-0.02325
-0.02139
-0.01962
-0.01716
-0.0138
-0.01016
-0.00685
-0.00407
-0.00171
0.00032
0.00194
0.0031
0.00403
0.00507
0.00635
0.00745
0.00803
0.00797
0.00754
0.00752
0.00826
0.00942
0.01033
0.01051
0.01022
0.01015
0.01051
0.01099
0.01145
0.01182
0.01207
0.01221
0.01214
0.01195
0.01172
0.01142
0.01102
0.01047
0.00979
0.00903
0.00824
0.00751
0.00674
0.00575
0.00441
0.00304
0.00213
0.00175
0.00166
0.00165
0.00157
0.00112
0.00035
-0.00027
-0.00038
-0.00018
-0.00019
-0.00068
-0.00117
-0.00132
-0.00138
-0.00181
-0.00267
-0.00387
-0.00527
-0.00655
-0.00759
-0.00861
-0.00981
-0.0109
-0.01158
-0.01213
-0.01287
-0.01385
-0.0149
-0.01551
-0.01541
-0.01506
-0.01525
-0.01609
-0.01704
-0.01742
-0.01708
-0.01648
-0.01605
-0.01601
-0.01619
-0.01628
-0.01625
-0.0163
-0.01654
-0.01675
-0.01672
-0.01665
-0.01659
-0.01641
-0.01612
-0.01592
-0.01594
-0.01623
-0.01687
-0.0176
-0.01806
-0.01815
-0.01805
-0.01802
-0.01811
-0.01834
-0.0186
-0.01857
-0.01825
-0.01803
-0.0179
-0.01773
-0.01736
-0.01685
-0.01642
-0.01601
-0.0154
-0.01469
-0.01393
-0.013
-0.01181
-0.01056
-0.00937
-0.00796
-0.00618
-0.0043
-0.00238
-0.00038
0.00168
0.00361
0.00529
0.00684
0.00842
0.01003
0.01158
0.01298
0.01418
0.01526
0.01626
0.017
0.01737
0.01748
0.01734
0.0169
0.01639
0.01601
0.01558
0.01488
0.01403
0.01327
0.01254
0.01184
0.01112
0.01031
0.00959
0.00908
0.00871
0.00835
0.00792
0.00755
0.00744
0.00762
0.00786
0.00798
0.00805
0.00824
0.00859
0.00894
0.00918
0.00932
0.00938
0.00936
0.00938
0.00951
0.0097
0.00981
0.00977
0.00951
0.00907
0.00862
0.00829
0.00811
0.00806
0.00805
0.00791
0.00767
0.00754
0.0077
0.00809
0.00854
0.00876
0.00869
0.00847
0.00827
0.00823
0.00833
0.00841
0.00824
0.00776
0.0071
0.00654
0.00627
0.00622
0.00612
0.00582
0.00538
0.00496
0.0046
0.00429
0.00404
0.00384
0.00368
0.00358
0.00349
0.00343
0.0034
0.00338
0.00336
0.00332
0.00322
0.00301
0.0027
0.00235
0.00207
0.00189
0.00182
0.00176
0.00161
0.00137
0.00114
0.00096
0.00088
0.00089
0.00096
0.00102
0.0011
0.00122
0.00139
0.00159
0.00177
0.00192
0.00206
0.00224
0.00242
0.0026
0.00275
0.00286
0.00294
0.00297
0.00295
0.00287
0.00274
0.00258
0.00238
0.00216
0.00193
0.00177
0.00164
0.00147
0.00125
0.00105
0.00096
0.00096
0.00099
0.00101
0.00101
0.00099
0.00096
0.00098
0.00104
0.00112
0.00118
0.00123
0.00131
0.00141
0.00152
0.00162
0.00166
0.00165
0.00162
0.00163
0.00169
0.00178
0.00186
0.00192
0.00195
0.002
0.00206
0.00213
0.00217
0.00221
0.00227
0.00234
0.00241
0.00248
0.00254
0.00258
0.0026
0.0026
0.00261
0.00262
0.00266
0.0027
0.00274
0.00276
0.00275
0.00271
0.00266
0.00263
0.0026
0.00258
0.00255
0.00251
0.00247
0.00244
0.0024
0.00238
0.00235
0.00232
0.00228
0.00224
0.00219
0.00215
0.00213
0.00211
0.00208
0.00205
0.00202
0.00199
0.00196
0.00194
0.00191
0.00189
0.00185
0.00182
0.0018
0.00177
0.00174
0.00172
0.00168
0.00165
0.00161
0.00158
0.00155
0.00153
0.00151
0.00149
0.00147
0.00145
0.00144
0.00143
0.00142
0.00141
0.0014
0.00139
0.00137
0.00136
0.00135
0.00134
0.00134
0.00133
0.00132
0.00131
0.0013
0.00129
0.00129
0.00128
0.00127
0.00126
0.00125
0.00124
0.00124
0.00123
0.00123
0.00123
0.00122
0.00122
0.00121
0.00121
0.0012
0.0012
0.0012
0.0012
0.0012
0.0012
0.0012
0.0012
0.0012
0.00121
0.00121
0.00121
0.00121
0.00121
0.00121
0.00121
0.00121
0.00121
0.00121
0.00122
0.00122
0.00122
0.00122
0.00122
0.00122
0.00123
0.00123
0.00123
0.00124
0.00124
0.00124
0.00125
0.00125
0.00125
0.00126
0.00126
0.00127
0.00127
0.00127
0.00128
0.00128
0.00129
0.00129
0.0013
0.0013
0.0013
0.00131
0.00131
0.00132
0.00132
0.00132
0.00133
0.00133
0.00134
0.00134
0.00134
0.00135
0.00135
0.00136
0.00136
0.00136
0.00137
0.00137
0.00137
0.00138
0.00138
0.00138
0.00139
0.00139
0.0014
0.0014
0.0014
0.00141
0.00141
0.00141
0.00142
0.00142
0.00142
0.00142
0.00143
0.00143
0.00143
0.00144
0.00144
0.00144
0.00145
0.00145
0.00145
0.00145
0.00146
0.00146
0.00146
0.00146
0.00147
0.00147
0.00147
0.00147
0.00147
0.00148
0.00148
0.00148
0.00148
0.00149
0.00149
0.00149
0.00149
0.00149
0.00149
0.0015
0.0015
0.0015
0.0015
