0.00018
0.00092
0.00192
0.00226
0.00189
0.00165
0.00175
0.0018
0.0017
0.00163
0.00162
0.00159
0.00152
0.00145
0.00141
0.00138
0.00133
0.00128
0.00127
0.00132
0.00138
0.00143
0.00147
0.00147
0.0014
0.00131
0.00125
0.00125
0.00124
0.00123
0.00118
0.00098
0.00069
0.00051
0.00046
0.0003
0.00006
0.00001
0.00025
0.00056
0.00075
0.00076
0.00069
0.00071
0.00078
0.00073
0.00084
0.0016
0.00282
0.00363
0.00346
0.00227
0.00016
-0.00266
-0.00551
-0.00733
-0.00726
-0.00521
-0.00172
0.0024
0.00597
0.00779
0.0074
0.00495
0.00085
-0.00346
-0.00559
-0.00409
0.00039
0.00581
0.00959
0.0092
0.00343
-0.00645
-0.01673
-0.02238
-0.01966
-0.00955
0.00275
0.01321
0.02064
0.02237
0.01511
0.00165
-0.01085
-0.01812
-0.01862
-0.01118
0.0012
0.01153
0.01669
0.01874
0.01829
0.01306
0.00165
-0.01484
-0.03022
-0.03316
-0.01922
0.00112
0.01556
0.02165
0.02025
0.0113
0.0003
-0.00438
-0.00321
-0.00235
0.00023
0.01035
0.02263
0.02448
0.0113
-0.01044
-0.0291
-0.03474
-0.02763
-0.01756
-0.01035
-0.0044
-0.00126
-0.00458
-0.00898
-0.00682
-0.00239
-0.00281
-0.00484
-0.00639
-0.01334
-0.02193
-0.01758
-0.00019
0.01229
0.00977
-0.00093
-0.01131
-0.01872
-0.02239
-0.02297
-0.01993
-0.00952
0.00446
0.00974
0.0036
-0.0078
-0.02576
-0.04688
-0.04851
-0.01698
0.02687
0.05313
0.05469
0.04033
0.0161
-0.01475
-0.04268
-0.05375
-0.04576
-0.03138
-0.01676
0.00329
0.02358
0.02693
0.00823
-0.01744
-0.03319
-0.03601
-0.03182
-0.0221
-0.00395
0.01714
0.02643
0.01759
0.00086
-0.01127
-0.01732
-0.02144
-0.0225
-0.01586
-0.00297
0.00741
0.00749
-0.00355
-0.02067
-0.03656
-0.04279
-0.03169
-0.0042
0.02384
0.0325
0.01801
-0.0027
-0.00893
0.00324
0.01765
0.01918
0.01341
0.01322
0.01637
0.01531
0.01307
0.01104
-0.00061
-0.0257
-0.04812
-0.04595
-0.01541
0.02582
0.05556
0.06395
0.05765
0.04668
0.03102
0.01075
-0.00082
0.00511
0.0151
0.01594
0.01415
0.01378
0.00464
-0.015
-0.03265
-0.03942
-0.03708
-0.0336
-0.03323
-0.0287
-0.0127
0.00899
0.02267
0.0159
-0.01241
-0.04445
-0.059
-0.05331
-0.03608
-0.01025
0.0194
0.03665
0.03234
0.01707
0.00018
-0.0239
-0.05529
-0.07545
-0.06769
-0.0368
-0.00006
0.02927
0.04655
0.05271
0.04948
0.03556
0.01039
-0.01684
-0.02968
-0.02054
0.00495
0.03862
0.0696
0.08072
0.06141
0.02004
-0.01922
-0.02822
0.00387
0.05646
0.09594
0.10554
0.09262
0.07495
0.06083
0.04113
0.00555
-0.0372
-0.06225
-0.05362
-0.02344
0.00518
0.02874
0.05484
0.07567
0.07641
0.05665
0.02734
-0.00315
-0.03384
-0.06317
-0.07876
-0.06726
-0.03724
-0.01576
-0.01737
-0.03225
-0.04581
-0.05287
-0.05311
-0.04905
-0.04743
-0.05194
-0.05675
-0.0538
-0.04291
-0.02869
-0.01309
-0.00029
-0.00341
-0.03064
-0.06405
-0.06935
-0.03522
0.01138
0.03706
0.03453
0.01974
0.01413
0.03175
0.06672
0.08864
0.06391
-0.00348
-0.06191
-0.06454
-0.02157
0.02091
0.03796
0.04171
0.05473
0.08551
0.12612
0.16312
0.18709
0.19411
0.18351
0.15479
0.10759
0.05018
-0.00059
-0.03817
-0.06872
-0.08699
-0.07205
-0.01019
0.08974
0.19529
0.26439
0.27987
0.26579
0.25153
0.23126
0.17805
0.08675
-0.01722
-0.10791
-0.17507
-0.20684
-0.18521
-0.11391
-0.03039
0.02606
0.04883
0.05811
0.06962
0.08043
0.07818
0.04857
-0.02254
-0.1354
-0.26263
-0.36223
-0.40774
-0.40589
-0.38557
-0.36708
-0.34267
-0.28276
-0.16544
-0.01833
0.08032
0.07531
0.00549
-0.03247
0.00729
0.08245
0.13634
0.16113
0.17234
0.16689
0.12972
0.05958
-0.02137
-0.08268
-0.11515
-0.13401
-0.14865
-0.14656
-0.10271
0.0049
0.16343
0.3139
0.41194
0.46728
0.48013
0.40719
0.24119
0.04876
-0.11047
-0.23713
-0.3515
-0.45182
-0.51705
-0.53088
-0.49946
-0.44008
-0.35169
-0.21198
-0.02377
0.15535
0.27294
0.34259
0.39876
0.43804
0.45007
0.45565
0.46953
0.46071
0.38846
0.26091
0.13082
0.04376
0.00745
0.00358
0.01557
0.03834
0.06535
0.08359
0.08618
0.07694
0.06122
0.04076
0.01795
0.00391
0.01584
0.05581
0.10054
0.12392
0.11799
0.08676
0.03883
-0.00805
-0.03773
-0.05676
-0.08353
-0.12104
-0.16199
-0.20611
-0.25267
-0.29284
-0.32161
-0.34275
-0.35987
-0.37595
-0.39696
-0.42692
-0.46281
-0.49083
-0.47956
-0.38817
-0.20226
0.03791
0.25782
0.40451
0.48052
0.51676
0.52805
0.51533
0.48606
0.44905
0.40615
0.35617
0.30111
0.2531
0.22571
0.21318
0.19691
0.1703
0.1387
0.10521
0.07028
0.03681
0.01221
0.0112
0.04708
0.10612
0.14301
0.11904
0.03411
-0.08155
-0.19597
-0.30784
-0.4427
-0.59131
-0.67957
-0.62818
-0.4293
-0.17089
0.01649
0.0653
0.0078
-0.09528
-0.21056
-0.32032
-0.41052
-0.47985
-0.53585
-0.57754
-0.59536
-0.58671
-0.55189
-0.47376
-0.32994
-0.14105
0.02715
0.13985
0.2293
0.32741
0.4182
0.47317
0.47281
0.38842
0.2063
-0.01281
-0.15552
-0.16818
-0.10074
-0.02541
0.02789
0.0539
0.05269
0.03606
0.02684
0.04906
0.11124
0.19397
0.2689
0.32747
0.37633
0.41878
0.45501
0.48763
0.51596
0.52521
0.48805
0.39154
0.25762
0.12763
0.03917
0.00476
-0.00803
-0.04792
-0.12068
-0.18969
-0.22748
-0.2359
-0.23125
-0.23384
-0.26023
-0.31036
-0.3649
-0.40025
-0.40384
-0.3768
-0.32995
-0.27362
-0.20278
-0.10316
0.01887
0.13079
0.20418
0.23241
0.21594
0.15256
0.05925
-0.01719
-0.04624
-0.05312
-0.08038
-0.13591
-0.20276
-0.26811
-0.3192
-0.33114
-0.27263
-0.13103
0.05059
0.18558
0.21981
0.16039
0.03468
-0.12105
-0.25167
-0.3161
-0.3224
-0.31165
-0.31673
-0.34083
-0.366
-0.37292
-0.34637
-0.26957
-0.1375
0.01985
0.1541
0.24103
0.28521
0.29534
0.28029
0.25603
0.23854
0.23579
0.24995
0.27894
0.31108
0.32562
0.31027
0.27463
0.23531
0.19346
0.13606
0.056
-0.03347
-0.10533
-0.14133
-0.1437
-0.12138
-0.07738
-0.02081
0.02074
0.01534
-0.04759
-0.14675
-0.24488
-0.31771
-0.36397
-0.38823
-0.38527
-0.3425
-0.25389
-0.13891
-0.04007
0.01547
0.03641
0.03823
0.02081
-0.01531
-0.05524
-0.08298
-0.09661
-0.10152
-0.09279
-0.05672
0.00325
0.05484
0.06889
0.05374
0.03867
0.03539
0.03733
0.04059
0.04233
0.03546
0.02492
0.03456
0.08046
0.1452
0.19459
0.21659
0.22605
0.23536
0.24115
0.23724
0.22399
0.20319
0.17332
0.13692
0.10593
0.08713
0.07148
0.05195
0.03635
0.031
0.02862
0.01887
-0.00182
-0.0328
-0.07036
-0.10595
-0.1316
-0.14423
-0.13666
-0.09497
-0.02098
0.05264
0.09023
0.09151
0.08522
0.09195
0.1114
0.13733
0.16532
0.1894
0.20447
0.21235
0.21926
0.226
0.22362
0.19927
0.14422
0.05831
-0.04869
-0.15501
-0.22907
-0.2511
-0.23488
-0.20957
-0.1845
-0.15207
-0.11424
-0.08194
-0.05572
-0.0281
-0.00019
0.01897
0.02517
0.0213
0.01057
-0.00383
-0.01238
-0.00244
0.02635
0.05451
0.05715
0.02574
-0.02648
-0.07738
-0.10721
-0.10269
-0.06535
-0.01648
0.02139
0.05041
0.09143
0.15196
0.21675
0.26745
0.29277
0.28286
0.23045
0.14244
0.04825
-0.0163
-0.03883
-0.02877
0.00858
0.07007
0.13281
0.16568
0.16474
0.15146
0.13806
0.12051
0.10001
0.08734
0.08839
0.10221
0.12964
0.16856
0.20449
0.2213
0.21749
0.19818
0.15685
0.08192
-0.01812
-0.1137
-0.18247
-0.22268
-0.23782
-0.22328
-0.16985
-0.07986
0.01594
0.0756
0.09238
0.10039
0.1265
0.16328
0.19251
0.20714
0.2033
0.17495
0.12938
0.09313
0.09015
0.12114
0.1672
0.20574
0.22246
0.21056
0.16385
0.08508
-0.00418
-0.08224
-0.14451
-0.18658
-0.19807
-0.18942
-0.19134
-0.21531
-0.23967
-0.23485
-0.18969
-0.12433
-0.08202
-0.09138
-0.13655
-0.17935
-0.20157
-0.20902
-0.21036
-0.21017
-0.21148
-0.21408
-0.21716
-0.22341
-0.23325
-0.23904
-0.23349
-0.21973
-0.20555
-0.19025
-0.16498
-0.12728
-0.08957
-0.07043
-0.08136
-0.12133
-0.17732
-0.23242
-0.27781
-0.31106
-0.32894
-0.3351
-0.34112
-0.34751
-0.34045
-0.30782
-0.24398
-0.15279
-0.05442
0.025
0.06737
0.07042
0.05693
0.05956
0.0837
0.10424
0.10134
0.08131
0.06266
0.05555
0.0577
0.06042
0.0559
0.0454
0.04128
0.05932
0.1078
0.17848
0.2507
0.30745
0.33951
0.34368
0.33066
0.31964
0.31728
0.31606
0.3083
0.28534
0.23314
0.15149
0.06841
0.01452
-0.00007
0.03155
0.11963
0.24713
0.36521
0.43589
0.45865
0.4534
0.43634
0.41458
0.39079
0.35905
0.29745
0.1879
0.04924
-0.0772
-0.17497
-0.25628
-0.3294
-0.39086
-0.44029
-0.4838
-0.52321
-0.55234
-0.5689
-0.57674
-0.57204
-0.54687
-0.50624
-0.45995
-0.40183
-0.31894
-0.21734
-0.1206
-0.04671
0.00116
0.029
0.05163
0.09162
0.16212
0.24929
0.32171
0.35737
0.35066
0.30148
0.22221
0.14475
0.09357
0.06204
0.02806
-0.02299
-0.0906
-0.15619
-0.19189
-0.18473
-0.14883
-0.10907
-0.07892
-0.05357
-0.01875
0.03124
0.08392
0.12148
0.13652
0.12778
0.08967
0.02167
-0.05341
-0.10085
-0.10745
-0.08266
-0.03055
0.0464
0.1199
0.15253
0.13896
0.09802
0.04157
-0.01952
-0.06386
-0.07829
-0.06868
-0.04252
-0.00082
0.04884
0.08906
0.1086
0.11494
0.12657
0.15256
0.18485
0.21234
0.23362
0.2529
0.27282
0.29438
0.31688
0.33505
0.34073
0.32853
0.29544
0.23785
0.15805
0.0709
-0.00524
-0.06153
-0.09926
-0.12318
-0.136
-0.13807
-0.1309
-0.11711
-0.09815
-0.0771
-0.06254
-0.06753
-0.10314
-0.16701
-0.23823
-0.29213
-0.31922
-0.32344
-0.31049
-0.2834
-0.23895
-0.17007
-0.08358
-0.00541
0.0434
0.06177
0.05642
0.0357
0.01543
0.01377
0.03893
0.08625
0.14129
0.18551
0.20859
0.21468
0.21221
0.20367
0.18736
0.16317
0.13509
0.10987
0.0927
0.08334
0.07706
0.07004
0.0635
0.0626
0.06962
0.0779
0.07602
0.05891
0.03
-0.00676
-0.04995
-0.09574
-0.13796
-0.17444
-0.20737
-0.23701
-0.25651
-0.25188
-0.20912
-0.12738
-0.0271
0.05962
0.10911
0.11749
0.09749
0.06871
0.04944
0.0503
0.06955
0.09572
0.11575
0.12301
0.12125
0.11867
0.11805
0.11615
0.11005
0.0995
0.08668
0.07812
0.0827
0.1011
0.11947
0.12122
0.10242
0.06934
0.02713
-0.02108
-0.0702
-0.11622
-0.1585
-0.19345
-0.21075
-0.20363
-0.17952
-0.15163
-0.12464
-0.09666
-0.0685
-0.04268
-0.0182
0.00866
0.04084
0.07738
0.11134
0.13273
0.13437
0.11277
0.06695
0.00447
-0.05543
-0.09415
-0.10668
-0.10025
-0.08669
-0.07732
-0.07895
-0.0921
-0.11519
-0.14772
-0.18636
-0.22199
-0.24289
-0.23826
-0.2023
-0.14273
-0.07977
-0.02682
0.01756
0.05377
0.07766
0.09498
0.11647
0.14023
0.15453
0.15294
0.13679
0.10744
0.06413
0.01063
-0.0435
-0.09247
-0.13731
-0.1759
-0.20007
-0.20671
-0.20276
-0.19623
-0.18964
-0.1832
-0.17902
-0.18063
-0.18943
-0.20242
-0.21391
-0.21906
-0.21607
-0.20653
-0.19337
-0.17845
-0.16278
-0.14717
-0.13015
-0.10671
-0.07153
-0.02312
0.03553
0.09792
0.15549
0.20179
0.23742
0.26738
0.29109
0.30012
0.28746
0.25379
0.20889
0.17035
0.15011
0.14284
0.13759
0.1326
0.13049
0.1306
0.13124
0.13051
0.12391
0.10665
0.07969
0.053
0.04011
0.04728
0.07036
0.10072
0.12788
0.14031
0.13331
0.11381
0.09166
0.06996
0.04652
0.01977
-0.01021
-0.04393
-0.08143
-0.1185
-0.14665
-0.15569
-0.13724
-0.09245
-0.03629
0.01242
0.04281
0.05094
0.0374
0.00925
-0.02361
-0.05584
-0.08691
-0.11544
-0.13772
-0.15222
-0.16104
-0.16564
-0.16478
-0.15698
-0.14148
-0.11867
-0.09242
-0.06601
-0.03648
-0.00151
0.03363
0.06325
0.08752
0.10809
0.12293
0.1261
0.11198
0.08027
0.03702
-0.00681
-0.03909
-0.05446
-0.05686
-0.05139
-0.03932
-0.0224
-0.00621
0.00037
-0.01164
-0.04308
-0.08413
-0.1242
-0.15955
-0.18887
-0.20883
-0.21775
-0.21777
-0.20968
-0.1874
-0.14147
-0.07352
-0.00427
0.04006
0.04823
0.02955
0.0003
-0.0352
-0.08236
-0.13788
-0.18842
-0.22452
-0.24364
-0.24648
-0.23739
-0.22011
-0.19094
-0.1454
-0.09034
-0.03831
0.00768
0.05267
0.09525
0.12695
0.1456
0.15661
0.1601
0.15064
0.13086
0.1126
0.10471
0.10844
0.12271
0.14482
0.16754
0.18422
0.19681
0.21317
0.23722
0.26444
0.28533
0.29342
0.29142
0.28771
0.28775
0.29159
0.29616
0.29575
0.28325
0.25303
0.20531
0.14912
0.09584
0.04906
0.00884
-0.01951
-0.03348
-0.04325
-0.05999
-0.08252
-0.10516
-0.12717
-0.14696
-0.15752
-0.15311
-0.13477
-0.10838
-0.0805
-0.0564
-0.0392
-0.02965
-0.02714
-0.03106
-0.03946
-0.04767
-0.05068
-0.04626
-0.03462
-0.01762
0.0015
0.01838
0.02795
0.02682
0.01688
0.00521
0.00042
0.00804
0.02803
0.05694
0.09107
0.12573
0.1536
0.16583
0.15586
0.12365
0.07656
0.02593
-0.01863
-0.05176
-0.07109
-0.07889
-0.08279
-0.08913
-0.09784
-0.106
-0.11232
-0.11822
-0.12675
-0.13879
-0.14992
-0.15447
-0.15178
-0.14533
-0.13817
-0.13176
-0.12737
-0.12568
-0.12454
-0.11946
-0.10832
-0.09497
-0.08719
-0.09011
-0.10223
-0.11734
-0.1292
-0.13569
-0.1395
-0.14389
-0.14789
-0.14624
-0.13362
-0.10873
-0.07631
-0.04546
-0.02256
-0.00596
0.01
0.02807
0.04629
0.0603
0.06659
0.06488
0.05681
0.04362
0.02782
0.01482
0.00835
0.00675
0.00706
0.00955
0.01717
0.03305
0.05696
0.08411
0.10937
0.12972
0.14151
0.14201
0.13394
0.12158
0.10454
0.08141
0.0559
0.03463
0.02201
0.01909
0.02513
0.03905
0.06019
0.08659
0.11134
0.12493
0.12426
0.11344
0.09625
0.07519
0.0555
0.04223
0.03485
0.02921
0.02294
0.01622
0.00952
0.00302
-0.00261
-0.0071
-0.01116
-0.01476
-0.01601
-0.0135
-0.00734
0.00238
0.01608
0.03339
0.05191
0.0673
0.07531
0.07421
0.06548
0.05233
0.03854
0.0276
0.02131
0.01912
0.01927
0.02019
0.02092
0.02051
0.01829
0.01466
0.0106
0.00629
0.00143
-0.00286
-0.004
-0.00072
0.00461
0.00785
0.0076
0.00615
0.00555
0.00608
0.00878
0.01522
0.02382
0.02934
0.02676
0.01474
-0.00337
-0.02139
-0.03433
-0.04193
-0.04792
-0.05444
-0.05845
-0.05528
-0.04501
-0.03375
-0.0285
-0.0308
-0.03567
-0.03626
-0.02909
-0.01555
0.00016
0.01391
0.02375
0.03025
0.03467
0.03693
0.036
0.03192
0.02683
0.02373
0.02383
0.02543
0.02586
0.02396
0.02008
0.01471
0.00871
0.00444
0.00403
0.00736
0.01322
0.02051
0.02657
0.02743
0.02171
0.01256
0.00416
-0.00193
-0.00613
-0.00968
-0.01398
-0.01931
-0.02539
-0.03262
-0.04125
-0.05097
-0.06278
-0.07806
-0.09479
-0.10798
-0.11398
-0.11093
-0.09626
-0.06835
-0.03396
-0.00936
-0.00546
-0.01553
-0.02591
-0.03109
-0.03108
-0.02384
-0.00765
0.01422
0.03592
0.0541
0.06873
0.08076
0.09009
0.09515
0.09463
0.08796
0.0738
0.05195
0.02787
0.01034
0.00317
0.00392
0.00976
0.01954
0.03089
0.04069
0.04765
0.05183
0.05277
0.04984
0.0432
0.03416
0.0254
0.02054
0.02239
0.03101
0.0432
0.05403
0.05907
0.05517
0.03905
0.00761
-0.03651
-0.08339
-0.12543
-0.16252
-0.19286
-0.20935
-0.21009
-0.20085
-0.18444
-0.15944
-0.12949
-0.10385
-0.0892
-0.08613
-0.09188
-0.10283
-0.11512
-0.12465
-0.12798
-0.12353
-0.11159
-0.0938
-0.07261
-0.05022
-0.02932
-0.01324
-0.00321
0.00191
0.00263
-0.00078
-0.00517
-0.00504
0.004
0.02318
0.05004
0.07824
0.10096
0.11668
0.1284
0.13621
0.13643
0.1285
0.11611
0.10196
0.08595
0.06781
0.04914
0.03287
0.02133
0.01569
0.0169
0.02535
0.0392
0.05476
0.06865
0.07851
0.08273
0.08084
0.07328
0.05938
0.03739
0.00835
-0.02155
-0.04479
-0.05859
-0.06582
-0.07078
-0.07552
-0.07978
-0.08269
-0.08287
-0.07706
-0.06174
-0.03789
-0.01201
0.00939
0.02566
0.03989
0.05226
0.05955
0.0597
0.05325
0.04194
0.02817
0.01495
0.00518
0.00021
-0.00099
-0.00144
-0.00431
-0.01022
-0.01663
-0.02105
-0.02411
-0.02742
-0.0306
-0.03187
-0.02967
-0.02314
-0.0126
0.00025
0.01257
0.02156
0.02694
0.03107
0.0358
0.04015
0.0413
0.03718
0.02784
0.01487
0.00073
-0.01168
-0.021
-0.0289
-0.03723
-0.0445
-0.04717
-0.04298
-0.0313
-0.01231
0.01195
0.03714
0.05891
0.07427
0.08174
0.08174
0.07556
0.063
0.04319
0.01777
-0.00893
-0.0317
-0.04626
-0.05216
-0.05277
-0.0502
-0.04291
-0.03034
-0.01574
-0.00282
0.00698
0.01338
0.01651
0.01703
0.01608
0.01471
0.01258
0.00794
0.00013
-0.00874
-0.01583
-0.01987
-0.02111
-0.02021
-0.0169
-0.01042
-0.00171
0.00657
0.01271
0.01662
0.0188
0.02011
0.02125
0.02247
0.02434
0.02735
0.0307
0.03335
0.03552
0.03761
0.03965
0.04357
0.0525
0.06572
0.07791
0.08543
0.08857
0.08782
0.08283
0.07469
0.06656
0.06193
0.06221
0.06556
0.06785
0.06617
0.06253
0.06191
0.06553
0.06984
0.07164
0.06962
0.06202
0.04895
0.03549
0.028
0.0289
0.03634
0.04604
0.05393
0.0591
0.06287
0.06515
0.06427
0.05948
0.05061
0.03673
0.01817
-0.00122
-0.0163
-0.02491
-0.02825
-0.02855
-0.02837
-0.03094
-0.03815
-0.0492
-0.06227
-0.07537
-0.08596
-0.09173
-0.09112
-0.08296
-0.06732
-0.04705
-0.02739
-0.01276
-0.00467
-0.00233
-0.00503
-0.01354
-0.02734
-0.04189
-0.05251
-0.05879
-0.06173
-0.06051
-0.05554
-0.0502
-0.04664
-0.04338
-0.03822
-0.03098
-0.02332
-0.01661
-0.01047
-0.00477
-0.00194
-0.00513
-0.01481
-0.02839
-0.04193
-0.05197
-0.0575
-0.06001
-0.06043
-0.05835
-0.05527
-0.0543
-0.05619
-0.0584
-0.05777
-0.05328
-0.04673
-0.0405
-0.03543
-0.03139
-0.02845
-0.02705
-0.02765
-0.03084
-0.03719
-0.04733
-0.06194
-0.08024
-0.09863
-0.11284
-0.12154
-0.12717
-0.13332
-0.14114
-0.14798
-0.15013
-0.1456
-0.13347
-0.11308
-0.08667
-0.06022
-0.03795
-0.01787
0.00341
0.02468
0.0432
0.05902
0.07179
0.07788
0.07475
0.06436
0.04981
0.03311
0.01665
0.00272
-0.00808
-0.01615
-0.02181
-0.02509
-0.02559
-0.02205
-0.01305
0.00118
0.01782
0.03253
0.0414
0.04309
0.0399
0.0357
0.03263
0.03038
0.02796
0.02482
0.02067
0.01564
0.01043
0.00516
-0.00179
-0.01198
-0.02404
-0.035
-0.04424
-0.05327
-0.06229
-0.07
-0.07567
-0.0794
-0.08148
-0.08185
-0.07966
-0.07434
-0.06659
-0.05722
-0.04638
-0.03535
-0.02642
-0.02022
-0.01571
-0.012
-0.0075
0.0003
0.01258
0.02822
0.04478
0.05974
0.07197
0.08135
0.08712
0.0889
0.08849
0.08793
0.08715
0.08534
0.08251
0.07947
0.07766
0.07837
0.08167
0.08626
0.09034
0.09196
0.08934
0.08267
0.07482
0.06829
0.06276
0.0568
0.05
0.04236
0.03362
0.02386
0.01419
0.00586
-0.00054
-0.00448
-0.00652
-0.00934
-0.01554
-0.02509
-0.0358
-0.04525
-0.05202
-0.0559
-0.05742
-0.05702
-0.05452
-0.04955
-0.04237
-0.03401
-0.02601
-0.01881
-0.01038
0.00101
0.01363
0.02458
0.03339
0.04111
0.04847
0.0557
0.06246
0.06747
0.06904
0.06639
0.0595
0.04872
0.03544
0.0217
0.00871
-0.00311
-0.01319
-0.02067
-0.02478
-0.02539
-0.02316
-0.01883
-0.01306
-0.00743
-0.00349
-0.00133
-0.00041
-0.00015
0.00076
0.00389
0.00974
0.01791
0.02805
0.03872
0.04672
0.04968
0.04761
0.0416
0.03267
0.02178
0.00967
-0.00277
-0.0139
-0.02177
-0.02528
-0.02415
-0.01883
-0.01072
-0.00148
0.00858
0.01994
0.03273
0.04699
0.0612
0.07106
0.07361
0.0708
0.06599
0.06016
0.05293
0.04431
0.03469
0.02533
0.01814
0.01388
0.01174
0.01121
0.01211
0.01359
0.01504
0.017
0.0202
0.02422
0.02724
0.02704
0.0225
0.01378
0.00091
-0.01582
-0.03406
-0.05054
-0.06338
-0.07241
-0.07836
-0.08255
-0.08519
-0.08487
-0.08097
-0.07435
-0.06548
-0.05382
-0.03809
-0.0175
0.0069
0.03289
0.05693
0.074
0.08184
0.08351
0.08284
0.0809
0.07814
0.0759
0.07467
0.07381
0.07357
0.075
0.0772
0.07721
0.07365
0.06779
0.06114
0.05447
0.04878
0.04512
0.04358
0.04313
0.04298
0.04346
0.04482
0.04641
0.04706
0.04556
0.04194
0.03785
0.03481
0.03292
0.03193
0.03198
0.03265
0.03325
0.03424
0.03689
0.04092
0.0436
0.04192
0.035
0.02365
0.00938
-0.00536
-0.01795
-0.02721
-0.03309
-0.03547
-0.03396
-0.02896
-0.02211
-0.01566
-0.01145
-0.00995
-0.01084
-0.0145
-0.02099
-0.028
-0.03261
-0.03396
-0.03205
-0.02613
-0.01634
-0.00495
0.00589
0.01523
0.02187
0.02471
0.02326
0.01691
0.00563
-0.00895
-0.02416
-0.03747
-0.04762
-0.05422
-0.05622
-0.05312
-0.04664
-0.03885
-0.03084
-0.02426
-0.02116
-0.02177
-0.02467
-0.02831
-0.03177
-0.03584
-0.04211
-0.04984
-0.05659
-0.06214
-0.06835
-0.07579
-0.0829
-0.08819
-0.09171
-0.09456
-0.09749
-0.10016
-0.10185
-0.10252
-0.10245
-0.10114
-0.09792
-0.09378
-0.09062
-0.08893
-0.08752
-0.08471
-0.07952
-0.07283
-0.06675
-0.06263
-0.06099
-0.06233
-0.06586
-0.06909
-0.06989
-0.0678
-0.06324
-0.05729
-0.05155
-0.04753
-0.04572
-0.04546
-0.0458
-0.04601
-0.04539
-0.04363
-0.04004
-0.03317
-0.02341
-0.01396
-0.00723
-0.00255
0.00102
0.00258
0.00173
-0.00005
-0.00138
-0.00212
-0.00238
-0.0018
0.00046
0.00566
0.01446
0.02581
0.03758
0.04783
0.05533
0.05966
0.06095
0.05944
0.05581
0.05114
0.04618
0.04143
0.03783
0.03632
0.03641
0.03634
0.03481
0.03159
0.02644
0.01897
0.01001
0.00205
-0.00245
-0.00261
0.00073
0.00616
0.01244
0.01842
0.02325
0.0271
0.03036
0.03264
0.03374
0.03408
0.03331
0.03094
0.0288
0.02946
0.03236
0.03482
0.03577
0.0352
0.03258
0.02846
0.02446
0.02145
0.01956
0.01919
0.02057
0.02338
0.02693
0.02993
0.03135
0.03185
0.0323
0.03113
0.02596
0.01654
0.00455
-0.00782
-0.01814
-0.02459
-0.02758
-0.02931
-0.03153
-0.03431
-0.03731
-0.04101
-0.0458
-0.05155
-0.05789
-0.06367
-0.06694
-0.06686
-0.06442
-0.06047
-0.05537
-0.05022
-0.04585
-0.04205
-0.03939
-0.03878
-0.03881
-0.03737
-0.03475
-0.03182
-0.02764
-0.02153
-0.01447
-0.00712
0.00053
0.00766
0.01363
0.01957
0.02648
0.03323
0.0389
0.04468
0.05152
0.05849
0.06402
0.06625
0.06374
0.05692
0.04705
0.03485
0.02168
0.01015
0.00226
-0.0021
-0.00405
-0.00408
-0.00272
-0.00126
-0.00043
0.00034
0.00186
0.00486
0.00966
0.01518
0.01964
0.0228
0.02606
0.0298
0.03273
0.03435
0.03538
0.03601
0.03674
0.03932
0.04427
0.04961
0.05349
0.05585
0.05699
0.05666
0.05525
0.05409
0.05353
0.05232
0.04948
0.0455
0.041
0.03627
0.03277
0.03248
0.03551
0.04035
0.0458
0.05111
0.05552
0.0587
0.06067
0.06118
0.06022
0.05818
0.0549
0.04997
0.04379
0.03731
0.0312
0.02542
0.01926
0.01254
0.00616
0.00061
-0.00475
-0.01013
-0.01447
-0.01639
-0.01521
-0.01067
-0.00285
0.0069
0.01589
0.02207
0.02551
0.02744
0.02856
0.029
0.02928
0.02978
0.02936
0.02651
0.02136
0.0143
0.00415
-0.00965
-0.02562
-0.0425
-0.0596
-0.0742
-0.08316
-0.08685
-0.08739
-0.0847
-0.0782
-0.06991
-0.06257
-0.05683
-0.0519
-0.04732
-0.04277
-0.0375
-0.03195
-0.02884
-0.03063
-0.03698
-0.04612
-0.05682
-0.06774
-0.07672
-0.08197
-0.08323
-0.08116
-0.07678
-0.07138
-0.06575
-0.06012
-0.05517
-0.05161
-0.04874
-0.04532
-0.04099
-0.03567
-0.02956
-0.02414
-0.02075
-0.01904
-0.0187
-0.02043
-0.02366
-0.02639
-0.02788
-0.02865
-0.02923
-0.03034
-0.03283
-0.037
-0.04259
-0.04929
-0.05583
-0.05897
-0.05575
-0.04607
-0.03173
-0.01535
-0.00072
0.00889
0.01295
0.01278
0.00976
0.00464
-0.00223
-0.00998
-0.01691
-0.0212
-0.02179
-0.01936
-0.01579
-0.01193
-0.00745
-0.00293
0.00056
0.00368
0.0081
0.01418
0.02103
0.02785
0.0346
0.04131
0.04695
0.05002
0.05039
0.04896
0.04642
0.04394
0.04294
0.0427
0.0406
0.03545
0.02844
0.02127
0.01543
0.01276
0.0143
0.01933
0.02636
0.03395
0.0407
0.04537
0.04674
0.04368
0.03607
0.02563
0.01566
0.00979
0.00934
0.01206
0.0146
0.01501
0.01224
0.00597
-0.00266
-0.01182
-0.02045
-0.02773
-0.032
-0.03142
-0.02505
-0.01353
0.00065
0.01371
0.02222
0.02522
0.02446
0.02215
0.01898
0.0146
0.00894
0.00272
-0.00314
-0.00786
-0.01057
-0.01112
-0.01092
-0.01183
-0.01507
-0.0207
-0.02693
-0.03113
-0.03184
-0.02872
-0.0213
-0.00986
0.00351
0.01621
0.02678
0.03413
0.03682
0.03442
0.02868
0.02196
0.01515
0.00848
0.00339
0.00146
0.00263
0.00619
0.01221
0.02029
0.02758
0.03025
0.02699
0.01963
0.011
0.00334
-0.00185
-0.0041
-0.00431
-0.00354
-0.00163
0.00174
0.00609
0.01046
0.01355
0.01461
0.01432
0.01389
0.01381
0.01365
0.0124
0.00946
0.00537
0.00126
-0.00173
-0.00263
-0.00181
-0.00139
-0.00293
-0.00552
-0.00684
-0.0051
0.00026
0.00762
0.01374
0.0165
0.01586
0.01228
0.007
0.0027
0.00101
0.00116
0.00257
0.00602
0.01162
0.01758
0.02149
0.02202
0.01956
0.01561
0.01169
0.00852
0.00649
0.00611
0.0076
0.01114
0.0166
0.02223
0.02591
0.02771
0.02917
0.03111
0.03331
0.03516
0.03571
0.03383
0.02893
0.0216
0.01313
0.00446
-0.00354
-0.00943
-0.01212
-0.01178
-0.00927
-0.00562
-0.0029
-0.00342
-0.00676
-0.00985
-0.01074
-0.00992
-0.00748
-0.00212
0.00644
0.01668
0.02661
0.03411
0.03764
0.03744
0.03418
0.02781
0.01869
0.00882
0.00071
-0.005
-0.00946
-0.01301
-0.01517
-0.01661
-0.01836
-0.02045
-0.02238
-0.02359
-0.0238
-0.02336
-0.02283
-0.02248
-0.02207
-0.02071
-0.01743
-0.01271
-0.00825
-0.0044
-0.00009
0.00449
0.00829
0.01113
0.01272
0.01192
0.00826
0.00271
-0.00303
-0.00732
-0.00924
-0.00912
-0.00845
-0.00827
-0.00764
-0.00505
-0.00083
0.00306
0.00552
0.00723
0.00898
0.01088
0.01311
0.01641
0.02116
0.02646
0.03087
0.03344
0.03391
0.0328
0.0306
0.02726
0.02311
0.01972
0.01903
0.02117
0.02395
0.02544
0.02584
0.02595
0.0253
0.02351
0.02179
0.02086
0.01933
0.01582
0.01049
0.00456
-0.00017
-0.00213
-0.0016
-0.00038
0.0002
-0.00039
-0.00186
-0.00317
-0.00403
-0.00535
-0.0072
-0.00787
-0.00619
-0.00351
-0.00154
0.00028
0.00327
0.00701
0.01009
0.01195
0.01275
0.01329
0.01555
0.02077
0.02711
0.03191
0.03493
0.03692
0.03722
0.03528
0.03208
0.02808
0.02226
0.01412
0.00476
-0.00346
-0.00816
-0.00948
-0.01027
-0.01302
-0.0182
-0.02509
-0.03246
-0.03913
-0.04466
-0.04916
-0.05263
-0.05529
-0.05757
-0.05914
-0.0588
-0.05595
-0.05169
-0.04819
-0.04685
-0.0471
-0.0476
-0.04795
-0.04868
-0.05005
-0.05189
-0.0537
-0.05459
-0.05433
-0.05388
-0.05407
-0.05475
-0.05557
-0.05668
-0.05808
-0.05889
-0.05833
-0.05678
-0.05488
-0.05259
-0.04978
-0.04643
-0.0423
-0.03771
-0.03419
-0.03262
-0.03164
-0.02929
-0.02529
-0.02049
-0.01536
-0.01034
-0.00596
-0.00212
0.00131
0.00389
0.00546
0.00655
0.00757
0.0087
0.01075
0.01472
0.01982
0.02409
0.02723
0.03021
0.03282
0.03412
0.03444
0.03469
0.03458
0.03368
0.03276
0.03292
0.03432
0.03606
0.03727
0.03813
0.03909
0.03982
0.04006
0.04039
0.04145
0.04332
0.04559
0.04753
0.04841
0.04811
0.04703
0.04549
0.0435
0.04108
0.03824
0.03488
0.03127
0.02801
0.02531
0.02303
0.02129
0.02015
0.01929
0.01833
0.01737
0.01682
0.01669
0.0167
0.01656
0.01598
0.01477
0.01268
0.00958
0.00594
0.00245
-0.00073
-0.0038
-0.00657
-0.00873
-0.01045
-0.01198
-0.01318
-0.01419
-0.01575
-0.01804
-0.02034
-0.0222
-0.02389
-0.0253
-0.02595
-0.02617
-0.02674
-0.02779
-0.02878
-0.02932
-0.02942
-0.02911
-0.02823
-0.02678
-0.02511
-0.02358
-0.02224
-0.02105
-0.02022
-0.01998
-0.02018
-0.02047
-0.02056
-0.02025
-0.01949
-0.01836
-0.01707
-0.01597
-0.01543
-0.01547
-0.01575
-0.01598
-0.01612
-0.01613
-0.01583
-0.01524
-0.0146
-0.01399
-0.01337
-0.01274
-0.01217
-0.01165
-0.01114
-0.01069
-0.01037
-0.01019
-0.01008
-0.00997
-0.0098
-0.00965
-0.00951
-0.00938
-0.00921
-0.00895
-0.00863
-0.0083
-0.00797
-0.0076
-0.00721
-0.00682
-0.00645
-0.00604
-0.00556
-0.00505
-0.00455
-0.00408
-0.00364
-0.00323
-0.00286
-0.00254
-0.00228
-0.00206
-0.00186
-0.00166
-0.00144
-0.0012
-0.00096
-0.00072
-0.0005
-0.00028
-0.00009
0.00009
0.00024
0.00037
0.00049
0.00059
0.00069
0.00078
0.00087
0.00095
0.00103
0.0011
0.00115
0.00121
0.00125
0.00129
0.00133
0.00136
0.00139
0.00142
0.00145
0.00148
0.0015
0.00152
0.00154
0.00156
0.00158
0.00159
0.00161
0.00162
0.00163
0.00165
0.00166
0.00167
0.00168
0.00169
0.00169
-0.00014
