-0.00012
-0.00059
-0.00122
-0.00144
-0.0012
-0.00105
-0.00113
-0.00118
-0.00111
-0.00099
-0.0009
-0.00087
-0.00083
-0.00068
-0.00044
-0.00036
-0.0005
-0.0007
-0.00086
-0.00103
-0.00127
-0.0015
-0.00152
-0.00121
-0.00074
-0.0005
-0.0006
-0.00054
0.0001
0.00074
0.00056
-0.00023
-0.00079
-0.00082
-0.00061
-0.00024
0.00042
0.00133
0.00211
0.00256
0.00336
0.00505
0.0064
0.00539
0.00183
-0.00258
-0.00624
-0.00846
-0.009
-0.00761
-0.00381
0.00243
0.00924
0.01352
0.01382
0.01087
0.00532
-0.00229
-0.00932
-0.01177
-0.00807
-0.00043
0.00745
0.01157
0.00781
-0.00435
-0.01843
-0.02643
-0.02656
-0.0199
-0.00383
0.02249
0.04796
0.05452
0.03451
-0.00254
-0.04036
-0.06663
-0.07347
-0.05798
-0.0267
0.00793
0.03741
0.05793
0.0647
0.0531
0.02505
-0.00873
-0.03499
-0.04766
-0.04983
-0.04456
-0.02501
0.014
0.05106
0.05387
0.0261
0.00024
-0.01187
-0.01998
-0.02247
-0.01081
0.00657
0.01006
-0.00785
-0.03521
-0.05481
-0.05978
-0.05038
-0.02133
0.03289
0.09717
0.13345
0.11136
0.04237
-0.02715
-0.05968
-0.05235
-0.02261
0.00931
0.01992
-0.00228
-0.02743
-0.01257
0.03292
0.06028
0.05397
0.03808
0.02316
-0.00245
-0.03489
-0.04658
-0.01923
0.03049
0.06252
0.05266
0.01426
-0.02351
-0.04233
-0.03542
-0.00346
0.04306
0.08791
0.11801
0.12262
0.09006
0.02094
-0.05947
-0.11427
-0.1139
-0.05297
0.03027
0.07666
0.07015
0.0474
0.03686
0.0282
0.00538
-0.02356
-0.03568
-0.02127
0.00244
0.01752
0.03406
0.06398
0.08448
0.06307
0.00685
-0.04237
-0.05724
-0.04833
-0.04008
-0.03697
-0.02623
-0.01165
-0.01462
-0.03375
-0.03872
-0.01252
0.02967
0.06286
0.06909
0.04071
-0.01202
-0.06274
-0.08504
-0.065
-0.00981
0.04823
0.07118
0.04925
0.00862
-0.01762
-0.02221
-0.02347
-0.03546
-0.05518
-0.07977
-0.10547
-0.1054
-0.04857
0.04701
0.11787
0.12172
0.06901
-0.00814
-0.08124
-0.12399
-0.1205
-0.07911
-0.02498
0.01461
0.0198
-0.0093
-0.05205
-0.08589
-0.09291
-0.05654
0.01701
0.08198
0.09487
0.06637
0.03631
0.01425
-0.01471
-0.04961
-0.08055
-0.10603
-0.11276
-0.07632
-0.00083
0.07907
0.13891
0.17434
0.17978
0.14739
0.0864
0.02746
-0.00166
-0.0011
0.01128
0.02521
0.03946
0.04987
0.04879
0.03372
0.01188
-0.00195
0.00651
0.03669
0.06915
0.08585
0.08162
0.04716
-0.02384
-0.09686
-0.11778
-0.08906
-0.06345
-0.04926
0.00133
0.09213
0.15065
0.11891
0.01792
-0.09482
-0.18989
-0.26317
-0.29365
-0.25004
-0.14342
-0.02816
0.0586
0.11581
0.14336
0.13573
0.09838
0.04217
-0.01969
-0.06948
-0.09893
-0.1093
-0.09477
-0.04834
0.02156
0.09486
0.14988
0.16328
0.12468
0.06525
0.03168
0.0187
-0.01419
-0.05945
-0.07097
-0.04675
-0.02445
-0.01293
0.00246
0.01299
0.00357
-0.01084
-0.00851
0.00526
0.01808
0.03576
0.06164
0.07865
0.07619
0.07257
0.08645
0.10145
0.08201
0.01
-0.10334
-0.21438
-0.25651
-0.19511
-0.07586
0.0171
0.04476
0.03526
0.0376
0.0611
0.06725
0.03112
-0.02143
-0.05978
-0.08946
-0.12241
-0.14591
-0.14161
-0.10632
-0.04906
0.0064
0.02502
-0.00703
-0.06555
-0.12008
-0.16237
-0.19532
-0.21616
-0.22021
-0.21607
-0.22592
-0.2595
-0.29897
-0.31795
-0.31025
-0.29955
-0.31056
-0.3321
-0.33507
-0.31616
-0.2933
-0.2758
-0.26401
-0.26045
-0.26461
-0.26951
-0.27046
-0.26704
-0.25734
-0.24205
-0.22792
-0.20611
-0.141
-0.02475
0.08266
0.1261
0.123
0.11177
0.09287
0.04402
-0.05019
-0.17406
-0.26925
-0.27054
-0.15271
0.04892
0.2514
0.39814
0.51376
0.63726
0.75335
0.83995
0.91014
0.96995
0.99888
0.99075
0.97442
0.98032
0.99999
0.99647
0.95073
0.87432
0.78219
0.68474
0.59981
0.52969
0.43219
0.27161
0.09342
-0.01987
-0.06363
-0.10595
-0.16901
-0.20218
-0.17597
-0.11439
-0.03633
0.05114
0.11032
0.09719
0.01916
-0.06965
-0.12205
-0.13891
-0.15399
-0.18535
-0.23117
-0.29607
-0.37593
-0.4424
-0.48276
-0.51885
-0.56352
-0.60585
-0.64594
-0.68949
-0.70247
-0.62729
-0.46738
-0.30179
-0.18621
-0.10351
-0.03486
-0.00318
-0.02834
-0.10059
-0.1964
-0.28563
-0.33867
-0.33811
-0.28666
-0.21556
-0.16335
-0.13977
-0.13333
-0.13204
-0.11916
-0.08653
-0.05923
-0.06979
-0.10841
-0.12477
-0.08345
-0.00575
0.06301
0.11794
0.18325
0.25261
0.29772
0.31578
0.31791
0.29035
0.21139
0.10145
0.01543
-0.02435
-0.04267
-0.05142
-0.03348
0.01158
0.0595
0.08935
0.08354
0.02695
-0.06305
-0.13361
-0.1472
-0.10996
-0.04639
0.0181
0.06093
0.08287
0.1068
0.1426
0.17649
0.19267
0.18224
0.14199
0.08337
0.03133
0.00521
0.00613
0.01908
0.03057
0.04839
0.08201
0.10454
0.07229
-0.01396
-0.09161
-0.09446
-0.02582
0.05369
0.10958
0.15923
0.22097
0.28398
0.32587
0.33754
0.33106
0.32419
0.32063
0.31328
0.29714
0.26319
0.19469
0.09946
0.02543
0.00308
-0.00066
-0.03503
-0.10263
-0.1684
-0.21054
-0.23687
-0.25179
-0.24262
-0.20764
-0.15964
-0.10588
-0.05855
-0.04337
-0.06914
-0.11181
-0.14467
-0.16562
-0.1848
-0.20023
-0.20081
-0.18433
-0.15641
-0.11973
-0.07709
-0.036
-0.00617
-0.00184
-0.03636
-0.09984
-0.15917
-0.19015
-0.1927
-0.17551
-0.14174
-0.09232
-0.03648
0.01192
0.04712
0.06995
0.08074
0.07981
0.06862
0.05118
0.0332
0.01448
-0.01313
-0.0542
-0.09748
-0.11746
-0.08945
-0.0114
0.08212
0.14597
0.17811
0.21545
0.26539
0.28578
0.24022
0.13784
0.02194
-0.06504
-0.11653
-0.15837
-0.19868
-0.20766
-0.1632
-0.08366
-0.00514
0.04547
0.06265
0.07252
0.11136
0.17899
0.23567
0.24475
0.19928
0.11738
0.0265
-0.0543
-0.12025
-0.1694
-0.19424
-0.19025
-0.16672
-0.14089
-0.12354
-0.11666
-0.12261
-0.14479
-0.17138
-0.16951
-0.11451
-0.02271
0.05812
0.09257
0.08665
0.07363
0.07736
0.09348
0.10512
0.10919
0.11427
0.11741
0.10624
0.08478
0.07479
0.08671
0.10553
0.11219
0.10538
0.09493
0.08828
0.09025
0.10024
0.10275
0.07686
0.02437
-0.02839
-0.06725
-0.10558
-0.15111
-0.18676
-0.19523
-0.17438
-0.12838
-0.06757
-0.00764
0.04551
0.09564
0.13996
0.16953
0.18341
0.19225
0.2082
0.23104
0.23853
0.19148
0.07311
-0.06227
-0.12313
-0.08426
-0.0064
0.04607
0.05704
0.05043
0.05964
0.0855
0.09081
0.05252
-0.00407
-0.03816
-0.04082
-0.0345
-0.03478
-0.02705
0.01276
0.08066
0.13894
0.15032
0.11253
0.05501
0.00603
-0.02783
-0.04896
-0.05221
-0.03464
-0.00799
0.01137
0.01528
0.00624
-0.00073
0.0139
0.05134
0.0872
0.0938
0.06343
0.01203
-0.03268
-0.05338
-0.05674
-0.05536
-0.04467
-0.01635
0.0161
0.02763
0.01415
-0.00264
-0.00743
-0.01361
-0.04395
-0.10049
-0.15881
-0.19033
-0.19147
-0.17724
-0.14756
-0.09022
-0.01864
0.02739
0.02605
-0.00867
-0.05928
-0.12447
-0.19436
-0.2355
-0.21819
-0.1423
-0.03287
0.07283
0.13872
0.14615
0.10121
0.03618
-0.00584
-0.01238
-0.00959
-0.01463
-0.017
-0.01225
-0.01264
-0.02388
-0.04013
-0.05648
-0.07051
-0.08083
-0.09051
-0.1009
-0.10142
-0.07636
-0.02486
0.03287
0.07248
0.08258
0.06347
0.02116
-0.02817
-0.05626
-0.04212
0.00516
0.05233
0.06904
0.04402
-0.01525
-0.08736
-0.14609
-0.17632
-0.17825
-0.15376
-0.10461
-0.04866
-0.01327
-0.00548
-0.00787
-0.00298
0.01157
0.02591
0.02609
0.00174
-0.04315
-0.08768
-0.11643
-0.1384
-0.1676
-0.19825
-0.21479
-0.21034
-0.18583
-0.14974
-0.12085
-0.11088
-0.10651
-0.08493
-0.04282
0.00155
0.0297
0.036
0.02326
-0.00353
-0.03578
-0.06063
-0.0707
-0.07425
-0.08675
-0.11121
-0.13623
-0.15182
-0.15593
-0.14738
-0.12241
-0.07891
-0.02133
0.04023
0.09533
0.13253
0.13751
0.09922
0.01732
-0.08691
-0.16948
-0.19964
-0.19045
-0.17038
-0.14244
-0.09361
-0.02864
0.02896
0.06632
0.09145
0.11127
0.12039
0.11707
0.11463
0.13147
0.17684
0.24613
0.3249
0.39772
0.45459
0.49254
0.51662
0.53341
0.53943
0.52568
0.4911
0.43735
0.3541
0.22821
0.07562
-0.05516
-0.13089
-0.16613
-0.18785
-0.19078
-0.15385
-0.08889
-0.04049
-0.02582
-0.00935
0.03949
0.10204
0.14758
0.17577
0.19934
0.21615
0.22201
0.23078
0.26038
0.30929
0.35958
0.39846
0.4295
0.45972
0.47998
0.46629
0.40185
0.29601
0.1774
0.06385
-0.0476
-0.15429
-0.23723
-0.2853
-0.3036
-0.29406
-0.25324
-0.19469
-0.15244
-0.15011
-0.17777
-0.20843
-0.22412
-0.21746
-0.18608
-0.13792
-0.08884
-0.04658
-0.00718
0.0313
0.06282
0.0822
0.08741
0.07128
0.0256
-0.04255
-0.11404
-0.17767
-0.23324
-0.2798
-0.31257
-0.32942
-0.33488
-0.33595
-0.33634
-0.33801
-0.34208
-0.34517
-0.3441
-0.34558
-0.36148
-0.39346
-0.42988
-0.45527
-0.45873
-0.43928
-0.40522
-0.36556
-0.32486
-0.28622
-0.25132
-0.21657
-0.1765
-0.12992
-0.07879
-0.0279
0.01413
0.04317
0.06384
0.0792
0.08856
0.0975
0.11417
0.13619
0.15379
0.16409
0.17334
0.18629
0.20002
0.20789
0.20503
0.19253
0.18197
0.18921
0.21542
0.24135
0.24695
0.23246
0.2192
0.22758
0.25121
0.25957
0.22984
0.17277
0.12804
0.12989
0.1762
0.23634
0.28268
0.31107
0.33826
0.37901
0.42433
0.44767
0.4288
0.36526
0.27271
0.18213
0.11847
0.0776
0.04187
0.01031
-0.00551
-0.00626
-0.00869
-0.02605
-0.05598
-0.08972
-0.12153
-0.14614
-0.15845
-0.15833
-0.15146
-0.148
-0.15675
-0.17471
-0.18673
-0.17971
-0.15699
-0.14031
-0.15493
-0.20653
-0.27452
-0.33287
-0.37031
-0.38187
-0.35655
-0.29378
-0.21912
-0.16269
-0.13121
-0.11152
-0.08978
-0.06375
-0.04444
-0.04723
-0.07677
-0.1153
-0.13287
-0.12272
-0.112
-0.12268
-0.14878
-0.18128
-0.22025
-0.25415
-0.2553
-0.20459
-0.11133
-0.00756
0.07626
0.1301
0.15721
0.15714
0.1296
0.08908
0.05856
0.04661
0.0423
0.03584
0.0321
0.03992
0.05929
0.08329
0.10714
0.13319
0.16602
0.20246
0.23421
0.26127
0.29024
0.31812
0.33157
0.3235
0.29804
0.25997
0.21221
0.16282
0.12257
0.09063
0.05012
-0.01185
-0.08477
-0.14458
-0.17518
-0.17403
-0.14878
-0.11487
-0.08659
-0.06745
-0.0528
-0.03843
-0.02401
-0.01132
-0.00184
0.00356
0.00414
-0.00015
-0.00821
-0.01701
-0.02071
-0.01158
0.0158
0.05693
0.09359
0.1039
0.07882
0.0279
-0.0275
-0.06766
-0.08795
-0.09755
-0.10383
-0.1058
-0.10282
-0.09876
-0.09574
-0.09093
-0.0812
-0.06722
-0.05365
-0.0465
-0.04855
-0.05756
-0.06945
-0.07958
-0.08161
-0.07096
-0.0492
-0.02165
0.00683
0.03343
0.05728
0.07717
0.09236
0.10673
0.12497
0.14344
0.15251
0.1475
0.1301
0.10093
0.05999
0.01332
-0.02992
-0.0645
-0.08684
-0.09185
-0.07667
-0.04208
0.00854
0.06525
0.11218
0.13999
0.15332
0.16096
0.16404
0.15791
0.1415
0.12063
0.10213
0.08711
0.07177
0.05385
0.03649
0.02494
0.02139
0.02442
0.03139
0.03921
0.04517
0.04822
0.04788
0.04264
0.03041
0.0113
-0.0109
-0.03352
-0.05758
-0.08058
-0.09382
-0.09179
-0.07738
-0.0585
-0.04451
-0.04143
-0.04779
-0.05848
-0.06997
-0.07911
-0.08153
-0.07438
-0.0577
-0.03418
-0.01026
0.00626
0.01386
0.01793
0.02041
0.01565
0.00164
-0.01266
-0.01772
-0.01318
-0.00273
0.01204
0.02995
0.04923
0.06878
0.08644
0.09729
0.09686
0.08468
0.06166
0.02767
-0.01314
-0.0506
-0.07565
-0.08611
-0.08771
-0.08989
-0.097
-0.10621
-0.11398
-0.11917
-0.12054
-0.11748
-0.11256
-0.10662
-0.09183
-0.0579
-0.00736
0.04339
0.07984
0.09726
0.09333
0.06307
0.00508
-0.06794
-0.13001
-0.16029
-0.15806
-0.13448
-0.0981
-0.05648
-0.02013
0.00861
0.03964
0.07699
0.109
0.12425
0.1244
0.11597
0.09934
0.0707
0.03138
-0.0072
-0.0291
-0.02539
-0.00045
0.03255
0.06069
0.0758
0.07546
0.06308
0.04224
0.01244
-0.02345
-0.05469
-0.07316
-0.0811
-0.08337
-0.07914
-0.06422
-0.03694
-0.00094
0.03533
0.06348
0.0793
0.0784
0.05307
0.00445
-0.0484
-0.08517
-0.10362
-0.11124
-0.1068
-0.08129
-0.03307
0.02555
0.07782
0.11371
0.13068
0.13192
0.12534
0.11549
0.09572
0.05699
0.00362
-0.04828
-0.08671
-0.10974
-0.12123
-0.12765
-0.13286
-0.13247
-0.11807
-0.08751
-0.04775
-0.00685
0.03333
0.07397
0.11269
0.14407
0.16446
0.17339
0.1709
0.15645
0.1328
0.10861
0.09261
0.08654
0.08644
0.08701
0.08159
0.06317
0.031
-0.00484
-0.02937
-0.03414
-0.02276
-0.00416
0.01779
0.04351
0.06992
0.09078
0.1038
0.11248
0.12027
0.12594
0.12675
0.1227
0.11395
0.09775
0.07265
0.04397
0.0201
0.0041
-0.00636
-0.0122
-0.0117
-0.00501
0.00426
0.0112
0.01154
0.00221
-0.0185
-0.04847
-0.07914
-0.10013
-0.10724
-0.10165
-0.08228
-0.0468
-0.00226
0.03421
0.05195
0.05512
0.04932
0.03193
0.00125
-0.03444
-0.06106
-0.06936
-0.06008
-0.03854
-0.00985
0.01848
0.03819
0.04716
0.04803
0.04142
0.02513
-0.00192
-0.03625
-0.06967
-0.09356
-0.1036
-0.10103
-0.09045
-0.07745
-0.06713
-0.06245
-0.06391
-0.07003
-0.07748
-0.08267
-0.08423
-0.08315
-0.08117
-0.07971
-0.07911
-0.07855
-0.07718
-0.07472
-0.07077
-0.06495
-0.05866
-0.05488
-0.05484
-0.05616
-0.05439
-0.04557
-0.0288
-0.00801
0.01103
0.02618
0.0391
0.05009
0.05607
0.05485
0.04872
0.04143
0.03335
0.0213
0.00241
-0.02159
-0.04512
-0.06481
-0.0824
-0.09994
-0.11512
-0.12304
-0.12172
-0.11478
-0.1075
-0.10129
-0.09386
-0.08283
-0.06691
-0.04656
-0.02574
-0.00989
-0.00042
0.00537
0.00893
0.00901
0.00575
0.00187
-0.00094
-0.00256
-0.00143
0.00587
0.02048
0.03716
0.04701
0.0451
0.03262
0.01406
-0.00381
-0.01411
-0.01551
-0.01238
-0.00834
-0.00363
0.00126
0.00414
0.00401
0.00223
0.00039
-0.00039
0.00141
0.00651
0.01291
0.01775
0.02031
0.02138
0.02148
0.02101
0.02112
0.02386
0.03177
0.04546
0.06123
0.07381
0.08064
0.08192
0.07811
0.06862
0.05226
0.03111
0.01299
0.00538
0.008
0.01642
0.03006
0.04928
0.06746
0.07467
0.06843
0.05422
0.03581
0.01171
-0.0168
-0.04044
-0.05019
-0.04583
-0.03121
-0.00801
0.02003
0.04423
0.05862
0.06517
0.06788
0.06745
0.06391
0.05902
0.05381
0.04684
0.03641
0.02369
0.01326
0.00976
0.0144
0.02464
0.03575
0.04219
0.0394
0.02429
-0.00239
-0.0317
-0.05096
-0.05603
-0.05369
-0.05224
-0.05458
-0.05897
-0.06272
-0.06376
-0.06054
-0.0532
-0.04435
-0.03638
-0.02994
-0.02543
-0.02289
-0.02035
-0.0156
-0.00926
-0.00337
0.00171
0.00693
0.01253
0.01799
0.02303
0.02856
0.03612
0.04476
0.04988
0.04837
0.04248
0.03546
0.02845
0.0233
0.02204
0.02303
0.02275
0.02035
0.01761
0.01666
0.01844
0.02196
0.02557
0.02865
0.03114
0.03283
0.03419
0.03543
0.03462
0.02971
0.02185
0.01386
0.00672
-0.00016
-0.00685
-0.01281
-0.01765
-0.02143
-0.02432
-0.02615
-0.02544
-0.01999
-0.01002
0.00007
0.00472
0.00192
-0.00573
-0.01405
-0.02024
-0.02399
-0.02603
-0.02495
-0.01768
-0.00446
0.01059
0.02507
0.04061
0.05874
0.07765
0.09334
0.10284
0.10532
0.10097
0.09114
0.07937
0.06968
0.0635
0.05921
0.05414
0.04654
0.03584
0.0232
0.01123
0.0005
-0.01152
-0.02584
-0.03958
-0.05016
-0.05848
-0.06664
-0.07511
-0.083
-0.08932
-0.09309
-0.09285
-0.08711
-0.07587
-0.06027
-0.04034
-0.01607
0.00877
0.02694
0.03437
0.03373
0.02922
0.02142
0.01039
-0.00009
-0.00537
-0.00603
-0.00739
-0.01389
-0.02715
-0.04676
-0.06915
-0.08815
-0.10002
-0.10638
-0.11021
-0.11228
-0.11261
-0.11154
-0.10903
-0.1054
-0.10176
-0.09928
-0.0989
-0.10091
-0.10424
-0.10697
-0.10766
-0.10567
-0.10052
-0.09209
-0.0817
-0.07203
-0.06566
-0.06345
-0.06369
-0.06371
-0.06273
-0.06154
-0.06034
-0.05922
-0.05869
-0.0573
-0.05176
-0.04051
-0.02534
-0.0092
0.0057
0.01815
0.02749
0.03319
0.03562
0.03667
0.03774
0.03789
0.03495
0.02672
0.01196
-0.00673
-0.02263
-0.03056
-0.03093
-0.02659
-0.01918
-0.00974
0.00047
0.01083
0.02118
0.03015
0.03544
0.03656
0.0359
0.03632
0.03852
0.04122
0.04342
0.04571
0.04817
0.04876
0.04538
0.03761
0.02783
0.0211
0.02102
0.02588
0.03097
0.03318
0.03229
0.02921
0.02429
0.01843
0.01403
0.0132
0.01576
0.01971
0.02278
0.02347
0.02127
0.01607
0.00815
-0.00102
-0.00938
-0.01631
-0.02321
-0.03181
-0.04234
-0.05298
-0.06029
-0.06072
-0.05311
-0.03958
-0.02354
-0.008
0.00463
0.01362
0.02081
0.02819
0.03559
0.04238
0.04996
0.05986
0.0707
0.07991
0.08681
0.09184
0.09489
0.09558
0.09275
0.08439
0.07046
0.05398
0.03892
0.02948
0.02892
0.03573
0.04367
0.04736
0.04511
0.03703
0.02325
0.00535
-0.01228
-0.02455
-0.02975
-0.03033
-0.02959
-0.02904
-0.02871
-0.0278
-0.02473
-0.01853
-0.01014
-0.00091
0.00835
0.0164
0.02162
0.02287
0.01958
0.01232
0.00279
-0.00654
-0.01264
-0.01388
-0.01223
-0.01102
-0.01054
-0.00819
-0.00254
0.00495
0.012
0.01816
0.02457
0.0312
0.03657
0.04
0.04146
0.04048
0.03661
0.03023
0.02327
0.01795
0.01465
0.01293
0.01273
0.01328
0.0133
0.01256
0.0107
0.00579
-0.00353
-0.0154
-0.02599
-0.03178
-0.03072
-0.02339
-0.0132
-0.00345
0.00465
0.01059
0.01362
0.01408
0.0136
0.01272
0.01061
0.00801
0.0071
0.00794
0.00896
0.01025
0.01349
0.01904
0.02594
0.03433
0.04476
0.05531
0.06256
0.06488
0.06289
0.05851
0.05404
0.05094
0.04936
0.04933
0.05148
0.0565
0.06407
0.07323
0.08367
0.09549
0.10801
0.12047
0.1325
0.14285
0.14989
0.15262
0.15023
0.14195
0.12804
0.11066
0.09414
0.08297
0.07823
0.07782
0.08002
0.08429
0.08897
0.09114
0.08905
0.08338
0.07554
0.06606
0.05573
0.0471
0.04268
0.04239
0.04475
0.04883
0.05383
0.05872
0.06369
0.0697
0.07606
0.08067
0.08294
0.0841
0.08469
0.08371
0.08008
0.07334
0.06339
0.05113
0.03839
0.02594
0.01256
-0.00292
-0.01888
-0.03165
-0.03962
-0.04446
-0.04729
-0.04697
-0.04333
-0.03917
-0.03732
-0.03759
-0.03849
-0.03951
-0.04004
-0.03868
-0.03537
-0.0321
-0.03112
-0.03416
-0.04263
-0.05652
-0.0737
-0.0921
-0.11187
-0.13369
-0.15631
-0.17704
-0.19341
-0.20354
-0.20701
-0.20626
-0.20466
-0.20354
-0.20289
-0.20347
-0.20549
-0.20719
-0.2064
-0.20224
-0.19483
-0.18457
-0.17293
-0.16291
-0.15639
-0.15143
-0.1451
-0.13734
-0.12937
-0.12054
-0.10944
-0.0969
-0.0859
-0.07844
-0.07377
-0.07061
-0.06909
-0.06921
-0.06911
-0.06687
-0.06262
-0.05781
-0.05338
-0.0488
-0.0427
-0.03435
-0.02387
-0.01205
-0.00107
0.00668
0.01177
0.01682
0.02213
0.02554
0.02579
0.02326
0.01808
0.00988
-0.00013
-0.00861
-0.0135
-0.01589
-0.01755
-0.01934
-0.02197
-0.0257
-0.02986
-0.03391
-0.03732
-0.03868
-0.03706
-0.03377
-0.03138
-0.0317
-0.03528
-0.04177
-0.04985
-0.05718
-0.06193
-0.0639
-0.06313
-0.05927
-0.05324
-0.04777
-0.04529
-0.04588
-0.04826
-0.05196
-0.05721
-0.06305
-0.06769
-0.07052
-0.07219
-0.07356
-0.07556
-0.07835
-0.08094
-0.08261
-0.08392
-0.08513
-0.08508
-0.08258
-0.07806
-0.0729
-0.06801
-0.06302
-0.05664
-0.04815
-0.03866
-0.03015
-0.02321
-0.01639
-0.00833
0.00073
0.00985
0.01848
0.02633
0.03319
0.03926
0.04597
0.05561
0.06838
0.08191
0.09482
0.10848
0.12427
0.1412
0.15644
0.16703
0.17181
0.17178
0.16771
0.15964
0.149
0.13896
0.13201
0.12852
0.12718
0.12607
0.12418
0.12153
0.11801
0.11295
0.10601
0.09743
0.08803
0.07889
0.07048
0.06253
0.05577
0.05248
0.05421
0.06032
0.06884
0.07756
0.08408
0.08625
0.08346
0.07703
0.06942
0.06383
0.0627
0.06566
0.06969
0.07157
0.07033
0.06692
0.06152
0.05309
0.04114
0.02666
0.01223
0.00084
-0.00627
-0.00962
-0.00945
-0.00503
0.00381
0.01506
0.0258
0.0349
0.04239
0.04742
0.0495
0.05045
0.05207
0.05339
0.05298
0.05224
0.05355
0.05678
0.05999
0.06213
0.06352
0.06409
0.06246
0.05811
0.05353
0.05202
0.05456
0.0605
0.06938
0.07987
0.08922
0.09573
0.10033
0.10408
0.10639
0.1064
0.10397
0.09893
0.09145
0.08216
0.07115
0.05824
0.04428
0.03085
0.01942
0.0107
0.0041
-0.00202
-0.00902
-0.01706
-0.02537
-0.03187
-0.03385
-0.0307
-0.02475
-0.01885
-0.01476
-0.01311
-0.01379
-0.01695
-0.02318
-0.03234
-0.04293
-0.05283
-0.06094
-0.06788
-0.0744
-0.07947
-0.08163
-0.08172
-0.08168
-0.08173
-0.08092
-0.07899
-0.07588
-0.07166
-0.06773
-0.06552
-0.06474
-0.06503
-0.06754
-0.07261
-0.07855
-0.08398
-0.08941
-0.0958
-0.10298
-0.10962
-0.11505
-0.12041
-0.12684
-0.13338
-0.1382
-0.14036
-0.13916
-0.13417
-0.12683
-0.11932
-0.11171
-0.10344
-0.09577
-0.08991
-0.08543
-0.08255
-0.08231
-0.08384
-0.08441
-0.08293
-0.08101
-0.07961
-0.07731
-0.07344
-0.07003
-0.06894
-0.06971
-0.07093
-0.07147
-0.07033
-0.06735
-0.06326
-0.05877
-0.05459
-0.05152
-0.04953
-0.04815
-0.04781
-0.04857
-0.04827
-0.04447
-0.03741
-0.02957
-0.02287
-0.01665
-0.00837
0.00307
0.016
0.0284
0.03985
0.05019
0.05854
0.06378
0.0656
0.06466
0.06147
0.05655
0.05208
0.05069
0.05258
0.05641
0.06193
0.06912
0.07657
0.0826
0.08611
0.08659
0.0849
0.08264
0.08009
0.07719
0.07512
0.07459
0.0741
0.07212
0.06954
0.06813
0.06769
0.06688
0.06545
0.06349
0.05975
0.05278
0.04344
0.0344
0.0272
0.02186
0.01858
0.01728
0.01699
0.01727
0.01826
0.01971
0.02143
0.02362
0.02592
0.0272
0.02703
0.02614
0.02478
0.02224
0.01871
0.01574
0.01507
0.01816
0.025
0.03366
0.04201
0.04877
0.0534
0.05645
0.05888
0.06084
0.0616
0.06057
0.05763
0.05339
0.04992
0.0494
0.05149
0.05427
0.05695
0.05965
0.06111
0.05924
0.05443
0.04966
0.04685
0.04568
0.04568
0.04683
0.04871
0.05044
0.05117
0.05049
0.04857
0.04569
0.04175
0.03729
0.03405
0.03334
0.03461
0.03645
0.0382
0.03962
0.04003
0.03881
0.03562
0.03001
0.02232
0.01458
0.00884
0.00494
0.00138
-0.00277
-0.00773
-0.01276
-0.01552
-0.01427
-0.0105
-0.00758
-0.00782
-0.01169
-0.01822
-0.02501
-0.0292
-0.02941
-0.02634
-0.02125
-0.01522
-0.00993
-0.00771
-0.00993
-0.01585
-0.0236
-0.03191
-0.03997
-0.04616
-0.04826
-0.0456
-0.04031
-0.03511
-0.0305
-0.02529
-0.01946
-0.01484
-0.01332
-0.01555
-0.0207
-0.02635
-0.02987
-0.03064
-0.02976
-0.0277
-0.02417
-0.02005
-0.01704
-0.01548
-0.01461
-0.01417
-0.0141
-0.01403
-0.01398
-0.01426
-0.01464
-0.01457
-0.01426
-0.01473
-0.01659
-0.01945
-0.02294
-0.02713
-0.03194
-0.03645
-0.03971
-0.04184
-0.04361
-0.04537
-0.04708
-0.04874
-0.05047
-0.05299
-0.05729
-0.063
-0.06901
-0.07533
-0.08204
-0.08771
-0.09078
-0.09118
-0.08973
-0.08719
-0.08407
-0.08114
-0.07963
-0.08049
-0.0837
-0.08853
-0.09371
-0.09715
-0.09706
-0.09395
-0.08978
-0.08539
-0.08098
-0.07776
-0.07656
-0.07633
-0.07597
-0.07612
-0.0778
-0.08059
-0.08341
-0.08578
-0.08695
-0.08572
-0.08189
-0.07651
-0.07078
-0.06566
-0.06145
-0.05765
-0.05416
-0.05176
-0.05039
-0.04904
-0.04793
-0.04763
-0.04703
-0.04502
-0.04237
-0.04017
-0.03835
-0.03687
-0.03632
-0.0368
-0.03743
-0.03713
-0.03541
-0.03262
-0.02987
-0.0279
-0.02594
-0.02216
-0.01596
-0.00875
-0.00208
0.0041
0.0107
0.0176
0.02334
0.02671
0.02745
0.02599
0.02361
0.02219
0.02301
0.02597
0.03003
0.03426
0.03823
0.04195
0.04595
0.05063
0.05566
0.06044
0.06508
0.07013
0.07573
0.08144
0.08661
0.09079
0.09425
0.09784
0.1019
0.10592
0.10946
0.11222
0.11318
0.11179
0.1094
0.10754
0.10627
0.10584
0.10774
0.11261
0.11885
0.12454
0.12945
0.13417
0.13842
0.14119
0.14187
0.14072
0.13799
0.13379
0.12875
0.1235
0.11748
0.11015
0.10244
0.09608
0.09179
0.08876
0.08559
0.08137
0.07616
0.07085
0.0663
0.06267
0.05979
0.05771
0.0567
0.05624
0.05464
0.05093
0.04619
0.04169
0.03724
0.03233
0.02728
0.02254
0.01834
0.01479
0.0114
0.00708
0.00163
-0.00332
-0.00626
-0.00787
-0.01008
-0.01394
-0.01897
-0.02434
-0.02995
-0.03575
-0.0405
-0.04244
-0.04098
-0.0372
-0.03277
-0.02857
-0.02435
-0.02031
-0.0181
-0.01844
-0.01969
-0.02085
-0.02299
-0.02664
-0.03081
-0.03469
-0.03796
-0.04029
-0.04134
-0.04034
-0.03688
-0.03217
-0.0284
-0.02729
-0.02934
-0.03325
-0.03708
-0.03963
-0.04024
-0.0391
-0.03754
-0.03681
-0.03742
-0.03923
-0.04081
-0.04063
-0.03961
-0.0401
-0.04227
-0.04427
-0.04547
-0.04637
-0.04639
-0.0446
-0.04141
-0.03775
-0.03423
-0.03143
-0.02983
-0.03004
-0.0326
-0.03734
-0.04324
-0.04854
-0.05123
-0.05071
-0.04848
-0.04639
-0.04463
-0.04202
-0.03819
-0.03455
-0.03246
-0.03124
-0.02911
-0.02613
-0.02392
-0.02246
-0.02025
-0.01691
-0.01273
-0.00719
-0.00058
0.00511
0.00865
0.01046
0.01085
0.01015
0.00925
0.00821
0.00633
0.00387
0.00167
-0.00051
-0.00336
-0.00619
-0.00751
-0.00694
-0.0051
-0.00226
0.00133
0.0045
0.0059
0.00519
0.00302
-0.00023
-0.00467
-0.00976
-0.01408
-0.01616
-0.01568
-0.01389
-0.01266
-0.01295
-0.01428
-0.01589
-0.01786
-0.02071
-0.02393
-0.02586
-0.02512
-0.02226
-0.01957
-0.01859
-0.01865
-0.01898
-0.02011
-0.02196
-0.02305
-0.02281
-0.02257
-0.02404
-0.02726
-0.03063
-0.03297
-0.03438
-0.03489
-0.0341
-0.03196
-0.02839
-0.02275
-0.01533
-0.00822
-0.00306
0.00097
0.00505
0.00858
0.01083
0.01236
0.01375
0.0143
0.01289
0.00948
0.00552
0.00239
0.0003
-0.00125
-0.0028
-0.00443
-0.00569
-0.00656
-0.00693
-0.00548
-0.00114
0.00564
0.01411
0.02327
0.03117
0.0366
0.03981
0.04061
0.03804
0.03268
0.02687
0.02195
0.01726
0.01237
0.00809
0.00498
0.00326
0.00359
0.00603
0.00901
0.01072
0.01144
0.01281
0.01475
0.015
0.01201
0.00695
0.00213
-0.00145
-0.00359
-0.00332
0.00067
0.00826
0.01735
0.02551
0.03178
0.03635
0.03894
0.0393
0.03808
0.03612
0.03372
0.03099
0.02829
0.02625
0.02531
0.02512
0.02498
0.02468
0.02441
0.02396
0.0228
0.02066
0.01748
0.01382
0.01102
0.00969
0.00848
0.00595
0.00206
-0.00287
-0.00905
-0.01646
-0.02478
-0.03352
-0.04228
-0.05057
-0.05699
-0.05954
-0.05788
-0.0534
-0.0467
-0.03747
-0.0266
-0.01602
-0.00688
0.00098
0.00793
0.01356
0.01711
0.01826
0.01726
0.01476
0.01209
0.01096
0.01235
0.01535
0.01782
0.0187
0.01884
0.0187
0.01714
0.01333
0.00768
0.00094
-0.00545
-0.00978
-0.01203
-0.01301
-0.01241
-0.00981
-0.00599
-0.0021
0.00124
0.00368
0.00515
0.00628
0.00749
0.00822
0.00831
0.00876
0.01025
0.01292
0.01721
0.02318
0.0296
0.03529
0.04027
0.04472
0.04778
0.04855
0.04734
0.04538
0.04376
0.04279
0.04239
0.04276
0.04384
0.04467
0.04443
0.04353
0.04282
0.04212
0.04044
0.03758
0.03464
0.03227
0.02998
0.02777
0.02635
0.02543
0.02414
0.02242
0.02053
0.01823
0.01518
0.01154
0.00797
0.00483
0.00166
-0.00191
-0.00535
-0.00764
-0.00825
-0.00744
-0.00594
-0.00449
-0.00345
-0.00298
-0.00331
-0.00423
-0.00501
-0.00525
-0.00548
-0.00625
-0.00716
-0.00758
-0.00787
-0.00882
-0.0104
-0.01194
-0.01318
-0.01444
-0.01577
-0.01658
-0.01671
-0.01661
-0.01627
-0.01514
-0.01326
-0.01128
-0.00974
-0.00904
-0.00945
-0.01046
-0.01117
-0.0115
-0.01198
-0.01236
-0.01176
-0.01014
-0.00821
-0.00632
-0.00444
-0.00271
-0.00137
-0.00053
-0.0005
-0.0015
-0.00319
-0.00504
-0.00687
-0.00877
-0.01057
-0.01186
-0.01253
-0.01277
-0.01274
-0.01245
-0.01184
-0.01091
-0.0098
-0.00861
-0.00738
-0.00632
-0.00565
-0.00522
-0.00477
-0.00436
-0.0041
-0.0037
-0.00299
-0.00222
-0.0016
-0.00097
-0.00022
0.00049
0.00093
0.00097
0.00077
0.00058
0.00044
0.00017
-0.00038
-0.00105
-0.00164
-0.00203
-0.00227
-0.00242
-0.00256
-0.00284
-0.00341
-0.00414
-0.00481
-0.00534
-0.00575
-0.00601
-0.0061
-0.00611
-0.00603
-0.00582
-0.00554
-0.00532
-0.0052
-0.00519
-0.00523
-0.00528
-0.00529
-0.00529
-0.00531
-0.00534
-0.00539
-0.00543
-0.00546
-0.00545
-0.00543
-0.00539
-0.00531
-0.00522
-0.00515
-0.00509
-0.00504
-0.00499
-0.00496
-0.00493
-0.0049
-0.00487
-0.00484
-0.0048
-0.00474
-0.00467
-0.0046
-0.00453
-0.00445
-0.00438
-0.0043
-0.00422
-0.00416
-0.00409
-0.00403
-0.00396
-0.0039
-0.00383
-0.00378
-0.00372
-0.00366
-0.00359
-0.00353
-0.00346
-0.00339
-0.00333
-0.00326
-0.00319
-0.00313
-0.00306
-0.00299
-0.00293
-0.00286
-0.0028
-0.00274
-0.00267
-0.00261
-0.00254
-0.00248
-0.00242
-0.00235
-0.00229
-0.00223
-0.00217
-0.00211
-0.00023
