-0.003347578
-0.003276353
-0.003205128
-0.003133903
-0.003098291
-0.003027066
-0.00295584
-0.002884615
-0.00281339
-0.002742165
-0.00267094
-0.002599715
-0.002492877
-0.002421652
-0.002350427
-0.002279202
-0.002207977
-0.002136752
-0.002065527
-0.001994302
-0.001923077
-0.001851852
-0.001780627
-0.001673789
-0.001602564
-0.001531339
-0.001460114
-0.001388889
-0.001317664
-0.001246439
-0.001175214
-0.001103989
-0.000997151
-0.000925926
-0.000854701
-0.000783476
-0.000712251
-0.000641026
-0.000569801
-0.000534188
-0.000462963
-0.00042735
-0.000391738
-0.000320513
-0.000213675
-7.12251E-05
7.12251E-05
0.0002849
0.000498575
0.000712251
0.000854701
0.000961538
0.001032764
0.001032764
0.000997151
0.000961538
0.000925926
0.000890313
0.000854701
0.000854701
0.000819088
0.000783476
0.000783476
0.000783476
0.000925926
0.001139601
0.001460114
0.001780627
0.002029915
0.002136752
0.00210114
0.001994302
0.001816239
0.001673789
0.001531339
0.001495726
0.001531339
0.001709402
0.002065527
0.002564103
0.003311966
0.004344729
0.005698006
0.007371795
0.009294872
0.011431624
0.013603989
0.015562678
0.016987179
0.017628205
0.017450142
0.016702279
0.015705128
0.01502849
0.015064103
0.016025641
0.01784188
0.02008547
0.022364672
0.024145299
0.025249288
0.025641026
0.025462963
0.025
0.0247151
0.024893162
0.025712251
0.027065527
0.028561254
0.02977208
0.03034188
0.030128205
0.029237892
0.02781339
0.026103989
0.024358974
0.022685185
0.021082621
0.019693732
0.018696581
0.018269231
0.018304843
0.018126781
0.016631054
0.012891738
0.006481481
-0.002457265
-0.013247863
-0.024074074
-0.03215812
-0.034793447
-0.030448718
-0.019195157
-0.002457265
0.017770655
0.039529915
0.061396011
0.08215812
0.100249288
0.114245014
0.123504274
0.128276353
0.12962963
0.128952991
0.127492877
0.126210826
0.125534188
0.126068376
0.129344729
0.137321937
0.150605413
0.167022792
0.182229345
0.192058405
0.193910256
0.187535613
0.17457265
0.157621083
0.139280627
0.121438746
0.104843305
0.089387464
0.074216524
0.058368946
0.041096866
0.02204416
0.001282051
-0.020762108
-0.043625356
-0.066915954
-0.09045584
-0.114245014
-0.138390313
-0.163105413
-0.188390313
-0.213995726
-0.238532764
-0.258119658
-0.268589744
-0.267948718
-0.257336182
-0.240242165
-0.221830484
-0.207193732
-0.19957265
-0.198824786
-0.199928775
-0.195477208
-0.178846154
-0.146331909
-0.094871795
-0.021866097
0.073504274
0.186396011
0.302065527
0.400961538
0.467735043
0.49747151
0.495512821
0.473717949
0.44522792
0.420299145
0.404309117
0.39761396
0.397150997
0.398504274
0.397792023
0.39284188
0.383440171
0.370833333
0.356980057
0.343589744
0.331232194
0.318803419
0.304202279
0.285541311
0.261752137
0.231089744
0.190064103
0.13482906
0.063603989
-0.022507123
-0.117058405
-0.205555556
-0.270975783
-0.301424501
-0.293981481
-0.254451567
-0.194017094
-0.124608262
-0.054700855
0.012428775
0.07767094
0.142913105
0.20462963
0.253490028
0.27962963
0.277635328
0.248112536
0.197008547
0.132478632
0.062393162
-0.007692308
-0.075106838
-0.139779202
-0.20281339
-0.262998575
-0.314031339
-0.347970085
-0.359401709
-0.347685185
-0.316773504
-0.27289886
-0.221545584
-0.166203704
-0.108333333
-0.048183761
0.014529915
0.080021368
0.146830484
0.207621083
0.250320513
0.264173789
0.244729345
0.195299145
0.125462963
0.04732906
-0.028739316
-0.096581197
-0.154736467
-0.20548433
-0.252635328
-0.296367521
-0.329522792
-0.341381766
-0.323931624
-0.275391738
-0.20042735
-0.110968661
-0.026282051
0.033618234
0.055947293
0.038390313
-0.012820513
-0.086965812
-0.172507123
-0.259864672
-0.342628205
-0.41798433
-0.485861823
-0.544480057
-0.587321937
-0.606873219
-0.598860399
-0.563782051
-0.506160969
-0.432977208
-0.351709402
-0.268767806
-0.191915954
-0.131303419
-0.095477208
-0.087962963
-0.106267806
-0.143019943
-0.187321937
-0.227136752
-0.253561254
-0.262998575
-0.25701567
-0.240705128
-0.220192308
-0.200498575
-0.184650997
-0.174501425
-0.171331909
-0.17542735
-0.186039886
-0.201566952
-0.22008547
-0.239138177
-0.25252849
-0.250676638
-0.225320513
-0.172970085
-0.096260684
-0.005163818
0.082086895
0.145797721
0.172685185
0.159793447
0.113995726
0.048575499
-0.021937322
-0.086467236
-0.139636752
-0.181623932
-0.216096866
-0.245334758
-0.266595442
-0.274501425
-0.264565527
-0.235648148
-0.190740741
-0.138710826
-0.093126781
-0.066381766
-0.065277778
-0.089458689
-0.132905983
-0.186965812
-0.243055556
-0.291132479
-0.318126781
-0.312891738
-0.270690883
-0.19494302
-0.095868946
0.012891738
0.118910256
0.213461538
0.289850427
0.343447293
0.373361823
0.38258547
0.376923077
0.363105413
0.347400285
0.334330484
0.32485755
0.31712963
0.308048433
0.295121083
0.27724359
0.254843305
0.229415954
0.20281339
0.176673789
0.151816239
0.128490028
0.106232194
0.084366097
0.062678063
0.043767806
0.033297721
0.037108262
0.058333333
0.096189459
0.146616809
0.201210826
0.246759259
0.270192308
0.263960114
0.228276353
0.170690883
0.102492877
0.036930199
-0.010897436
-0.028276353
-0.009757835
0.041666667
0.113639601
0.184294872
0.230413105
0.236538462
0.199430199
0.128596866
0.043981481
-0.032122507
-0.083725071
-0.106695157
-0.107834758
-0.0997151
-0.09480057
-0.101282051
-0.121296296
-0.143910256
-0.135505698
-0.06264245
0.073967236
0.240633903
0.392200855
0.491987179
0.522507123
0.486324786
0.400961538
0.290242165
0.175997151
0.072507123
-0.014814815
-0.087143875
-0.149394587
-0.207478632
-0.264351852
-0.316951567
-0.358368946
-0.38244302
-0.386467236
-0.372008547
-0.343732194
-0.307692308
-0.269408832
-0.233084046
-0.203881766
-0.189387464
-0.196153846
-0.224786325
-0.266452991
-0.30701567
-0.333831909
-0.340420228
-0.32724359
-0.299964387
-0.266096866
-0.230840456
-0.184152422
-0.102207977
0.019622507
0.161858974
0.295726496
0.39732906
0.455519943
0.472400285
0.459152422
0.430306268
0.398931624
0.375498575
0.370548433
0.390883191
0.431018519
0.475605413
0.507478632
0.51502849
0.495049858
0.452172365
0.395156695
0.333012821
0.272222222
0.215705128
0.163212251
0.11235755
0.059900285
0.003383191
-0.058084046
-0.122008547
-0.181801994
-0.229665242
-0.260363248
-0.27289886
-0.270441595
-0.258475783
-0.242877493
-0.228774929
-0.221509972
-0.224252137
-0.234437322
-0.245548433
-0.250747863
-0.245584046
-0.229344729
-0.205804843
-0.182122507
-0.16545584
-0.16025641
-0.16727208
-0.182941595
-0.198753561
-0.204309117
-0.191773504
-0.158511396
-0.10772792
-0.04775641
0.008760684
0.049465812
0.065740741
0.052279202
0.007549858
-0.065242165
-0.155128205
-0.238746439
-0.288354701
-0.283938746
-0.222578348
-0.124679487
-0.026032764
0.038995726
0.05014245
0.006517094
-0.076780627
-0.17738604
-0.274252137
-0.353098291
-0.407799145
-0.437143875
-0.44227208
-0.424323362
-0.381837607
-0.313675214
-0.225961538
-0.132905983
-0.050462963
0.010007123
0.04480057
0.057407407
0.055698006
0.049430199
0.049893162
0.067343305
0.107051282
0.167378917
0.239245014
0.308796296
0.362891738
0.393874644
0.3997151
0.382941595
0.349038462
0.304807692
0.256267806
0.207799145
0.161894587
0.119480057
0.080021368
0.042378917
0.005128205
-0.033511396
-0.076246439
-0.122720798
-0.164921652
-0.19002849
-0.188034188
-0.156837607
-0.102172365
-0.034259259
0.036039886
0.099145299
0.148931624
0.182656695
0.199323362
0.199109687
0.183796296
0.156588319
0.122008547
0.088782051
0.070797721
0.080270655
0.11798433
0.170940171
0.21980057
0.248041311
0.247400285
0.218803419
0.169978632
0.111253561
0.051780627
-0.002457265
-0.047720798
-0.078596866
-0.089102564
-0.075747863
-0.039423077
0.013888889
0.072008547
0.120477208
0.148290598
0.151175214
0.131730769
0.096937322
0.05477208
0.011858974
-0.027884615
-0.062678063
-0.09212963
-0.116025641
-0.132264957
-0.13735755
-0.128846154
-0.106588319
-0.073148148
-0.032478632
0.011111111
0.054344729
0.093304843
0.121225071
0.130876068
0.117913105
0.082692308
0.02977208
-0.034152422
-0.101851852
-0.163497151
-0.206089744
-0.218554131
-0.196474359
-0.143839031
-0.071011396
0.00982906
0.088176638
0.155591168
0.20491453
0.232122507
0.237749288
0.226175214
0.203596866
0.175854701
0.146866097
0.118554131
0.091025641
0.063461538
0.034900285
0.005448718
-0.022507123
-0.045477208
-0.060719373
-0.06727208
-0.066168091
-0.060648148
-0.055947293
-0.057514245
-0.06769943
-0.083547009
-0.098646724
-0.106588319
-0.103525641
-0.089031339
-0.065633903
-0.0372151
-0.00758547
0.020584046
0.046189459
0.069551282
0.090776353
0.106837607
0.112037037
0.101353276
0.07275641
0.028276353
-0.0247151
-0.073824786
-0.106873219
-0.117735043
-0.107656695
-0.083155271
-0.051887464
-0.020014245
0.009009972
0.03454416
0.05787037
0.080947293
0.105448718
0.131054131
0.154985755
0.174501425
0.189636752
0.202742165
0.214423077
0.220904558
0.216631054
0.197364672
0.161253561
0.107834758
0.037998575
-0.044836182
-0.134615385
-0.220121083
-0.286467236
-0.321759259
-0.321403134
-0.288603989
-0.230662393
-0.155911681
-0.071759259
0.016168091
0.103062678
0.184330484
0.254131054
0.304522792
0.328311966
0.322863248
0.291061254
0.24255698
0.193340456
0.159864672
0.152492877
0.16994302
0.198326211
0.218625356
0.215491453
0.182193732
0.121937322
0.045049858
-0.036039886
-0.111253561
-0.174821937
-0.225356125
-0.26474359
-0.296260684
-0.320833333
-0.336289174
-0.339565527
-0.328881766
-0.305021368
-0.270904558
-0.230947293
-0.189423077
-0.149465812
-0.112428775
-0.077564103
-0.042022792
-0.00267094
0.042592593
0.094017094
0.148361823
0.197079772
0.229950142
0.239850427
0.225320513
0.189992877
0.141844729
0.093019943
0.055876068
0.038568376
0.042877493
0.06502849
0.097827635
0.131873219
0.157193732
0.166524217
0.157336182
0.131481481
0.093447293
0.048468661
0.001068376
-0.045833333
-0.091168091
-0.134722222
-0.174465812
-0.205377493
-0.22218661
-0.222079772
-0.205947293
-0.177991453
-0.143910256
-0.109081197
-0.076958689
-0.048789174
-0.023219373
0.002314815
0.029415954
0.058190883
0.086930199
0.111823362
0.128027066
0.131980057
0.123005698
0.104451567
0.083653846
0.068874644
0.066061254
0.077136752
0.09985755
0.129273504
0.160007123
0.187962963
0.211289174
0.230021368
0.244480057
0.253133903
0.253454416
0.243660969
0.223717949
0.195833333
0.166096866
0.143625356
0.136431624
0.147970085
0.174252137
0.204451567
0.226495726
0.231730769
0.217450142
0.186467236
0.145121083
0.100534188
0.058297721
0.022970085
0.002492877
0.00505698
0.029594017
0.065099715
0.096937322
0.113283476
0.108796296
0.084935897
0.04789886
0.003952991
-0.03960114
-0.072863248
-0.086716524
-0.076638177
-0.043874644
0.005591168
0.063532764
0.122364672
0.177029915
0.225747863
0.269586895
0.311253561
0.352920228
0.390847578
0.413960114
0.408689459
0.36488604
0.28034188
0.160861823
0.018233618
-0.128561254
-0.255306268
-0.343233618
-0.388176638
-0.399750712
-0.394764957
-0.38988604
-0.394871795
-0.405840456
-0.408547009
-0.388639601
-0.343910256
-0.285327635
-0.22962963
-0.191488604
-0.178454416
-0.189921652
-0.213675214
-0.22218661
-0.194622507
-0.131196581
-0.048611111
0.031267806
0.091381766
0.124430199
0.132799145
0.125106838
0.110719373
0.094159544
0.07457265
0.048326211
0.01207265
-0.035576923
-0.092378917
-0.149465812
-0.194088319
-0.215562678
-0.209330484
-0.178774929
-0.133475783
-0.085648148
-0.048789174
-0.035933048
-0.05519943
-0.106766382
-0.181517094
-0.263639601
-0.336965812
-0.390277778
-0.419444444
-0.426282051
-0.41474359
-0.389031339
-0.353952991
-0.316559829
-0.284366097
-0.262856125
-0.253810541
-0.255662393
-0.264672365
-0.276602564
-0.288105413
-0.29732906
-0.304024217
-0.309081197
-0.313710826
-0.317628205
-0.314031339
-0.291061254
-0.242200855
-0.174145299
-0.10238604
-0.043019943
-0.006623932
0.004309117
-0.005591168
-0.027849003
-0.053490028
-0.075854701
-0.091880342
-0.101780627
-0.107549858
-0.10997151
-0.10744302
-0.097293447
-0.077777778
-0.048824786
-0.012037037
0.029950142
0.073860399
0.114529915
0.145512821
0.161894587
0.16292735
0.152029915
0.134793447
0.116702279
0.101638177
0.092663818
0.094230769
0.111289174
0.146438746
0.196688034
0.251780627
0.297115385
0.318839031
0.309437322
0.269088319
0.203311966
0.120014245
0.030092593
-0.053917379
-0.121688034
-0.163817664
-0.171153846
-0.140847578
-0.078846154
0.00295584
0.091595442
0.176887464
0.250997151
0.305698006
0.334116809
0.333333333
0.303739316
0.248254986
0.17232906
0.084259259
-0.003668091
-0.077065527
-0.124679487
-0.14227208
-0.132977208
-0.105911681
-0.074180912
-0.05014245
-0.041631054
-0.050391738
-0.073112536
-0.102457265
-0.12767094
-0.137606838
-0.125213675
-0.089351852
-0.033796296
0.03482906
0.108582621
0.179202279
0.239672365
0.286217949
0.316417379
0.326175214
0.311609687
0.275178063
0.230769231
0.198219373
0.192236467
0.210719373
0.23511396
0.241844729
0.213212251
0.143198006
0.038888889
-0.082478632
-0.201282051
-0.301282051
-0.368839031
-0.393660969
-0.37261396
-0.310683761
-0.218981481
-0.111538462
-0.006125356
0.07738604
0.124074074
0.128917379
0.097115385
0.040562678
-0.027029915
-0.094480057
-0.155377493
-0.206339031
-0.236823362
-0.229024217
-0.176566952
-0.092735043
-0.002136752
0.071474359
0.113603989
0.121509972
0.102350427
0.069266382
0.039209402
0.027991453
0.041168091
0.072079772
0.107514245
0.134223647
0.144052707
0.135292023
0.111930199
0.080733618
0.048646724
0.020584046
-0.000356125
-0.011609687
-0.011680912
-0.000747863
0.019480057
0.046723647
0.079024217
0.11460114
0.151032764
0.184472934
0.207478632
0.210861823
0.188639601
0.141951567
0.074643875
-0.007834758
-0.091417379
-0.156588319
-0.188746439
-0.183689459
-0.147257835
-0.091310541
-0.028881766
0.027207977
0.062286325
0.065847578
0.037321937
-0.01502849
-0.078739316
-0.139423077
-0.18244302
-0.196866097
-0.179131054
-0.133190883
-0.067948718
0.00548433
0.072507123
0.118091168
0.133190883
0.114957265
0.066274929
-0.005947293
-0.092094017
-0.178632479
-0.249074074
-0.290206553
-0.296652422
-0.271616809
-0.224323362
-0.166346154
-0.108226496
-0.056873219
-0.013888889
0.024821937
0.066452991
0.117663818
0.181908832
0.258333333
0.341132479
0.419337607
0.48048433
0.515669516
0.520299145
0.494266382
0.441880342
0.373148148
0.303347578
0.24789886
0.216631054
0.210042735
0.218554131
0.227564103
0.224074074
0.201032764
0.157905983
0.098290598
0.02710114
-0.050997151
-0.132336182
-0.214387464
-0.294266382
-0.368233618
-0.433404558
-0.488675214
-0.535078348
-0.575071225
-0.611645299
-0.647364672
-0.683226496
-0.716346154
-0.740669516
-0.750498575
-0.743198006
-0.71994302
-0.684935897
-0.643554131
-0.600783476
-0.559900285
-0.52218661
-0.48792735
-0.458974359
-0.438390313
-0.426032764
-0.415349003
-0.396759259
-0.362321937
-0.308760684
-0.237749288
-0.154522792
-0.065562678
0.023326211
0.108190883
0.187606838
0.262250712
0.334116809
0.405163818
0.47232906
0.521688034
0.535042735
0.501424501
0.423753561
0.316239316
0.197079772
0.08215812
-0.018660969
-0.098539886
-0.150605413
-0.17022792
-0.157264957
-0.114636752
-0.046759259
0.040883191
0.140990028
0.243126781
0.336217949
0.411574074
0.46460114
0.495868946
0.509864672
0.513283476
0.512143875
0.507905983
0.496937322
0.473789174
0.43482906
0.37962963
0.311217949
0.235897436
0.165420228
0.114066952
0.092450142
0.103525641
0.142022792
0.196794872
0.255448718
0.307763533
0.345868946
0.365206553
0.36531339
0.349537037
0.323326211
0.292521368
0.261502849
0.232656695
0.206410256
0.181766382
0.157229345
0.131018519
0.101103989
0.066061254
0.025605413
-0.018910256
-0.064529915
-0.107799145
-0.146296296
-0.179273504
-0.207264957
-0.229843305
-0.243554131
-0.244159544
-0.229131054
-0.20042735
-0.164351852
-0.128988604
-0.10042735
-0.080448718
-0.066666667
-0.054522792
-0.039779202
-0.019729345
0.005591168
0.033297721
0.059081197
0.079202279
0.091844729
0.097400285
0.09789886
0.095940171
0.093910256
0.092913105
0.091951567
0.088425926
0.079558405
0.063888889
0.041452991
0.013853276
-0.015669516
-0.042022792
-0.059864672
-0.066025641
-0.06025641
-0.044978632
-0.023931624
-0.000997151
0.019729345
0.029950142
0.018660969
-0.020121083
-0.081908832
-0.15210114
-0.213105413
-0.251460114
-0.262001425
-0.24761396
-0.216844729
-0.179878917
-0.145299145
-0.117877493
-0.098326211
-0.08454416
-0.073646724
-0.063924501
-0.054950142
-0.04704416
-0.039779202
-0.031232194
-0.018767806
-0.001566952
0.016702279
0.028952991
0.03048433
0.022649573
0.011182336
0.003418803
0.005876068
0.022400285
0.052635328
0.090206553
0.123789174
0.142307692
0.139173789
0.114138177
0.071937322
0.01980057
-0.035078348
-0.086075499
-0.125712251
-0.147649573
-0.149109687
-0.131232194
-0.098112536
-0.05519943
-0.00758547
0.040562678
0.084401709
0.118411681
0.138603989
0.143981481
0.136752137
0.120868946
0.100854701
0.080377493
0.061574074
0.044836182
0.028988604
0.012037037
-0.007086895
-0.025854701
-0.038746439
-0.04045584
-0.028133903
-0.002599715
0.032549858
0.072364672
0.112108262
0.146581197
0.169871795
0.17738604
0.16784188
0.143411681
0.108582621
0.069337607
0.033440171
0.008831909
0.000676638
0.009793447
0.033155271
0.06531339
0.099323362
0.12752849
0.143945869
0.146118234
0.135292023
0.115135328
0.089957265
0.063461538
0.037962963
0.014209402
-0.008190883
-0.030163818
-0.052635328
-0.076210826
-0.100961538
-0.126495726
-0.152350427
-0.177207977
-0.196367521
-0.202492877
-0.189423077
-0.155591168
-0.105306268
-0.046652422
0.012001425
0.064565527
0.105235043
0.124216524
0.111253561
0.061645299
-0.014992877
-0.094836182
-0.154950142
-0.182549858
-0.175498575
-0.139066952
-0.082977208
-0.017735043
0.045726496
0.096474359
0.126602564
0.134401709
0.125641026
0.110541311
0.099216524
0.098076923
0.106445869
0.115598291
0.113390313
0.09031339
0.042877493
-0.025819088
-0.107229345
-0.190527066
-0.266595442
-0.329807692
-0.37457265
-0.393340456
-0.380377493
-0.335505698
-0.26545584
-0.181054131
-0.093304843
-0.010933048
0.058404558
0.10744302
0.131303419
0.129415954
0.105698006
0.066773504
0.019693732
-0.027279202
-0.064529915
-0.084081197
-0.081944444
-0.058796296
-0.019230769
0.030270655
0.083226496
0.134757835
0.180982906
0.215669516
0.231481481
0.223611111
0.192343305
0.143625356
0.086609687
0.029985755
-0.021688034
-0.069301994
-0.117058405
-0.169301994
-0.223076923
-0.262606838
-0.267094017
-0.221759259
-0.126175214
0.003383191
0.140633903
0.256766382
0.329594017
0.350071225
0.322970085
0.26264245
0.187001425
0.111538462
0.045833333
-0.007407407
-0.050213675
-0.086930199
-0.121972934
-0.155698006
-0.18287037
-0.195797721
-0.189031339
-0.161930199
-0.118126781
-0.062891738
-0.000890313
0.062535613
0.117343305
0.153810541
0.169551282
0.169337607
0.161502849
0.153276353
0.147934473
0.145014245
0.142022792
0.136502849
0.128276353
0.11965812
0.113568376
0.112108262
0.11474359
0.11755698
0.115242165
0.103561254
0.080769231
0.047720798
0.006908832
-0.039850427
-0.092165242
-0.148967236
-0.203383191
-0.244052707
-0.260826211
-0.249252137
-0.211574074
-0.156089744
-0.093625356
-0.033119658
0.020904558
0.068091168
0.108368946
0.139031339
0.156623932
0.158903134
0.146403134
0.12204416
0.090242165
0.055733618
0.023148148
-0.002279202
-0.015811966
-0.01517094
-0.001103989
0.02218661
0.047257835
0.065847578
0.072115385
0.064066952
0.042770655
0.011146724
-0.02710114
-0.068126781
-0.106517094
-0.135861823
-0.151032764
-0.150462963
-0.135968661
-0.111787749
-0.082941595
-0.054095442
-0.031445869
-0.022293447
-0.031232194
-0.057122507
-0.094123932
-0.134116809
-0.167948718
-0.188069801
-0.191203704
-0.178774929
-0.155626781
-0.127706553
-0.100605413
-0.079166667
-0.066239316
-0.062286325
-0.065669516
-0.073611111
-0.083048433
-0.091381766
-0.096189459
-0.095762108
-0.089458689
-0.078169516
-0.063746439
-0.048219373
-0.033262108
-0.01994302
-0.008475783
0.001103989
0.008119658
0.011396011
0.009757835
0.002421652
-0.011253561
-0.031944444
-0.058760684
-0.089102564
-0.11965812
-0.147792023
-0.172150997
-0.19284188
-0.210933048
-0.227029915
-0.237820513
-0.236930199
-0.219123932
-0.183582621
-0.13482906
-0.082478632
-0.0372151
-0.006623932
0.006908832
0.005698006
-0.00477208
-0.01727208
-0.024537037
-0.020263533
-0.0002849
0.035933048
0.084152422
0.13497151
0.17767094
0.204522792
0.212535613
0.203418803
0.181944444
0.153988604
0.124821937
0.097720798
0.073860399
0.052599715
0.03258547
0.0122151
-0.00954416
-0.032941595
-0.057478632
-0.082086895
-0.105698006
-0.127599715
-0.147685185
-0.166346154
-0.184081197
-0.199679487
-0.208653846
-0.205769231
-0.188212251
-0.156659544
-0.114636752
-0.066880342
-0.017877493
0.028668091
0.066595442
0.087321937
0.085042735
0.062820513
0.031944444
0.005982906
-0.004843305
0.003454416
0.028561254
0.064245014
0.103276353
0.139423077
0.168198006
0.185826211
0.189351852
0.17767094
0.152207977
0.116096866
0.073041311
0.026246439
-0.021937322
-0.068696581
-0.109188034
-0.138354701
-0.153276353
-0.154059829
-0.143589744
-0.126175214
-0.106089744
-0.086609687
-0.069337607
-0.054380342
-0.040954416
-0.027777778
-0.013888889
0.001566952
0.019764957
0.040918803
0.063675214
0.085933048
0.105840456
0.122435897
0.135826211
0.146794872
0.156089744
0.163568376
0.168447293
0.16994302
0.167948718
0.162820513
0.15534188
0.146474359
0.136965812
0.12738604
0.117948718
0.108760684
0.099643875
0.090491453
0.081196581
0.071688034
0.062179487
0.053418803
0.046225071
0.041346154
0.038888889
0.038497151
0.039458689
0.040990028
0.041987179
0.040740741
0.035612536
0.025641026
0.010576923
-0.009223647
-0.03272792
-0.058725071
-0.085933048
-0.113461538
-0.139173789
-0.154807692
-0.147293447
-0.109650997
-0.047685185
0.023397436
0.086609687
0.12962963
0.147578348
0.142378917
0.120477208
0.08988604
0.057763533
0.028561254
0.004415954
-0.013141026
-0.022827635
-0.024145299
-0.01784188
-0.005377493
0.011324786
0.030413105
0.049501425
0.065420228
0.075462963
0.078276353
0.074358974
0.06531339
0.053490028
0.040954416
0.029059829
0.018376068
0.008760684
-0.0002849
-0.008653846
-0.01517094
-0.018198006
-0.016559829
-0.010042735
0.000498575
0.013461538
0.026210826
0.034722222
0.033831909
0.019123932
-0.010968661
-0.054878917
-0.108725071
-0.167770655
-0.226495726
-0.275890313
-0.305021368
-0.306232194
-0.278062678
-0.225961538
-0.159508547
-0.088924501
-0.022257835
0.035933048
0.084935897
0.126816239
0.164529915
0.200249288
0.234757835
0.266132479
0.29017094
0.30267094
0.301673789
0.288247863
0.266844729
0.243767806
0.224679487
0.211680912
0.20252849
0.19298433
0.178881766
0.15787037
0.130092593
0.099002849
0.070263533
0.049180912
0.038568376
0.037179487
0.040277778
0.041381766
0.034757835
0.017307692
-0.00954416
-0.039138177
-0.062571225
-0.07275641
-0.066951567
-0.046937322
-0.018660969
0.009437322
0.029344729
0.036431624
0.030519943
0.015099715
-0.004843305
-0.024679487
-0.041346154
-0.053988604
-0.063319088
-0.071082621
-0.079024217
-0.088283476
-0.099252137
-0.111502849
-0.124358974
-0.136645299
-0.146830484
-0.153418803
-0.155519943
-0.153347578
-0.147827635
-0.14031339
-0.13201567
-0.123076923
-0.112713675
-0.09985755
-0.083725071
-0.064245014
-0.042022792
-0.018091168
0.005982906
0.028276353
0.045548433
0.054131054
0.051602564
0.037286325
0.012428775
-0.020405983
-0.056908832
-0.09017094
-0.112713675
-0.119622507
-0.109935897
-0.086217949
-0.053133903
-0.015776353
0.020762108
0.052065527
0.074786325
0.08735755
0.090349003
0.086111111
0.07752849
0.066951567
0.05505698
0.041168091
0.024358974
0.003917379
-0.020049858
-0.046794872
-0.075178063
-0.103952991
-0.131303419
-0.155235043
-0.174358974
-0.188354701
-0.198041311
-0.20491453
-0.210505698
-0.216096866
-0.221153846
-0.22218661
-0.214351852
-0.194159544
-0.160826211
-0.116524217
-0.06517094
-0.011004274
0.042592593
0.093767806
0.14212963
0.188283476
0.232941595
0.274002849
0.306018519
0.323148148
0.32218661
0.303739316
0.271082621
0.228454416
0.179985755
0.128952991
0.078774929
0.033831909
-0.001566952
-0.024821937
-0.035968661
-0.037464387
-0.033226496
-0.027421652
-0.023148148
-0.021652422
-0.021225071
-0.018447293
-0.011004274
0.000605413
0.013817664
0.026103989
0.036930199
0.04775641
0.060719373
0.077172365
0.097150997
0.119693732
0.143233618
0.164779202
0.178988604
0.180377493
0.165883191
0.135933048
0.094693732
0.050605413
0.013141026
-0.010648148
-0.01798433
-0.01011396
0.008653846
0.032051282
0.052421652
0.0627849
0.059259259
0.041880342
0.014066952
-0.019017094
-0.05210114
-0.081659544
-0.106374644
-0.126709402
-0.143376068
-0.156623932
-0.166809117
-0.174750712
-0.181374644
-0.187393162
-0.192165242
-0.193732194
-0.189921652
-0.179451567
-0.162606838
-0.140740741
-0.115847578
-0.089636752
-0.063390313
-0.037571225
-0.012286325
0.012678063
0.037393162
0.061858974
0.085861823
0.109294872
0.132193732
0.15462963
0.176460114
0.196723647
0.212464387
0.220121083
0.217378917
0.203846154
0.181232194
0.15238604
0.120477208
0.087891738
0.055947293
0.024643875
-0.006659544
-0.038675214
-0.071937322
-0.106481481
-0.141666667
-0.176673789
-0.210363248
-0.239245014
-0.257336182
-0.259864672
-0.245762108
-0.217663818
-0.180626781
-0.139921652
-0.099465812
-0.061111111
-0.024964387
0.01011396
0.045726496
0.083938746
0.125641026
0.16712963
0.200569801
0.218162393
0.215776353
0.194123932
0.157941595
0.114209402
0.06980057
0.029487179
-0.004807692
-0.033796296
-0.059579772
-0.084793447
-0.111360399
-0.139316239
-0.165099715
-0.183012821
-0.1877849
-0.176958689
-0.151602564
-0.115349003
-0.073076923
-0.029594017
0.011217949
0.046652422
0.075356125
0.096225071
0.108404558
0.111823362
0.106908832
0.094586895
0.076246439
0.053561254
0.02781339
-0.00042735
-0.031196581
-0.064636752
-0.100391738
-0.137179487
-0.173326211
-0.207264957
-0.238069801
-0.264245014
-0.284009972
-0.296367521
-0.302207977
-0.303632479
-0.301531339
-0.29480057
-0.281837607
-0.261680912
-0.234615385
-0.20224359
-0.166702279
-0.130128205
-0.094017094
-0.059188034
-0.025569801
0.007336182
0.04017094
0.073433048
0.107264957
0.140242165
0.167770655
0.184259259
0.187143875
0.179807692
0.169444444
0.163532764
0.167058405
0.181303419
0.204522792
0.233048433
0.262962963
0.291417379
0.316274929
0.334009972
0.33960114
0.328810541
0.299323362
0.251139601
0.186217949
0.107193732
0.017094017
-0.08048433
-0.178347578
-0.263888889
-0.324216524
-0.351816239
-0.346972934
-0.316524217
-0.270690883
-0.219586895
-0.170512821
-0.126887464
-0.088283476
-0.051994302
-0.014850427
0.023824786
0.060292023
0.088603989
0.103846154
0.104273504
0.091417379
0.06965812
0.045405983
0.02514245
0.013497151
0.011787749
0.018696581
0.030840456
0.043269231
0.049608262
0.04451567
0.025569801
-0.006160969
-0.047008547
-0.091274929
-0.131730769
-0.161039886
-0.174608262
-0.171794872
-0.155626781
-0.131196581
-0.103703704
-0.076816239
-0.052029915
-0.028952991
-0.006125356
0.017948718
0.044230769
0.072827635
0.103205128
0.134259259
0.163746439
0.187891738
0.203062678
0.20744302
0.201566952
0.187856125
0.169729345
0.150320513
0.131801994
0.115099715
0.100712251
0.090883191
0.088069801
0.093055556
0.104700855
0.120619658
0.138176638
0.15519943
0.169230769
0.176495726
0.173183761
0.157407407
0.129985755
0.093732194
0.05252849
0.009900285
-0.031303419
-0.067058405
-0.091702279
-0.100320513
-0.091132479
-0.065954416
-0.029415954
0.013034188
0.056623932
0.097792023
0.132549858
0.156445869
0.166559829
0.162535613
0.146403134
0.121723647
0.092378917
0.061716524
0.031730769
0.003240741
-0.023717949
-0.049145299
-0.073219373
-0.095940171
-0.116239316
-0.130947293
-0.137143875
-0.134152422
-0.123611111
-0.108547009
-0.09212963
-0.076745014
-0.063532764
-0.052599715
-0.043126781
-0.034009972
-0.024216524
-0.0127849
0.000676638
0.016096866
0.032941595
0.050534188
0.068269231
0.085683761
0.102314815
0.116310541
0.124679487
0.124821937
0.115776353
0.098539886
0.075391738
0.049180912
0.022364672
-0.003169516
-0.025569801
-0.043482906
-0.056730769
-0.066631054
-0.075356125
-0.084900285
-0.096545584
-0.110576923
-0.126210826
-0.140669516
-0.149608262
-0.149180912
-0.137820513
-0.116417379
-0.087749288
-0.05534188
-0.023326211
0.002920228
0.018162393
0.019444444
0.007051282
-0.016061254
-0.045548433
-0.07724359
-0.107941595
-0.133974359
-0.149216524
-0.147435897
-0.125569801
-0.085968661
-0.035470085
0.017877493
0.068269231
0.113354701
0.153810541
0.190990028
0.222222222
0.240491453
0.239387464
0.216915954
0.176139601
0.123183761
0.065064103
0.007122507
-0.047863248
-0.09957265
-0.147970085
-0.189316239
-0.217094017
-0.225819088
-0.213675214
-0.182799145
-0.136574074
-0.07795584
-0.010149573
0.061111111
0.126745014
0.17738604
0.207122507
0.215064103
0.204487179
0.181018519
0.150890313
0.119266382
0.089779202
0.063853276
0.041239316
0.020548433
0.00014245
-0.021118234
-0.043162393
-0.063425926
-0.077884615
-0.083190883
-0.078062678
-0.063675214
-0.042735043
-0.018482906
0.006267806
0.029807692
0.051602564
0.071937322
0.091559829
0.111217949
0.131160969
0.150035613
0.163603989
0.166951567
0.157336182
0.135470085
0.104807692
0.069978632
0.035327635
0.003810541
-0.023433048
-0.046937322
-0.068269231
-0.088888889
-0.108618234
-0.12514245
-0.135434473
-0.137464387
-0.130555556
-0.115598291
-0.094551282
-0.069978632
-0.044123932
-0.018482906
0.006481481
0.030947293
0.055519943
0.079950142
0.101851852
0.117236467
0.122792023
0.11755698
0.103098291
0.082763533
0.060149573
0.038247863
0.018660969
0.00224359
-0.009793447
-0.016096866
-0.016096866
-0.011039886
-0.004344729
-7.12251E-05
-0.001246439
-0.008974359
-0.022400285
-0.038710826
-0.053703704
-0.063461538
-0.065954416
-0.062037037
-0.05491453
-0.048646724
-0.046082621
-0.047578348
-0.050854701
-0.05267094
-0.050391738
-0.04284188
-0.030448718
-0.014672365
0.002564103
0.019622507
0.035541311
0.050106838
0.063710826
0.07710114
0.090954416
0.105555556
0.121011396
0.13707265
0.153418803
0.169693732
0.186075499
0.203311966
0.220762108
0.235363248
0.243091168
0.240847578
0.227279202
0.202884615
0.169978632
0.131801994
0.091381766
0.050961538
0.011360399
-0.027599715
-0.066595442
-0.106445869
-0.147578348
-0.189992877
-0.233226496
-0.274679487
-0.309009972
-0.330555556
-0.336004274
-0.325320513
-0.300676638
-0.265562678
-0.223860399
-0.178952991
-0.133190883
-0.087749288
-0.042628205
0.002314815
0.044907407
0.078240741
0.093945869
0.086324786
0.055092593
0.005413105
-0.054558405
-0.116452991
-0.172827635
-0.214779202
-0.233653846
-0.224750712
-0.189066952
-0.132407407
-0.063319088
0.009579772
0.079665242
0.143732194
0.201103989
0.249928775
0.285826211
0.304558405
0.304451567
0.287250712
0.257229345
0.219836182
0.179950142
0.140064103
0.099608262
0.056267806
0.00758547
-0.04761396
-0.108903134
-0.173967236
-0.237571225
-0.291346154
-0.322008547
-0.314423077
-0.258689459
-0.154878917
-0.01769943
0.123860399
0.238710826
0.305662393
0.319230769
0.288034188
0.229166667
0.161146724
0.098539886
0.048646724
0.011823362
-0.016666667
-0.043411681
-0.073896011
-0.111111111
-0.154950142
-0.203133903
-0.250178063
-0.287713675
-0.307692308
-0.306196581
-0.284330484
-0.247115385
-0.201424501
-0.153347578
-0.106232194
-0.060790598
-0.016096866
0.028952991
0.075071225
0.12232906
0.17022792
0.218198006
0.265562678
0.311431624
0.354807692
0.392485755
0.419123932
0.429950142
0.423041311
0.400213675
0.366061254
0.326068376
0.285042735
0.246047009
0.210078348
0.176388889
0.143376068
0.109330484
0.073290598
0.035042735
-0.00491453
-0.045655271
-0.086396011
-0.126460114
-0.165669516
-0.203668091
-0.240277778
-0.275356125
-0.308974359
-0.341452991
-0.373183761
-0.404594017
-0.435933048
-0.466987179
-0.494871795
-0.513675214
-0.51769943
-0.504024217
-0.473575499
-0.42991453
-0.377635328
-0.320904558
-0.26292735
-0.205377493
-0.148717949
-0.092450142
-0.03525641
0.024287749
0.086965812
0.149643875
0.203881766
0.238319088
0.244123932
0.218554131
0.165562678
0.093767806
0.013497151
-0.066559829
-0.141025641
-0.206908832
-0.258475783
-0.28764245
-0.288283476
-0.259259259
-0.20491453
-0.133084046
-0.05267094
0.026424501
0.092628205
0.136039886
0.152172365
0.142735043
0.113817664
0.073005698
0.027350427
-0.018233618
-0.061182336
-0.101317664
-0.139779202
-0.178133903
-0.217094017
-0.254202279
-0.284116809
-0.301317664
-0.302706553
-0.288782051
-0.262856125
-0.228988604
-0.190776353
-0.150783476
-0.110292023
-0.069622507
-0.028596866
0.0127849
0.052635328
0.087428775
0.113746439
0.130092593
0.137108262
0.13792735
0.136431624
0.135754986
0.137535613
0.141702279
0.14732906
0.152065527
0.149537037
0.13034188
0.088069801
0.022578348
-0.060826211
-0.153881766
-0.246901709
-0.328240741
-0.385968661
-0.412001425
-0.40491453
-0.369978632
-0.316381766
-0.254237892
-0.191524217
-0.132407407
-0.077207977
-0.023539886
0.031481481
0.088319088
0.142307692
0.185968661
0.213176638
0.221759259
0.213960114
0.194871795
0.170512821
0.146011396
0.124430199
0.106623932
0.091737892
0.078205128
0.064850427
0.051353276
0.039280627
0.032834758
0.0372151
0.056232194
0.090776353
0.137962963
0.191381766
0.243376068
0.287321937
0.318233618
0.334009972
0.335648148
0.325997151
0.308333333
0.285612536
0.259294872
0.229059829
0.193589744
0.152279202
0.106481481
0.05982906
0.016346154
-0.021082621
-0.051282051
-0.074786325
-0.093233618
-0.108582621
-0.122222222
-0.134793447
-0.146474359
-0.157122507
-0.16474359
-0.165633903
-0.156267806
-0.13497151
-0.10267094
-0.062179487
-0.017236467
0.028881766
0.073611111
0.113105413
0.141274929
0.152350427
0.143767806
0.116915954
0.076032764
0.026709402
-0.025961538
-0.078276353
-0.127742165
-0.171367521
-0.204415954
-0.222578348
-0.224038462
-0.210007123
-0.184401709
-0.15210114
-0.11755698
-0.083903134
-0.05252849
-0.023433048
0.003952991
0.02962963
0.051709402
0.067307692
0.0747151
0.074608262
0.069764957
0.063532764
0.058297721
0.05462963
0.051282051
0.046509972
0.038817664
0.027492877
0.012713675
-0.004665242
-0.023148148
-0.04045584
-0.053988604
-0.062001425
-0.064031339
-0.061004274
-0.054522792
-0.046438746
-0.038247863
-0.030769231
-0.024252137
-0.018910256
-0.016096866
-0.017663818
-0.025106838
-0.038710826
-0.05758547
-0.079878917
-0.101816239
-0.118055556
-0.123717949
-0.116310541
-0.096474359
-0.067236467
-0.032407407
0.00462963
0.041595442
0.077492877
0.112286325
0.144373219
0.169337607
0.181908832
0.178774929
0.159793447
0.127849003
0.087606838
0.045014245
0.007122507
-0.019230769
-0.029843305
-0.0247151
-0.007407407
0.016773504
0.042592593
0.066381766
0.086716524
0.104202279
0.120192308
0.135505698
0.14957265
0.160149573
0.164636752
0.161253561
0.149964387
0.132264957
0.110683761
0.088283476
0.067592593
0.050569801
0.039316239
0.035505698
0.039138177
0.048397436
0.060470085
0.072542735
0.081980057
0.086574074
0.08497151
0.07738604
0.065420228
0.052706553
0.043696581
0.041452991
0.046652422
0.057799145
0.072257835
0.08735755
0.101460114
0.113390313
0.121972934
0.125997151
0.125106838
0.119729345
0.111182336
0.101246439
0.091559829
0.083226496
0.076531339
0.071225071
0.066666667
0.062179487
0.057407407
0.052207977
0.046937322
0.042022792
0.03792735
0.034615385
0.031801994
0.028774929
0.024893162
0.01980057
0.013817664
0.007478632
0.001460114
-0.003846154
-0.007834758
-0.009508547
-0.00787037
-0.002421652
0.006659544
0.018589744
0.032264957
0.046652422
0.060648148
0.072507123
0.079985755
0.081695157
0.077777778
0.06980057
0.05982906
0.049679487
0.040491453
0.03244302
0.025213675
0.018126781
0.010683761
0.003347578
-0.001851852
-0.00252849
0.002920228
0.014672365
0.031552707
0.051139601
0.069301994
0.080769231
0.081517094
0.069978632
0.04704416
0.015705128
-0.019123932
-0.05014245
-0.070263533
-0.075213675
-0.06502849
-0.043518519
-0.016417379
0.010897436
0.03482906
0.054131054
0.069764957
0.083368946
0.094907407
0.10281339
0.105021368
0.099750712
0.086146724
0.064850427
0.037856125
0.008297721
-0.020762108
-0.04704416
-0.069586895
-0.087428775
-0.098468661
-0.100569801
-0.093376068
-0.078846154
-0.06025641
-0.040954416
-0.023397436
-0.008974359
0.002172365
0.010505698
0.016702279
0.020619658
0.021688034
0.019337607
0.013603989
0.005626781
-0.001638177
-0.004843305
-0.001638177
0.008440171
0.023753561
0.041203704
0.056801994
0.066488604
0.067165242
0.057656695
0.038924501
0.013497151
-0.015491453
-0.044622507
-0.070940171
-0.092165242
-0.106374644
-0.112428775
-0.110078348
-0.099928775
-0.083368946
-0.062321937
-0.038746439
-0.014209402
0.01025641
0.033689459
0.054843305
0.071830484
0.082336182
0.08525641
0.080769231
0.070512821
0.056766382
0.041702279
0.027029915
0.013497151
0.001175214
-0.010434473
-0.021866097
-0.033725071
-0.046153846
-0.059188034
-0.072400285
-0.084437322
-0.093019943
-0.096047009
-0.09255698
-0.083012821
-0.069088319
-0.052884615
-0.036217949
-0.020334758
-0.005804843
0.007122507
0.018625356
0.028917379
0.037749288
0.043625356
0.044551282
0.039245014
0.027706553
0.011217949
-0.007229345
-0.023468661
-0.033796296
-0.036360399
-0.031445869
-0.021545584
-0.010327635
-0.001317664
0.003418803
0.003418803
-0.000391738
-0.007122507
-0.016559829
-0.028774929
-0.043304843
-0.059116809
-0.074679487
-0.088888889
-0.100178063
-0.105840456
-0.103169516
-0.090883191
-0.06965812
-0.042200855
-0.0127849
0.013425926
0.031730769
0.038924501
0.034259259
0.019266382
-0.002991453
-0.028561254
-0.054059829
-0.077207977
-0.09732906
-0.114814815
-0.130270655
-0.143945869
-0.155270655
-0.1627849
-0.165206553
-0.161930199
-0.153347578
-0.140847578
-0.126068376
-0.110576923
-0.095441595
-0.081267806
-0.068162393
-0.055947293
-0.044301994
-0.032834758
-0.021296296
-0.009900285
0.000712251
0.009722222
0.016631054
0.021545584
0.025
0.027706553
0.030413105
0.033831909
0.038568376
0.044622507
0.051282051
0.057656695
0.062820513
0.066381766
0.068518519
0.06965812
0.070049858
0.068589744
0.063710826
0.054059829
0.039423077
0.020726496
-0.000356125
-0.021972934
-0.042735043
-0.061894587
-0.078739316
-0.092058405
-0.100712251
-0.104380342
-0.103561254
-0.100071225
-0.096331909
-0.09465812
-0.096331909
-0.101460114
-0.109152422
-0.117521368
-0.123504274
-0.124252137
-0.117913105
-0.104558405
-0.086146724
-0.065598291
-0.045584046
-0.027777778
-0.012250712
0.00210114
0.016702279
0.032763533
0.050854701
0.070512821
0.09002849
0.106588319
0.117770655
0.122222222
0.119693732
0.111182336
0.098361823
0.083155271
0.067236467
0.051851852
0.037998575
0.026531339
0.017770655
0.011467236
0.006801994
0.002742165
-0.001673789
-0.006944444
-0.013247863
-0.020299145
-0.02767094
-0.03482906
-0.041203704
-0.046367521
-0.049679487
-0.050534188
-0.048575499
-0.043874644
-0.037001425
-0.028632479
-0.019480057
-0.00997151
-0.00042735
0.009116809
0.018589744
0.028169516
0.037856125
0.047685185
0.057549858
0.06741453
0.077136752
0.086680912
0.096082621
0.10519943
0.113603989
0.120868946
0.126531339
0.129237892
0.126923077
0.117877493
0.101602564
0.079131054
0.052564103
0.024252137
-0.003988604
-0.030947293
-0.056232194
-0.079237892
-0.098112536
-0.110719373
-0.115811966
-0.113782051
-0.106196581
-0.095263533
-0.083119658
-0.071367521
-0.060683761
-0.051139601
-0.042236467
-0.033618234
-0.025605413
-0.019195157
-0.015491453
-0.014957265
-0.016844729
-0.019373219
-0.020655271
-0.019230769
-0.01474359
-0.007621083
0.001068376
0.009615385
0.016132479
0.019301994
0.018696581
0.014921652
0.009081197
0.003027066
-0.001139601
-0.001638177
0.002172365
0.009472934
0.018554131
0.027421652
0.034722222
0.039779202
0.042948718
0.044836182
0.046011396
0.046225071
0.044871795
0.041381766
0.035541311
0.027635328
0.018269231
0.008262108
-0.001139601
-0.008867521
-0.014245014
-0.017343305
-0.018839031
-0.020014245
-0.02218661
-0.026175214
-0.03215812
-0.039850427
-0.048539886
-0.057478632
-0.066168091
-0.074287749
-0.081267806
-0.085790598
-0.086431624
-0.082407407
-0.073931624
-0.061930199
-0.047863248
-0.033653846
-0.021901709
-0.01502849
-0.014209402
-0.019195157
-0.028596866
-0.040491453
-0.052920228
-0.063639601
-0.07037037
-0.071581197
-0.067022792
-0.057621083
-0.045121083
-0.031303419
-0.01755698
-0.005128205
0.004736467
0.011039886
0.013532764
0.012713675
0.010327635
0.009081197
0.011787749
0.020049858
0.034045584
0.051887464
0.06965812
0.083048433
0.089102564
0.087179487
0.078347578
0.064992877
0.049679487
0.034472934
0.020584046
0.008155271
-0.003205128
-0.014316239
-0.025783476
-0.03764245
-0.048539886
-0.056196581
-0.058689459
-0.05534188
-0.046688034
-0.034259259
-0.019978632
-0.005555556
0.007514245
0.018019943
0.025462963
0.03005698
0.03258547
0.033938746
0.035042735
0.036289174
0.037713675
0.038995726
0.039458689
0.038247863
0.034508547
0.027920228
0.018696581
0.00758547
-0.004594017
-0.016987179
-0.028846154
-0.038817664
-0.045156695
-0.046581197
-0.04284188
-0.03468661
-0.023611111
-0.011111111
0.001460114
0.013461538
0.024537037
0.034508547
0.04284188
0.048931624
0.052564103
0.053988604
0.053703704
0.052421652
0.050676638
0.048575499
0.045334758
0.04002849
0.032051282
0.021296296
0.008333333
-0.006018519
-0.020512821
-0.032905983
-0.040918803
-0.043055556
-0.039173789
-0.030377493
-0.018554131
-0.005626781
0.006445869
0.016096866
0.02247151
0.025712251
0.026531339
0.026068376
0.0252849
0.024821937
0.0247151
0.024501425
0.023539886
0.021474359
0.018589744
0.016132479
0.015598291
0.018055556
0.023789174
0.032371795
0.042735043
0.053525641
0.062713675
0.068376068
0.069301994
0.065491453
0.057905983
0.048076923
0.037606838
0.028027066
0.020477208
0.01545584
0.012749288
0.011645299
0.011253561
0.010470085
0.008511396
0.005021368
0.000213675
-0.00519943
-0.010327635
-0.01460114
-0.01769943
-0.020049858
-0.022507123
-0.025961538
-0.030982906
-0.037606838
-0.04494302
-0.051032764
-0.053846154
-0.052029915
-0.045512821
-0.035185185
-0.022542735
-0.009294872
0.002884615
0.012713675
0.01980057
0.024465812
0.027849003
0.031125356
0.035078348
0.03974359
0.044408832
0.048148148
0.050213675
0.050641026
0.049928775
0.048789174
0.047863248
0.046901709
0.045192308
0.041809117
0.036146724
0.028240741
0.018518519
0.00772792
-0.003418803
-0.014387464
-0.024928775
-0.035007123
-0.044836182
-0.054309117
-0.063212251
-0.071189459
-0.07795584
-0.083012821
-0.085861823
-0.086039886
-0.083333333
-0.07795584
-0.070441595
-0.061502849
-0.051923077
-0.042307692
-0.033404558
-0.025747863
-0.019586895
-0.014921652
-0.011858974
-0.01039886
-0.010576923
-0.0122151
-0.014814815
-0.01741453
-0.018767806
-0.017913105
-0.014565527
-0.009009972
-0.001923077
0.005840456
0.013603989
0.021011396
0.02781339
0.033725071
0.038319088
0.040918803
0.040811966
0.037535613
0.031160969
0.022222222
0.011574074
7.12251E-05
-0.011502849
-0.022293447
-0.030947293
-0.035897436
-0.036253561
-0.032051282
-0.024252137
-0.014316239
-0.004131054
0.00462963
0.010754986
0.013710826
0.013746439
0.011396011
0.007478632
0.002742165
-0.00224359
-0.006695157
-0.009579772
-0.009793447
-0.006801994
-0.000783476
0.00758547
0.01727208
0.027457265
0.037428775
0.046937322
0.055662393
0.062962963
0.067735043
0.069337607
0.067628205
0.063105413
0.056801994
0.049750712
0.042948718
0.036930199
0.031837607
0.027350427
0.022934473
0.018055556
0.01235755
0.005804843
-0.001460114
-0.009081197
-0.016488604
-0.023076923
-0.028490028
-0.03258547
-0.035576923
-0.037891738
-0.039921652
-0.042058405
-0.04451567
-0.047150997
-0.049394587
-0.050320513
-0.049109687
-0.045299145
-0.039066952
-0.031054131
-0.021972934
-0.012678063
-0.003846154
0.003988604
0.010612536
0.016061254
0.020655271
0.024821937
0.028810541
0.03272792
0.036396011
0.039565527
0.041844729
0.04284188
0.04212963
0.038960114
0.033012821
0.024252137
0.013212251
0.000925926
-0.011182336
-0.021652422
-0.029166667
-0.033119658
-0.033475783
-0.030947293
-0.026638177
-0.021759259
-0.017592593
-0.015206553
-0.015064103
-0.016452991
-0.017913105
-0.01798433
-0.015669516
-0.010897436
-0.004380342
0.00267094
0.009116809
0.014280627
0.018019943
0.020726496
0.022970085
0.025178063
0.02738604
0.029024217
0.029522792
0.028383191
0.025890313
0.022720798
0.019836182
0.017913105
0.017236467
0.017450142
0.01727208
0.01517094
0.010007123
0.001780627
-0.008190883
-0.018055556
-0.026103989
-0.031481481
-0.034294872
-0.035185185
-0.035149573
-0.035078348
-0.035576923
-0.036467236
-0.037108262
-0.036609687
-0.034366097
-0.030306268
-0.0247151
-0.018198006
-0.011574074
-0.005911681
-0.002279202
-0.001068376
-0.00224359
-0.005163818
-0.009009972
-0.013105413
-0.016737892
-0.019551282
-0.021331909
-0.022150997
-0.021759259
-0.019693732
-0.015384615
-0.008618234
0.00042735
0.011039886
0.021972934
0.031837607
0.039209402
0.043233618
0.043554131
0.040349003
0.034294872
0.026246439
0.017165242
0.00787037
-0.001139601
-0.009650997
-0.01755698
-0.024465812
-0.030021368
-0.033689459
-0.035149573
-0.034152422
-0.030840456
-0.025641026
-0.019586895
-0.013817664
-0.009294872
-0.006517094
-0.005413105
-0.005448718
-0.005947293
-0.005876068
-0.004380342
-0.000961538
0.004309117
0.011004274
0.018482906
0.026103989
0.033475783
0.040420228
0.046438746
0.050569801
0.051780627
0.04957265
0.044123932
0.036182336
0.026780627
0.017058405
0.008048433
0.000712251
-0.004522792
-0.007799145
-0.009650997
-0.010754986
-0.011680912
-0.012891738
-0.014458689
-0.016274929
-0.017877493
-0.018660969
-0.018198006
-0.016203704
-0.0127849
-0.008048433
-0.002314815
0.003988604
0.010505698
0.017058405
0.023468661
0.029807692
0.035790598
0.040883191
0.044301994
0.045548433
0.044337607
0.040633903
0.034401709
0.026068376
0.016132479
0.005235043
-0.006054131
-0.01727208
-0.028062678
-0.03792735
-0.046296296
-0.052777778
-0.056873219
-0.058440171
-0.057621083
-0.054878917
-0.050854701
-0.046260684
-0.041524217
-0.036930199
-0.032407407
-0.027599715
-0.022150997
-0.015847578
-0.008725071
-0.001068376
0.006552707
0.013212251
0.017663818
0.019123932
0.017770655
0.014529915
0.010612536
0.007122507
0.00462963
0.003205128
0.002635328
0.002457265
0.002457265
0.002599715
0.00295584
0.003703704
0.004736467
0.005769231
0.006303419
0.006054131
0.004878917
0.00281339
0.00014245
-0.002777778
-0.005591168
-0.007799145
-0.008903134
-0.008689459
-0.00715812
-0.004451567
-0.000997151
0.002849003
0.006801994
0.010612536
0.014280627
0.017806268
0.021189459
0.024287749
0.026887464
0.028810541
0.030021368
0.030519943
0.030377493
0.029736467
0.028810541
0.027742165
0.026638177
0.025641026
0.024893162
0.024679487
0.025249288
0.026745014
0.029131054
0.032122507
0.035505698
0.038960114
0.042165242
0.04480057
0.046474359
0.04704416
0.046438746
0.044871795
0.042521368
0.039814815
0.036965812
0.034188034
0.031659544
0.02962963
0.028418803
0.028240741
0.029095442
0.030804843
0.033119658
0.035683761
0.038319088
0.040847578
0.043198006
0.045477208
0.047578348
0.049358974
0.050569801
0.050961538
0.050534188
0.049430199
0.047863248
0.046082621
0.044301994
0.042521368
0.040420228
0.037606838
0.033689459
0.028561254
0.02232906
0.014850427
0.005804843
-0.00477208
-0.016274929
-0.027492877
-0.037108262
-0.044123932
-0.047934473
-0.048682336
-0.047079772
-0.044052707
-0.040527066
-0.037179487
-0.034294872
-0.031837607
-0.029522792
-0.026887464
-0.023468661
-0.019052707
-0.013710826
-0.007692308
-0.001388889
0.00462963
0.009259259
0.011182336
0.009722222
0.004878917
-0.002706553
-0.011965812
-0.021830484
-0.031481481
-0.039779202
-0.045619658
-0.048076923
-0.046972934
-0.042913105
-0.037108262
-0.031054131
-0.025819088
-0.021937322
-0.019408832
-0.017948718
-0.017450142
-0.017806268
-0.019052707
-0.021118234
-0.023860399
-0.027065527
-0.030306268
-0.033155271
-0.035078348
-0.035897436
-0.035790598
-0.03511396
-0.034508547
-0.034366097
-0.03497151
-0.036253561
-0.038034188
-0.039850427
-0.041274929
-0.041773504
-0.041203704
-0.039565527
-0.036930199
-0.033547009
-0.02962963
-0.025498575
-0.021225071
-0.016987179
-0.012820513
-0.008653846
-0.004487179
-0.000569801
0.002421652
0.003561254
0.002207977
-0.001851852
-0.008368946
-0.016666667
-0.025961538
-0.035327635
-0.043732194
-0.049928775
-0.053205128
-0.053418803
-0.051139601
-0.047257835
-0.04269943
-0.038176638
-0.034116809
-0.030555556
-0.027314815
-0.024180912
-0.021225071
-0.018732194
-0.017022792
-0.016310541
-0.016524217
-0.01755698
-0.019017094
-0.020655271
-0.022257835
-0.023682336
-0.024928775
-0.026103989
-0.027172365
-0.028098291
-0.028311966
-0.027279202
-0.02457265
-0.020263533
-0.01474359
-0.008831909
-0.003454416
0.000747863
0.003596866
0.00534188
0.006481481
0.007514245
0.008867521
0.010648148
0.0127849
0.014850427
0.016096866
0.016025641
0.014351852
0.011324786
0.007621083
0.003917379
0.000925926
-0.001103989
-0.002172365
-0.002279202
-0.001566952
-7.12251E-05
0.001958689
0.004380342
0.007051282
0.00982906
0.012606838
0.015420228
0.018198006
0.020975783
0.023646724
0.025890313
0.027207977
0.027314815
0.026139601
0.023753561
0.020156695
0.015349003
0.009650997
0.003561254
-0.002279202
-0.00744302
-0.011645299
-0.01460114
-0.016203704
-0.016417379
-0.015420228
-0.013603989
-0.011396011
-0.009294872
-0.007799145
-0.00715812
-0.007371795
-0.008119658
-0.008938746
-0.009259259
-0.008653846
-0.00701567
-0.004487179
-0.001460114
0.001673789
0.004487179
0.006730769
0.008440171
0.009900285
0.011716524
0.014458689
0.018518519
0.023931624
0.030128205
0.036182336
0.040847578
0.043198006
0.042770655
0.039779202
0.03482906
0.028810541
0.022542735
0.016488604
0.010933048
0.005876068
0.001282051
-0.002920228
-0.006445869
-0.009045584
-0.01039886
-0.010434473
-0.009401709
-0.00758547
-0.005377493
-0.003347578
-0.002029915
-0.001816239
-0.002849003
-0.004807692
-0.006837607
-0.008190883
-0.008262108
-0.006873219
-0.004273504
-0.000961538
0.002599715
0.005982906
0.008867521
0.010968661
0.012037037
0.012143875
0.011431624
0.01025641
0.008831909
0.007371795
0.006089744
0.005021368
0.004487179
0.004700855
0.005804843
0.00772792
0.010327635
0.013283476
0.016274929
0.018803419
0.020441595
0.020868946
0.019729345
0.016773504
0.01207265
0.005947293
-0.001210826
-0.008831909
-0.016559829
-0.024180912
-0.031445869
-0.038069801
-0.043767806
-0.047970085
-0.05014245
-0.05
-0.047720798
-0.043732194
-0.038746439
-0.033404558
-0.028347578
-0.024252137
-0.021688034
-0.020726496
-0.021225071
-0.022685185
-0.024430199
-0.025534188
-0.025106838
-0.02261396
-0.018162393
-0.012108262
-0.005163818
0.002065527
0.009081197
0.015669516
0.021438746
0.026032764
0.029237892
0.031125356
0.031908832
0.03201567
0.031801994
0.031481481
0.031089744
0.030519943
0.029878917
0.029309117
0.029166667
0.029665242
0.030911681
0.03272792
0.035007123
0.037464387
0.039921652
0.042200855
0.044301994
0.046225071
0.048041311
0.049821937
0.051460114
0.052635328
0.053027066
0.052457265
0.050925926
0.048682336
0.045975783
0.043162393
0.040633903
0.038960114
0.038532764
0.03960114
0.041987179
0.04537037
0.049216524
0.053205128
0.05701567
0.06025641
0.062606838
0.063782051
0.063603989
0.061930199
0.058725071
0.054166667
0.048575499
0.042307692
0.035826211
0.029415954
0.023361823
0.017735043
0.012464387
0.00744302
0.002635328
-0.001780627
-0.00548433
-0.008155271
-0.00954416
-0.009722222
-0.008867521
-0.007371795
-0.005591168
-0.003774929
-0.001958689
0.000106838
0.002635328
0.005840456
0.00968661
0.014102564
0.018554131
0.022364672
0.024821937
0.025462963
0.024287749
0.021652422
0.018055556
0.014031339
0.010042735
0.006232194
0.002599715
-0.000997151
-0.004736467
-0.008689459
-0.012856125
-0.016915954
-0.020263533
-0.022400285
-0.023041311
-0.022435897
-0.021225071
-0.020156695
-0.019907407
-0.020655271
-0.022400285
-0.024750712
-0.027207977
-0.029166667
-0.030270655
-0.030270655
-0.029309117
-0.027742165
-0.025925926
-0.024109687
-0.022507123
-0.021118234
-0.01994302
-0.018803419
-0.017735043
-0.016987179
-0.016809117
-0.01741453
-0.018767806
-0.020797721
-0.023148148
-0.025356125
-0.026851852
-0.027314815
-0.026638177
-0.025071225
-0.02289886
-0.020548433
-0.018482906
-0.017236467
-0.017165242
-0.018376068
-0.020726496
-0.023789174
-0.027029915
-0.029843305
-0.031730769
-0.032656695
-0.032692308
-0.03215812
-0.031374644
-0.030698006
-0.030163818
-0.029700855
-0.028774929
-0.026851852
-0.023575499
-0.018945869
-0.013176638
-0.006695157
-7.12251E-05
0.006232194
0.011716524
0.016203704
0.019764957
0.02261396
0.025106838
0.02752849
0.029843305
0.031766382
0.032905983
0.032977208
0.031944444
0.029985755
0.02738604
0.024216524
0.020619658
0.016524217
0.012037037
0.007371795
0.00295584
-0.000854701
-0.003881766
-0.006125356
-0.007763533
-0.009152422
-0.010719373
-0.0127849
-0.015562678
-0.018910256
-0.022720798
-0.026673789
-0.03034188
-0.033333333
-0.035149573
-0.035541311
-0.034579772
-0.03258547
-0.02991453
-0.026994302
-0.024109687
-0.021296296
-0.018340456
-0.01502849
-0.011360399
-0.00758547
-0.003952991
-0.000747863
0.001958689
0.004202279
0.006160969
0.007977208
0.00982906
0.011752137
0.013603989
0.015099715
0.015883191
0.015847578
0.01488604
0.012856125
0.009472934
0.004594017
-0.001709402
-0.009116809
-0.017094017
-0.024679487
-0.030947293
-0.03539886
-0.037962963
-0.038995726
-0.039138177
-0.038995726
-0.038995726
-0.039387464
-0.04002849
-0.040740741
-0.041132479
-0.041025641
-0.04031339
-0.039173789
-0.0377849
-0.036467236
-0.035612536
-0.035363248
-0.035790598
-0.036823362
-0.038283476
-0.04002849
-0.041915954
-0.043910256
-0.045868946
-0.047863248
-0.04985755
-0.051887464
-0.053881766
-0.055769231
-0.05744302
-0.058511396
-0.058653846
-0.057692308
-0.055626781
-0.052777778
-0.04957265
-0.046331909
-0.043447293
-0.040918803
-0.038710826
-0.036716524
-0.034722222
-0.03258547
-0.030235043
-0.02767094
-0.024928775
-0.022115385
-0.019301994
-0.016631054
-0.014387464
-0.012856125
-0.012250712
-0.01264245
-0.013817664
-0.015349003
-0.016631054
-0.017094017
-0.016452991
-0.014707977
-0.012250712
-0.009508547
-0.006837607
-0.004522792
-0.002599715
-0.001103989
-3.56125E-05
0.000569801
0.000641026
0.000320513
-0.000356125
-0.001282051
-0.00238604
-0.003561254
-0.004843305
-0.006125356
-0.007371795
-0.008368946
-0.008796296
-0.008404558
-0.007122507
-0.00505698
-0.002457265
0.000320513
0.002991453
0.005163818
0.006659544
0.007478632
0.007763533
0.008048433
0.008689459
0.010007123
0.01207265
0.01474359
0.017770655
0.020940171
0.023931624
0.026638177
0.029059829
0.031160969
0.032905983
0.034152422
0.034900285
0.03511396
0.034900285
0.034401709
0.033831909
0.033511396
0.033725071
0.034757835
0.036609687
0.039138177
0.042058405
0.045156695
0.048183761
0.051032764
0.053418803
0.055021368
0.055519943
0.05477208
0.052564103
0.048860399
0.043874644
0.037856125
0.031267806
0.024394587
0.01755698
0.010933048
0.004736467
-0.000890313
-0.005947293
-0.010327635
-0.013960114
-0.016631054
-0.018162393
-0.018589744
-0.018055556
-0.016880342
-0.015384615
-0.013853276
-0.012678063
-0.012143875
-0.012464387
-0.013675214
-0.015527066
-0.01769943
-0.01994302
-0.022008547
-0.023824786
-0.02542735
-0.026887464
-0.028098291
-0.028881766
-0.029095442
-0.028525641
-0.027065527
-0.024608262
-0.021225071
-0.017165242
-0.01264245
-0.007977208
-0.003490028
0.000534188
0.003952991
0.006766382
0.009152422
0.011253561
0.013283476
0.015420228
0.017628205
0.01994302
0.022293447
0.024465812
0.026103989
0.026958689
0.026923077
0.026103989
0.0247151
0.023076923
0.021688034
0.020975783
0.021260684
0.022578348
0.024928775
0.02795584
0.031410256
0.034935897
0.038425926
0.041666667
0.044337607
0.045975783
0.046331909
0.045299145
0.043091168
0.040135328
0.036787749
0.033404558
0.030163818
0.027136752
0.024287749
0.021581197
0.019195157
0.01755698
0.016951567
0.01755698
0.019230769
0.021474359
0.023504274
0.024537037
0.024145299
0.022222222
0.019088319
0.015242165
0.011217949
0.007478632
0.004700855
0.003418803
0.003952991
0.006160969
0.009757835
0.014245014
0.019123932
0.023967236
0.028454416
0.03244302
0.035790598
0.038497151
0.040420228
0.041274929
0.041025641
0.039529915
0.036680912
0.032336182
0.026709402
0.019978632
0.012606838
0.004950142
-0.002706553
-0.00997151
-0.016524217
-0.021937322
-0.025712251
-0.02752849
-0.027492877
-0.025890313
-0.023254986
-0.020049858
-0.016631054
-0.013176638
-0.00982906
-0.006944444
-0.004736467
-0.003490028
-0.003133903
-0.003347578
-0.003632479
-0.003347578
-0.002136752
7.12251E-05
0.003098291
0.006445869
0.00954416
0.011823362
0.013069801
0.013354701
0.01292735
0.012108262
0.011289174
0.010683761
0.010292023
0.010149573
0.010327635
0.010968661
0.0122151
0.014138177
0.016631054
0.01951567
0.02261396
0.025676638
0.028383191
0.03019943
0.030911681
0.030448718
0.028988604
0.026923077
0.02457265
0.022507123
0.021260684
0.021296296
0.022792023
0.025534188
0.029131054
0.033155271
0.037143875
0.040740741
0.043767806
0.046225071
0.048254986
0.050071225
0.051816239
0.053632479
0.055519943
0.057371795
0.059116809
0.060648148
0.061823362
0.062464387
0.062535613
0.062001425
0.061004274
0.059722222
0.058297721
0.056766382
0.054878917
0.052350427
0.049002849
0.044836182
0.039957265
0.034650997
0.029166667
0.023753561
0.018625356
0.014066952
0.010185185
0.00701567
0.004380342
0.00210114
-3.56125E-05
-0.002279202
-0.00462963
-0.00715812
-0.009722222
-0.011894587
-0.013390313
-0.013924501
-0.013497151
-0.012286325
-0.010576923
-0.008368946
-0.005626781
-0.002136752
0.002065527
0.006695157
0.011431624
0.015918803
0.01980057
0.022720798
0.024394587
0.024679487
0.023646724
0.021581197
0.018945869
0.016274929
0.014031339
0.012428775
0.011467236
0.010933048
0.010648148
0.010220798
0.009366097
0.007799145
0.005448718
0.002492877
-0.000961538
-0.004558405
-0.008119658
-0.011467236
-0.014565527
-0.017521368
-0.020299145
-0.022863248
-0.024893162
-0.026175214
-0.026602564
-0.026246439
-0.025356125
-0.024180912
-0.023254986
-0.023076923
-0.024038462
-0.026103989
-0.028988604
-0.032122507
-0.03497151
-0.0372151
-0.038817664
-0.039850427
-0.040242165
-0.039814815
-0.038497151
-0.036146724
-0.032941595
-0.029059829
-0.02485755
-0.020512821
-0.016310541
-0.012464387
-0.009188034
-0.006623932
-0.004807692
-0.003703704
-0.003205128
-0.003169516
-0.003347578
-0.003454416
-0.003133903
-0.002279202
-0.000890313
0.000925926
0.003027066
0.005163818
0.007264957
0.009223647
0.011146724
0.013034188
0.015064103
0.01727208
0.01965812
0.021901709
0.023504274
0.024109687
0.023397436
0.021474359
0.018518519
0.014850427
0.010933048
0.00701567
0.003418803
0.000391738
-0.001851852
-0.003169516
-0.003632479
-0.003347578
-0.002599715
-0.001602564
-0.000641026
0.000106838
0.000498575
0.000534188
0.000320513
-0.000106838
-0.000534188
-0.000925926
-0.001246439
-0.001460114
-0.001460114
-0.001210826
-0.000676638
0.00014245
0.001139601
0.00224359
0.003169516
0.003525641
0.00295584
0.001317664
-0.001353276
-0.004807692
-0.008618234
-0.01235755
-0.015633903
-0.018055556
-0.01965812
-0.020477208
-0.020833333
-0.021011396
-0.021225071
-0.021509972
-0.021688034
-0.021509972
-0.020833333
-0.019586895
-0.017877493
-0.015847578
-0.013710826
-0.011609687
-0.009793447
-0.008511396
-0.008012821
-0.008297721
-0.009259259
-0.010719373
-0.012393162
-0.014066952
-0.015669516
-0.017165242
-0.018518519
-0.019871795
-0.021225071
-0.022578348
-0.023824786
-0.024928775
-0.025854701
-0.026638177
-0.027457265
-0.028525641
-0.02991453
-0.031481481
-0.032905983
-0.033689459
-0.033582621
-0.03258547
-0.030840456
-0.028810541
-0.027172365
-0.026424501
-0.026923077
-0.028632479
-0.031232194
-0.034330484
-0.0375
-0.040384615
-0.04255698
-0.043660969
-0.043447293
-0.042094017
-0.039814815
-0.037108262
-0.034366097
-0.032086895
-0.030519943
-0.02977208
-0.029665242
-0.02991453
-0.030235043
-0.030448718
-0.03034188
-0.029985755
-0.029487179
-0.028952991
-0.028668091
-0.028774929
-0.029273504
-0.030163818
-0.031267806
-0.03244302
-0.033511396
-0.034152422
-0.034188034
-0.033511396
-0.032264957
-0.030555556
-0.028668091
-0.026816239
-0.025213675
-0.023896011
-0.022934473
-0.02218661
-0.021616809
-0.021047009
-0.020477208
-0.019978632
-0.019586895
-0.019408832
-0.019480057
-0.01951567
-0.019159544
-0.017948718
-0.015669516
-0.01235755
-0.008297721
-0.003774929
0.000747863
0.00491453
0.008368946
0.010968661
0.012820513
0.014138177
0.01517094
0.016061254
0.016737892
0.016951567
0.016631054
0.015633903
0.014066952
0.012108262
0.009864672
0.007371795
0.00462963
0.001602564
-0.001994302
-0.006339031
-0.011538462
-0.017450142
-0.023931624
-0.030626781
-0.037108262
-0.042806268
-0.047400285
-0.050819088
-0.053205128
-0.054950142
-0.056410256
-0.057799145
-0.058903134
-0.059188034
-0.058190883
-0.057193732
-0.053205128
-0.048183761
-0.042628205
-0.037179487
-0.032407407
-0.028846154
-0.026531339
-0.025356125
-0.024928775
-0.024786325
-0.024608262
-0.024216524
-0.023504274
-0.02232906
-0.020619658
-0.018269231
-0.015420228
-0.012321937
-0.009294872
-0.006837607
-0.005163818
-0.004309117
-0.004131054
-0.004237892
-0.004237892
-0.003881766
-0.003027066
-0.001816239
-0.00042735
0.000747863
0.001424501
0.001495726
0.000925926
-3.56125E-05
-0.001068376
-0.001602564
-0.001246439
0.000249288
0.002777778
0.006089744
0.009793447
0.013568376
0.017022792
0.020014245
0.022435897
0.024430199
0.026139601
0.027706553
0.029273504
0.030947293
0.032692308
0.034508547
0.036253561
0.0377849
0.038924501
0.039565527
0.03974359
0.039458689
0.038853276
0.038034188
0.037108262
0.036217949
0.035470085
0.035007123
0.034935897
0.035220798
0.035826211
0.036574074
0.037428775
0.038105413
0.038319088
0.037678063
0.036004274
0.033297721
0.029807692
0.025925926
0.022079772
0.018589744
0.015598291
0.013034188
0.010933048
0.009294872
0.008190883
0.007692308
0.007692308
0.007941595
0.008084046
0.007799145
0.00701567
0.005698006
0.004166667
0.00295584
0.002457265
0.002849003
0.004131054
0.006018519
0.008262108
0.010505698
0.01264245
0.014636752
0.016559829
0.018447293
0.020441595
0.02247151
0.024358974
0.025854701
0.026638177
0.026638177
0.025961538
0.024821937
0.023397436
0.021972934
0.020584046
0.019088319
0.01712963
0.014458689
0.010968661
0.006837607
0.002564103
-0.001317664
-0.004487179
-0.006766382
-0.008333333
-0.009401709
-0.01039886
-0.011645299
-0.013319088
-0.015384615
-0.017735043
-0.020192308
-0.022578348
-0.024501425
-0.025676638
-0.025854701
-0.02514245
-0.023682336
-0.021830484
-0.019978632
-0.018589744
-0.018019943
-0.018411681
-0.019586895
-0.021118234
-0.022257835
-0.022222222
-0.020619658
-0.017450142
-0.013069801
-0.008012821
-0.002849003
0.002136752
0.006730769
0.010754986
0.013995726
0.016203704
0.017236467
0.017165242
0.016203704
0.014636752
0.01292735
0.011574074
0.011039886
0.011609687
0.013212251
0.015598291
0.018447293
0.021331909
0.023860399
0.025462963
0.025819088
0.024821937
0.022827635
0.020334758
0.017913105
0.016025641
0.01474359
0.014031339
0.013710826
0.013603989
0.013710826
0.014066952
0.014672365
0.015562678
0.016631054
0.017877493
0.019195157
0.020512821
0.021616809
0.022257835
0.022293447
0.021688034
0.020512821
0.019017094
0.017450142
0.015918803
0.014707977
0.013960114
0.013782051
0.014138177
0.01474359
0.015242165
0.01531339
0.014779202
0.013675214
0.012179487
0.010505698
0.008796296
0.007229345
0.005840456
0.004594017
0.003418803
0.002314815
0.001353276
0.000676638
0.000320513
0.000320513
0.000569801
0.001032764
0.001638177
0.002314815
0.003027066
0.003810541
0.004558405
0.005270655
0.005876068
0.006303419
0.006659544
0.006873219
0.007051282
0.007229345
0.007407407
0.00758547
0.00787037
0.008262108
0.008831909
0.00954416
0.01039886
0.011324786
0.012321937
0.013390313
0.014494302
0.015633903
0.016809117
0.018019943
0.019123932
0.020014245
0.020441595
0.02022792
0.019123932
0.017094017
0.014423077
0.011930199
0.010648148
0.011360399
0.014280627
0.019017094
0.02485755
0.030911681
0.036075499
0.039458689
0.040740741
0.040135328
0.038212251
0.035434473
0.032051282
0.028062678
0.023326211
0.01784188
0.011716524
0.005163818
-0.001531339
-0.008226496
-0.014387464
-0.019266382
-0.022079772
-0.022507123
-0.021047009
-0.018554131
-0.015918803
-0.013425926
-0.010968661
-0.008297721
-0.005092593
-0.001246439
0.003098291
0.007656695
0.011823362
0.01502849
0.016737892
0.016773504
0.015349003
0.012891738
0.00997151
0.006980057
0.004273504
0.001923077
7.12251E-05
-0.001068376
-0.001460114
-0.001388889
-0.001495726
-0.002492877
-0.004807692
-0.008368946
-0.01292735
-0.01798433
-0.022863248
-0.026638177
-0.028454416
-0.027884615
-0.025
-0.02037037
-0.014850427
-0.009294872
-0.00462963
-0.001780627
-0.001139601
-0.00252849
-0.005448718
-0.009152422
-0.012962963
-0.016346154
-0.018945869
-0.020619658
-0.021474359
-0.021723647
-0.021616809
-0.021189459
-0.02037037
-0.019088319
-0.017378917
-0.015349003
-0.013354701
-0.011858974
-0.011146724
-0.011289174
-0.012001425
-0.01292735
-0.013782051
-0.014280627
-0.014423077
-0.014245014
-0.013924501
-0.013639601
-0.013568376
-0.013746439
-0.014209402
-0.014707977
-0.014957265
-0.014707977
-0.013888889
-0.012606838
-0.010968661
-0.009366097
-0.008048433
-0.007193732
-0.006837607
-0.006908832
-0.007229345
-0.00758547
-0.007905983
-0.008048433
-0.008012821
-0.007834758
-0.007549858
-0.007229345
-0.006908832
-0.006623932
-0.006445869
-0.006339031
-0.006339031
-0.006410256
-0.006552707
-0.006695157
-0.006837607
-0.006908832
-0.006944444
-0.006873219
-0.006730769
-0.006552707
-0.006374644
-0.006160969
-0.006018519
-0.005911681
-0.005876068
-0.005876068
-0.005911681
-0.005876068
-0.005840456
-0.005733618
-0.005555556
-0.00534188
-0.00505698
-0.004736467
-0.004451567
-0.004131054
-0.003846154
-0.003525641
-0.003240741
-0.002920228
-0.002635328
-0.002350427
-0.002172365
-0.002029915
-0.001994302
-0.002029915
-0.002136752
-0.00224359
-0.002314815
-0.002314815
-0.00224359
-0.00210114
-0.001923077
-0.001745014
-0.001602564
-0.001531339
-0.001460114
-0.001460114
-0.001460114
-0.001424501
-0.001424501
-0.001388889
-0.001388889
-0.001353276
-0.001317664
-0.001317664
-0.001282051
-0.001282051
-0.001246439
-0.001210826
-0.001175214
-0.001139601
-0.001103989
-0.001103989
-0.001068376
-0.001068376
-0.001032764
-0.000997151
-0.000925926
-0.000854701
-0.000747863
-0.000676638
-0.000641026
-0.000569801
-0.000534188
-0.000498575
-0.000462963
-0.00042735
-0.000391738
-0.000356125
-0.000320513
-0.000249288
-0.000213675
-0.000178063
-0.00014245
-7.12251E-05
-3.56125E-05
0
7.12251E-05
0.000106838
0.00014245
0.000213675
0.000249288
0.0002849
0.000356125
0.000391738
0.000462963
0.000498575
0.000534188
0.000569801
0.000641026
0.000676638
0.000712251
0.000783476
0.000819088
0.000854701
0.000890313
0.000961538
0.000997151
0.001032764
0.001068376
0.001103989
0.001175214
0.001210826
0.001246439
0.001282051
0.001317664
0.001353276
0.001424501
0.001460114
0.001495726
0.001531339
0.001566952
0.001602564
0.001638177
0.001673789
0.001709402
0.001745014
0.001780627
0.001851852
0.001887464
0.001923077
0.001958689
0.001994302
0.002029915
0.002029915
0.002065527
0.00210114
0.002136752
0.002172365
0.002207977
0.00224359
0.002279202
0.002314815
0.002350427
0.00238604
0.002421652
0.002421652
0.002457265
0.002492877
0.00252849
0.002564103
0.002599715
0.002599715
0.002635328
0.00267094
0.002706553
0.002706553
0.002742165
0.002777778
0.00281339
0.00281339
0.002849003
