0.003561254
0.003561254
0.003561254
0.003561254
0.003561254
0.003561254
0.003561254
0.003561254
0.003561254
0.003561254
0.003561254
0.003561254
0.003561254
0.003561254
0.003561254
0.003561254
0.003561254
0.003561254
0.003561254
0.003561254
0.003561254
0.003561254
0.003561254
0.003561254
0.003561254
0.003561254
0.003561254
0.003561254
0.003561254
0.003561254
0.003561254
0.003596866
0.003596866
0.003596866
0.003596866
0.003596866
0.003561254
0.003561254
0.003561254
0.003525641
0.003525641
0.003525641
0.003490028
0.003490028
0.003490028
0.003525641
0.003561254
0.003632479
0.003703704
0.003739316
0.003739316
0.003668091
0.003561254
0.003383191
0.003169516
0.002991453
0.002884615
0.002884615
0.003027066
0.003276353
0.003561254
0.003846154
0.004024217
0.004166667
0.004273504
0.004415954
0.004594017
0.004807692
0.00505698
0.005270655
0.005306268
0.00519943
0.004950142
0.004665242
0.004451567
0.004309117
0.004273504
0.004309117
0.004273504
0.004095442
0.003668091
0.002991453
0.00210114
0.000997151
-0.000178063
-0.001282051
-0.00224359
-0.003027066
-0.003739316
-0.004487179
-0.005448718
-0.006730769
-0.008190883
-0.009650997
-0.010754986
-0.011324786
-0.011289174
-0.010719373
-0.009757835
-0.008653846
-0.007692308
-0.00715812
-0.007336182
-0.008368946
-0.010220798
-0.012713675
-0.015598291
-0.018660969
-0.021866097
-0.025106838
-0.028276353
-0.031160969
-0.033404558
-0.034757835
-0.035042735
-0.034188034
-0.032229345
-0.029522792
-0.026566952
-0.023611111
-0.01994302
-0.014245014
-0.005270655
0.007478632
0.022934473
0.038212251
0.050035613
0.056054131
0.055591168
0.049501425
0.039707977
0.028383191
0.017343305
0.007656695
-0.000498575
-0.00758547
-0.014423077
-0.021759259
-0.030163818
-0.039814815
-0.050925926
-0.063461538
-0.07738604
-0.09255698
-0.108725071
-0.125712251
-0.143304843
-0.160648148
-0.175356125
-0.184508547
-0.186111111
-0.179665242
-0.166524217
-0.150071225
-0.13468661
-0.124180912
-0.120263533
-0.122257835
-0.127884615
-0.134401709
-0.139921652
-0.144373219
-0.148860399
-0.154950142
-0.163710826
-0.171759259
-0.168162393
-0.139102564
-0.074358974
0.026424501
0.148931624
0.269123932
0.364245014
0.420797721
0.437571225
0.423468661
0.392592593
0.358867521
0.332977208
0.320584046
0.321972934
0.333475783
0.349750712
0.365705128
0.378169516
0.385149573
0.38511396
0.376994302
0.360861823
0.337856125
0.30982906
0.278810541
0.246331909
0.213069801
0.178383191
0.141096866
0.100071225
0.054950142
0.005982906
-0.045975783
-0.099821937
-0.154700855
-0.20997151
-0.265527066
-0.321509972
-0.378169516
-0.435861823
-0.494764957
-0.554878917
-0.616132479
-0.677742165
-0.73792735
-0.794444444
-0.845940171
-0.892165242
-0.933831909
-0.969480057
-0.993732194
-1
-0.981054131
-0.92767094
-0.819444444
-0.621866097
-0.32232906
0.039102564
0.388746439
0.655555556
0.798112536
0.813461538
0.73048433
0.593767806
0.447008547
0.320512821
0.226745014
0.162962963
0.117770655
0.077457265
0.031303419
-0.025997151
-0.094195157
-0.169123932
-0.245477208
-0.318696581
-0.386574074
-0.449252137
-0.503561254
-0.518482906
-0.436289174
-0.224038462
0.086004274
0.415277778
0.680021368
0.824465812
0.834793447
0.734401709
0.568304843
0.384294872
0.218233618
0.088141026
0.004594017
-0.017022792
0.037856125
0.16755698
0.34284188
0.518091168
0.651460114
0.719337607
0.720263533
0.670299145
0.593945869
0.514529915
0.447827635
0.399537037
0.366951567
0.34241453
0.31755698
0.286289174
0.246296296
0.198753561
0.14704416
0.094871795
0.045192308
0.000320513
-0.034508547
-0.051424501
-0.043803419
-0.009793447
0.047435897
0.120797721
0.200249288
0.271972934
0.322400285
0.343304843
0.334081197
0.300819088
0.253169516
0.200854701
0.150676638
0.105448718
0.064494302
0.025356125
-0.014921652
-0.058297721
-0.105306268
-0.152920228
-0.188853276
-0.194693732
-0.158048433
-0.085434473
0.000356125
0.072293447
0.110363248
0.107193732
0.067770655
0.004950142
-0.066452991
-0.134472934
-0.192735043
-0.240491453
-0.281125356
-0.319551282
-0.360292023
-0.403311966
-0.432905983
-0.422222222
-0.361645299
-0.268126781
-0.173397436
-0.10787037
-0.089458689
-0.12022792
-0.189031339
-0.278276353
-0.370548433
-0.453774929
-0.523183761
-0.577279202
-0.59241453
-0.516666667
-0.326175214
-0.057051282
0.218055556
0.427136752
0.526068376
0.508119658
0.397970085
0.236680912
0.065527066
-0.083226496
-0.174750712
-0.16980057
-0.056659544
0.131623932
0.336004274
0.499145299
0.585897436
0.589921652
0.528810541
0.432656695
0.331623932
0.246830484
0.186823362
0.148646724
0.122827635
0.103027066
0.094195157
0.101709402
0.122578348
0.147293447
0.165242165
0.168874644
0.155804843
0.128418803
0.091915954
0.051816239
0.011930199
-0.026210826
-0.0627849
-0.099002849
-0.135754986
-0.169871795
-0.193376068
-0.197792023
-0.178240741
-0.13525641
-0.074679487
-0.009081197
0.045049858
0.073860399
0.070975783
0.038532764
-0.015135328
-0.079451567
-0.145334758
-0.207229345
-0.263568376
-0.315669516
-0.366381766
-0.418482906
-0.473397436
-0.52542735
-0.555270655
-0.538212251
-0.459757835
-0.331125356
-0.185612536
-0.061752137
0.012571225
0.029095442
0.002314815
-0.038639601
-0.065598291
-0.065847578
-0.043660969
-0.013675214
0.00787037
0.009615385
-0.011965812
-0.053205128
-0.106125356
-0.161894587
-0.214066952
-0.25982906
-0.299643875
-0.336182336
-0.372649573
-0.411538462
-0.453988604
-0.500071225
-0.548717949
-0.597435897
-0.641666667
-0.676602564
-0.699430199
-0.71011396
-0.710363248
-0.70042735
-0.678988604
-0.638176638
-0.549394587
-0.386182336
-0.16292735
0.070619658
0.257336182
0.35730057
0.360541311
0.29255698
0.203490028
0.145512821
0.153383191
0.236823362
0.382692308
0.561217949
0.731125356
0.853383191
0.904878917
0.883689459
0.805662393
0.695868946
0.579024217
0.47247151
0.382834758
0.306730769
0.23525641
0.158903134
0.071509972
-0.028596866
-0.138888889
-0.25462963
-0.370405983
-0.4747151
-0.538319088
-0.525462963
-0.423112536
-0.258440171
-0.084009972
0.048076923
0.105235043
0.081588319
-0.006481481
-0.13048433
-0.261431624
-0.378703704
-0.473361823
-0.547364672
-0.609472934
-0.67008547
-0.732905983
-0.772079772
-0.732941595
-0.570477208
-0.294836182
0.031089744
0.326851852
0.529166667
0.611111111
0.582977208
0.480519943
0.348753561
0.234223647
0.180982906
0.216274929
0.333297721
0.492663818
0.643233618
0.743803419
0.7752849
0.741951567
0.664458689
0.569373219
0.479451567
0.407941595
0.357478632
0.322507123
0.293625356
0.263782051
0.235826211
0.221652422
0.233974359
0.276282051
0.338746439
0.403846154
0.454878917
0.481588319
0.481481481
0.45715812
0.414031339
0.358760684
0.29747151
0.234650997
0.172720798
0.115811966
0.087998575
0.118696581
0.207799145
0.326246439
0.434188034
0.499002849
0.505519943
0.45730057
0.371047009
0.268482906
0.168447293
0.082336182
0.0127849
-0.044159544
-0.095726496
-0.148433048
-0.201602564
-0.246082621
-0.269871795
-0.264458689
-0.228062678
-0.166631054
-0.094622507
-0.031801994
0.004665242
0.006303419
-0.025391738
-0.081517094
-0.149786325
-0.219195157
-0.282407407
-0.336858974
-0.383938746
-0.427136752
-0.470334758
-0.516274929
-0.563960114
-0.603240741
-0.61769943
-0.593269231
-0.524964387
-0.418803419
-0.292485755
-0.171866097
-0.081018519
-0.033582621
-0.030021368
-0.06011396
-0.107122507
-0.151032764
-0.174145299
-0.166524217
-0.127884615
-0.06712963
-0.000320513
0.055804843
0.090384615
0.101887464
0.096616809
0.084472934
0.074252137
0.069978632
0.070726496
0.072507123
0.070762108
0.061324786
0.041488604
0.010754986
-0.029095442
-0.074821937
-0.121047009
-0.158297721
-0.176032764
-0.16727208
-0.131054131
-0.071581197
0.001709402
0.072257835
0.122008547
0.138675214
0.119301994
0.070584046
0.008796296
-0.04480057
-0.072222222
-0.067022792
-0.036858974
0.001638177
0.031303419
0.040669516
0.026602564
-0.006837607
-0.051282051
-0.09789886
-0.138675214
-0.164102564
-0.166096866
-0.142913105
-0.099501425
-0.045477208
0.006623932
0.044907407
0.062428775
0.058404558
0.03764245
0.009330484
-0.015669516
-0.028561254
-0.025747863
-0.010042735
0.011217949
0.02977208
0.039672365
0.038746439
0.028454416
0.012464387
-0.004878917
-0.018162393
-0.021759259
-0.011645299
0.013069801
0.049964387
0.092307692
0.129522792
0.151709402
0.154807692
0.141274929
0.117913105
0.092485755
0.071011396
0.056445869
0.048504274
0.043126781
0.033867521
0.017378917
-0.002421652
-0.016915954
-0.019123932
-0.008582621
0.009223647
0.02710114
0.039957265
0.046011396
0.046403134
0.043945869
0.041346154
0.03960114
0.037891738
0.034472934
0.027742165
0.016595442
0.000605413
-0.019978632
-0.044123932
-0.070904558
-0.100961538
-0.135933048
-0.176923077
-0.218660969
-0.247649573
-0.248717949
-0.212321937
-0.14045584
-0.049679487
0.035790598
0.094729345
0.116025641
0.10042735
0.057941595
0.00491453
-0.039672365
-0.060541311
-0.050747863
-0.012428775
0.045655271
0.109366097
0.162321937
0.191452991
0.191239316
0.164245014
0.118660969
0.064992877
0.012820513
-0.031552707
-0.066168091
-0.092521368
-0.112179487
-0.123183761
-0.121367521
-0.103347578
-0.068660969
-0.021866097
0.026745014
0.065242165
0.085933048
0.088603989
0.079024217
0.06531339
0.053490028
0.045655271
0.04045584
0.035078348
0.026673789
0.013782051
-0.003596866
-0.024323362
-0.046509972
-0.067735043
-0.084081197
-0.091488604
-0.087393162
-0.071901709
-0.048646724
-0.025712251
-0.012749288
-0.017022792
-0.040776353
-0.08048433
-0.125712251
-0.161894587
-0.176745014
-0.164957265
-0.130448718
-0.083653846
-0.036431624
0.001851852
0.024964387
0.030804843
0.022222222
0.005306268
-0.014351852
-0.033404558
-0.050997151
-0.068055556
-0.086039886
-0.106267806
-0.129273504
-0.153846154
-0.176388889
-0.192200855
-0.198005698
-0.192913105
-0.179451567
-0.164245014
-0.155911681
-0.161182336
-0.181623932
-0.208297721
-0.226780627
-0.227884615
-0.211004274
-0.180235043
-0.139458689
-0.091524217
-0.04017094
0.009259259
0.052065527
0.085612536
0.109793447
0.126246439
0.137108262
0.144622507
0.150534188
0.155626781
0.15982906
0.162606838
0.163141026
0.158226496
0.141524217
0.107478632
0.059081197
0.010007123
-0.02247151
-0.025569801
0.004700855
0.061146724
0.126246439
0.180021368
0.208974359
0.21011396
0.189494302
0.158119658
0.127172365
0.104558405
0.093269231
0.091915954
0.096296296
0.101745014
0.10462963
0.103703704
0.100213675
0.096688034
0.095726496
0.098504274
0.103774929
0.108048433
0.107656695
0.100071225
0.084401709
0.061111111
0.031873219
-0.001210826
-0.035719373
-0.068732194
-0.096830484
-0.117592593
-0.130306268
-0.136004274
-0.136894587
-0.135185185
-0.132514245
-0.129843305
-0.127350427
-0.124750712
-0.121082621
-0.114957265
-0.105270655
-0.092378917
-0.078846154
-0.068162393
-0.063105413
-0.064850427
-0.072079772
-0.070762108
-0.03497151
0.047649573
0.169123932
0.306695157
0.431801994
0.520619658
0.561930199
0.558297721
0.522542735
0.471474359
0.419693732
0.376139601
0.343198006
0.318233618
0.296225071
0.272222222
0.243126781
0.208262108
0.168910256
0.127564103
0.086894587
0.050819088
0.024109687
0.010363248
0.010327635
0.021438746
0.036752137
0.047222222
0.045441595
0.028240741
-0.001103989
-0.033368946
-0.058297721
-0.071509972
-0.077029915
-0.083974359
-0.101282051
-0.134188034
-0.183190883
-0.244871795
-0.314102564
-0.385968661
-0.456944444
-0.52247151
-0.560149573
-0.52781339
-0.399679487
-0.196581197
0.026673789
0.21025641
0.313319088
0.324679487
0.265527066
0.181588319
0.120049858
0.105911681
0.136716524
0.191488604
0.244017094
0.275498575
0.281303419
0.266951567
0.239066952
0.201032764
0.153739316
0.096794872
0.028846154
-0.051958689
-0.146474359
-0.253632479
-0.368482906
-0.473148148
-0.538141026
-0.53960114
-0.477706553
-0.376246439
-0.268518519
-0.180448718
-0.121937322
-0.08792735
-0.065135328
-0.038960114
0.000783476
0.057799145
0.129522792
0.208725071
0.285790598
0.352207977
0.400498575
0.423005698
0.414814815
0.375997151
0.311823362
0.230662393
0.141559829
0.051602564
-0.035648148
-0.121296296
-0.20968661
-0.305092593
-0.400854701
-0.46488604
-0.458760684
-0.373397436
-0.234437322
-0.085042735
0.034223647
0.099323362
0.106659544
0.069266382
0.008404558
-0.056623932
-0.115562678
-0.167236467
-0.21011396
-0.233084046
-0.219693732
-0.159401709
-0.060434473
0.049679487
0.138354701
0.182692308
0.17795584
0.135327635
0.074287749
0.014173789
-0.032264957
-0.062286325
-0.081837607
-0.100071225
-0.124180912
-0.156837607
-0.196545584
-0.239031339
-0.277350427
-0.302849003
-0.309009972
-0.293233618
-0.256801994
-0.203596866
-0.141809117
-0.083511396
-0.0377849
-0.004950142
0.021794872
0.050462963
0.081980057
0.108831909
0.120334758
0.108547009
0.071260684
0.012250712
-0.060078348
-0.128810541
-0.171759259
-0.175961538
-0.143340456
-0.088639601
-0.031588319
0.012001425
0.036146724
0.044480057
0.046153846
0.050819088
0.06460114
0.086680912
0.110541311
0.12795584
0.132905983
0.123219373
0.100178063
0.066096866
0.023290598
-0.026032764
-0.079950142
-0.136894587
-0.195797721
-0.255840456
-0.314387464
-0.362393162
-0.38707265
-0.37781339
-0.330235043
-0.247150997
-0.138710826
-0.024109687
0.072685185
0.132834758
0.152742165
0.147435897
0.141488604
0.156125356
0.195904558
0.247542735
0.289814815
0.304309117
0.282193732
0.225462963
0.144764957
0.055555556
-0.027279202
-0.094195157
-0.14212963
-0.171474359
-0.182229345
-0.174501425
-0.1497151
-0.112001425
-0.067913105
-0.024109687
0.014565527
0.045975783
0.069693732
0.08525641
0.092663818
0.094159544
0.094764957
0.100106838
0.114102564
0.13792735
0.170049858
0.206980057
0.242165242
0.266631054
0.272685185
0.257051282
0.221581197
0.171794872
0.114529915
0.056873219
0.007051282
-0.027350427
-0.042913105
-0.041346154
-0.028027066
-0.009650997
0.009116809
0.030021368
0.054095442
0.076424501
0.089102564
0.085505698
0.063141026
0.023824786
-0.027350427
-0.084081197
-0.140384615
-0.191132479
-0.230128205
-0.249394587
-0.242735043
-0.208760684
-0.151068376
-0.076958689
0.004131054
0.079451567
0.135790598
0.164316239
0.163390313
0.13792735
0.096972934
0.050035613
0.004522792
-0.035683761
-0.07008547
-0.098504274
-0.116524217
-0.116809117
-0.093554131
-0.046972934
0.016132479
0.085683761
0.151673789
0.20548433
0.240847578
0.255804843
0.252635328
0.236752137
0.214494302
0.191274929
0.170441595
0.153027066
0.138319088
0.124821937
0.112820513
0.106160969
0.109650997
0.125819088
0.153311966
0.188390313
0.228240741
0.271937322
0.315705128
0.351958689
0.372970085
0.374358974
0.356481481
0.323753561
0.283190883
0.242094017
0.205840456
0.176887464
0.154665242
0.136716524
0.119408832
0.099074074
0.073148148
0.040954416
0.003454416
-0.037250712
-0.078988604
-0.119836182
-0.158368946
-0.193696581
-0.225747863
-0.255128205
-0.28287037
-0.30997151
-0.336716524
-0.362250712
-0.38511396
-0.404131054
-0.418945869
-0.430163818
-0.438924501
-0.446759259
-0.456125356
-0.470299145
-0.492165242
-0.52289886
-0.561858974
-0.606873219
-0.653133903
-0.687001425
-0.688247863
-0.640135328
-0.539458689
-0.397934473
-0.235754986
-0.073931624
0.068304843
0.17542735
0.239850427
0.263924501
0.260363248
0.248219373
0.245726496
0.264387464
0.306160969
0.362143875
0.416666667
0.45462963
0.467200855
0.453810541
0.420441595
0.376566952
0.331730769
0.294551282
0.271545584
0.264992877
0.272507123
0.288461538
0.306232194
0.320405983
0.328098291
0.329095442
0.325498575
0.320192308
0.315847578
0.313995726
0.314351852
0.312962963
0.301745014
0.271403134
0.216488604
0.139814815
0.053988604
-0.02457265
-0.084081197
-0.121866097
-0.143091168
-0.153881766
-0.155733618
-0.147578348
-0.131944444
-0.116025641
-0.10787037
-0.113141026
-0.132905983
-0.161823362
-0.189779202
-0.206623932
-0.206018519
-0.187143875
-0.153917379
-0.114138177
-0.078988604
-0.059223647
-0.060933048
-0.08215812
-0.112001425
-0.137143875
-0.149537037
-0.148717949
-0.139672365
-0.12795584
-0.115527066
-0.101282051
-0.084437322
-0.065349003
-0.04537037
-0.025249288
-0.004344729
0.016488604
0.034081197
0.044907407
0.046688034
0.039423077
0.024928775
0.006695157
-0.009615385
-0.017628205
-0.01264245
0.006481481
0.037464387
0.073539886
0.104273504
0.120014245
0.11531339
0.09031339
0.049002849
-0.002279202
-0.055733618
-0.103525641
-0.139957265
-0.162820513
-0.173254986
-0.174608262
-0.170940171
-0.165740741
-0.161004274
-0.155128205
-0.143589744
-0.124821937
-0.101958689
-0.080662393
-0.066809117
-0.064245014
-0.073896011
-0.093910256
-0.120441595
-0.148717949
-0.173860399
-0.192628205
-0.204487179
-0.212713675
-0.222115385
-0.23539886
-0.252350427
-0.271652422
-0.290740741
-0.301246439
-0.291132479
-0.252777778
-0.188960114
-0.110683761
-0.031695157
0.036787749
0.088568376
0.123041311
0.143696581
0.154985755
0.159900285
0.159579772
0.154273504
0.144301994
0.130769231
0.114209402
0.090847578
0.054451567
0.006018519
-0.040598291
-0.065954416
-0.055626781
-0.010576923
0.051460114
0.105840456
0.132086895
0.120548433
0.073397436
0.002457265
-0.070192308
-0.117343305
-0.117485755
-0.062321937
0.039707977
0.160861823
0.263247863
0.315598291
0.306089744
0.244408832
0.153774929
0.061182336
-0.009437322
-0.043091168
-0.03735755
-0.000819088
0.051745014
0.103846154
0.14212963
0.159900285
0.158119658
0.143269231
0.123539886
0.104807692
0.089102564
0.075676638
0.063354701
0.051495726
0.039209402
0.024287749
0.004843305
-0.019230769
-0.046331909
-0.074893162
-0.106980057
-0.148326211
-0.201673789
-0.256944444
-0.294052707
-0.293696581
-0.245726496
-0.151958689
-0.024038462
0.118126781
0.248539886
0.343803419
0.391203704
0.391524217
0.356125356
0.301424501
0.242913105
0.191096866
0.150178063
0.118874644
0.093447293
0.069907407
0.045441595
0.018482906
-0.012749288
-0.049465812
-0.085470085
-0.104558405
-0.090705128
-0.041025641
0.032478632
0.110719373
0.177172365
0.223397436
0.24775641
0.251958689
0.239316239
0.214066952
0.179309117
0.133831909
0.074002849
-0.000178063
-0.083618234
-0.168696581
-0.248575499
-0.319586895
-0.381196581
-0.431908832
-0.467165242
-0.481837607
-0.472578348
-0.436823362
-0.374038462
-0.289458689
-0.193625356
-0.098005698
-0.012713675
0.052207977
0.088995726
0.095121083
0.073860399
0.032941595
-0.018482906
-0.072222222
-0.121296296
-0.156303419
-0.167343305
-0.150106838
-0.109223647
-0.054059829
0.004024217
0.05281339
0.082941595
0.090705128
0.078347578
0.053454416
0.027136752
0.01011396
0.008582621
0.02289886
0.048504274
0.079202279
0.11039886
0.140064103
0.168660969
0.197542735
0.225356125
0.245655271
0.250320513
0.234864672
0.201103989
0.155626781
0.106695157
0.061253561
0.023860399
-0.003383191
-0.020690883
-0.03019943
-0.035149573
-0.039779202
-0.049180912
-0.066524217
-0.087678063
-0.100035613
-0.089316239
-0.046474359
0.026068376
0.110933048
0.183725071
0.224002849
0.222685185
0.183333333
0.118304843
0.042877493
-0.029700855
-0.088995726
-0.126566952
-0.13764245
-0.122827635
-0.0872151
-0.038639601
0.013782051
0.058262108
0.083333333
0.081980057
0.053881766
0.004950142
-0.055733618
-0.119159544
-0.178490028
-0.226745014
-0.256196581
-0.261039886
-0.239992877
-0.196118234
-0.135185185
-0.066310541
-0.000356125
0.053596866
0.090598291
0.109472934
0.112250712
0.103062678
0.086467236
0.066310541
0.044123932
0.019123932
-0.007905983
-0.031588319
-0.044301994
-0.04017094
-0.017307692
0.021937322
0.071545584
0.121403134
0.15968661
0.177350427
0.171260684
0.144123932
0.102849003
0.055413105
0.010007123
-0.024252137
-0.039565527
-0.034722222
-0.017200855
0.000569801
0.007193732
-0.003810541
-0.032763533
-0.0752849
-0.123967236
-0.169266382
-0.201923077
-0.216274929
-0.211787749
-0.19227208
-0.165135328
-0.140135328
-0.126353276
-0.128952991
-0.148254986
-0.17991453
-0.214031339
-0.235754986
-0.231445869
-0.194408832
-0.12738604
-0.041132479
0.050605413
0.135612536
0.20281339
0.242877493
0.251388889
0.230448718
0.188212251
0.135861823
0.083547009
0.038034188
0.003205128
-0.01727208
-0.020299145
-0.00505698
0.026388889
0.069586895
0.116631054
0.156837607
0.180626781
0.183084046
0.164921652
0.131232194
0.089245014
0.045655271
0.005733618
-0.025356125
-0.043376068
-0.046509972
-0.035826211
-0.015064103
0.010683761
0.036965812
0.0622151
0.086217949
0.106623932
0.118411681
0.116880342
0.099786325
0.068376068
0.026851852
-0.019551282
-0.065918803
-0.108475783
-0.14465812
-0.173753561
-0.196118234
-0.210541311
-0.214031339
-0.203739316
-0.17767094
-0.133048433
-0.067022792
0.019586895
0.115883191
0.202279202
0.259935897
0.278240741
0.257834758
0.208262108
0.143411681
0.076282051
0.015705128
-0.03497151
-0.075498575
-0.103596866
-0.115349003
-0.111217949
-0.097578348
-0.083689459
-0.07738604
-0.081339031
-0.092378917
-0.104487179
-0.111680912
-0.110861823
-0.102564103
-0.08988604
-0.076709402
-0.066025641
-0.057799145
-0.049430199
-0.037286325
-0.018660969
0.00730057
0.039529915
0.074465812
0.105235043
0.124394587
0.126994302
0.112393162
0.083653846
0.046260684
0.006623932
-0.026353276
-0.042948718
-0.037143875
-0.010648148
0.028418803
0.06965812
0.104558405
0.128169516
0.138425926
0.135576923
0.122400285
0.103739316
0.084935897
0.070049858
0.060897436
0.05701567
0.055947293
0.053062678
0.045156695
0.033582621
0.022863248
0.01798433
0.021581197
0.031089744
0.039529915
0.039173789
0.024323362
-0.00730057
-0.054415954
-0.113105413
-0.17752849
-0.240349003
-0.293304843
-0.329095442
-0.344088319
-0.339173789
-0.317735043
-0.283582621
-0.24017094
-0.190669516
-0.138746439
-0.088247863
-0.042058405
-0.001780627
0.030876068
0.053418803
0.064066952
0.0627849
0.051424501
0.033155271
0.011396011
-0.011004274
-0.032193732
-0.050534188
-0.0627849
-0.065242165
-0.055626781
-0.034009972
-0.002706553
0.034722222
0.074608262
0.114138177
0.151851852
0.186645299
0.215420228
0.233831909
0.238497151
0.228774929
0.206766382
0.176531339
0.14255698
0.108511396
0.076602564
0.048611111
0.02795584
0.018482906
0.022542735
0.039957265
0.06798433
0.101495726
0.133155271
0.156018519
0.165954416
0.162678063
0.149180912
0.131481481
0.116666667
0.110541311
0.115598291
0.13048433
0.150249288
0.168518519
0.18005698
0.182336182
0.175498575
0.161502849
0.143696581
0.125605413
0.10982906
0.09747151
0.087998575
0.079736467
0.070584046
0.058155271
0.036894587
-0.000462963
-0.056552707
-0.125890313
-0.198183761
-0.26264245
-0.31011396
-0.334793447
-0.336574074
-0.320904558
-0.294622507
-0.260434473
-0.217913105
-0.168376068
-0.116061254
-0.066203704
-0.023183761
0.00954416
0.029594017
0.036502849
0.031801994
0.018732194
0.001282051
-0.016452991
-0.031339031
-0.041809117
-0.048076923
-0.052172365
-0.056837607
-0.062678063
-0.067450142
-0.067735043
-0.060754986
-0.045619658
-0.023753561
-0.000178063
0.017663818
0.024145299
0.017877493
0.001282051
-0.020833333
-0.04227208
-0.056267806
-0.058012821
-0.045868946
-0.021688034
0.009900285
0.041168091
0.063141026
0.069123932
0.056908832
0.029166667
-0.006908832
-0.039992877
-0.059116809
-0.057621083
-0.034900285
0.004451567
0.051388889
0.093518519
0.119551282
0.123326211
0.105804843
0.074074074
0.038176638
0.00730057
-0.013141026
-0.02204416
-0.02204416
-0.017521368
-0.012820513
-0.010933048
-0.013069801
-0.018981481
-0.027421652
-0.036930199
-0.046153846
-0.054451567
-0.061645299
-0.068091168
-0.074358974
-0.080911681
-0.087962963
-0.095655271
-0.103703704
-0.111965812
-0.120121083
-0.128133903
-0.136431624
-0.145762108
-0.155235043
-0.161716524
-0.161574074
-0.152314815
-0.133653846
-0.107407407
-0.076388889
-0.043340456
-0.010968661
0.016524217
0.034116809
0.038461538
0.029237892
0.011645299
-0.003810541
-0.006089744
0.012001425
0.051638177
0.106837607
0.165527066
0.214529915
0.244408832
0.251531339
0.236182336
0.201460114
0.152136752
0.093589744
0.030911681
-0.02962963
-0.078668091
-0.106730769
-0.108582621
-0.085968661
-0.04761396
-0.005519943
0.029950142
0.053383191
0.065811966
0.072970085
0.081730769
0.097364672
0.12008547
0.142948718
0.15548433
0.148860399
0.120512821
0.075747863
0.02514245
-0.020156695
-0.052421652
-0.069123932
-0.07289886
-0.06980057
-0.066595442
-0.068304843
-0.077172365
-0.09255698
-0.111431624
-0.127457265
-0.13244302
-0.120156695
-0.088532764
-0.040277778
0.016524217
0.070512821
0.111324786
0.133368946
0.136752137
0.126923077
0.111930199
0.099394587
0.094017094
0.095762108
0.100320513
0.101709402
0.094622507
0.075925926
0.045441595
0.005555556
-0.039814815
-0.08539886
-0.123896011
-0.148433048
-0.155128205
-0.144444444
-0.120263533
-0.088069801
-0.053205128
-0.01965812
0.01025641
0.035754986
0.057514245
0.076673789
0.092770655
0.102492877
0.101745014
0.087713675
0.060220798
0.021509972
-0.024608262
-0.074074074
-0.122970085
-0.16517094
-0.192485755
-0.198183761
-0.180163818
-0.141773504
-0.091524217
-0.03960114
0.005733618
0.040277778
0.064066952
0.080021368
0.091666667
0.101460114
0.110719373
0.11965812
0.127920228
0.13497151
0.140598291
0.145263533
0.1502849
0.156659544
0.163390313
0.168269231
0.169266382
0.165811966
0.158867521
0.15014245
0.140847578
0.13034188
0.117058405
0.099501425
0.07738604
0.051994302
0.025854701
0.003027066
-0.012321937
-0.017663818
-0.012856125
7.12251E-05
0.017877493
0.036467236
0.0502849
0.053418803
0.042022792
0.015099715
-0.025213675
-0.075106838
-0.12977208
-0.182941595
-0.228169516
-0.261146724
-0.280698006
-0.288390313
-0.287108262
-0.279665242
-0.267948718
-0.25281339
-0.234330484
-0.211716524
-0.183760684
-0.149323362
-0.10758547
-0.058938746
-0.006410256
0.044836182
0.089707977
0.125178063
0.150071225
0.164494302
0.169551282
0.167343305
0.16025641
0.150249288
0.13735755
0.120192308
0.096794872
0.065242165
0.025
-0.021972934
-0.071688034
-0.119907407
-0.162820513
-0.195619658
-0.213105413
-0.212250712
-0.193910256
-0.16235755
-0.123611111
-0.083333333
-0.045441595
-0.011396011
0.019978632
0.051210826
0.082122507
0.107692308
0.120904558
0.116737892
0.093981481
0.055626781
0.007051282
-0.045512821
-0.096723647
-0.143233618
-0.182549858
-0.211858974
-0.228703704
-0.231695157
-0.220833333
-0.197507123
-0.164280627
-0.124358974
-0.080733618
-0.035648148
0.009508547
0.054095442
0.09761396
0.139494302
0.179309117
0.216951567
0.252564103
0.28482906
0.309116809
0.319836182
0.313283476
0.288995726
0.248504274
0.194088319
0.129131054
0.058511396
-0.011538462
-0.075783476
-0.131303419
-0.176958689
-0.21025641
-0.227777778
-0.227279202
-0.210612536
-0.183725071
-0.154522792
-0.129700855
-0.112962963
-0.103846154
-0.09761396
-0.087713675
-0.068732194
-0.038746439
-0.001460114
0.034294872
0.058903134
0.066096866
0.054665242
0.027991453
-0.007799145
-0.046438746
-0.083012821
-0.114779202
-0.141168091
-0.163390313
-0.182514245
-0.197079772
-0.203418803
-0.198041311
-0.179736467
-0.15014245
-0.113212251
-0.073361823
-0.034366097
0.001282051
0.031980057
0.057193732
0.077421652
0.093981481
0.108475783
0.122364672
0.136538462
0.151246439
0.165242165
0.175569801
0.179059829
0.174109687
0.161146724
0.142236467
0.12022792
0.098148148
0.078881766
0.064351852
0.05519943
0.050641026
0.048860399
0.04747151
0.044266382
0.037962963
0.028383191
0.016346154
0.002991453
-0.010007123
-0.020263533
-0.025
-0.022400285
-0.012321937
0.003881766
0.023967236
0.045548433
0.066880342
0.086894587
0.104594017
0.118269231
0.126210826
0.127492877
0.122649573
0.113888889
0.105163818
0.100498575
0.102599715
0.112001425
0.127350427
0.146153846
0.165705128
0.183938746
0.199643875
0.211146724
0.216346154
0.213710826
0.20252849
0.180555556
0.144123932
0.092735043
0.031196581
-0.032763533
-0.091809117
-0.141524217
-0.180804843
-0.209650997
-0.227457265
-0.233618234
-0.228525641
-0.214066952
-0.193803419
-0.172507123
-0.154451567
-0.142165242
-0.136146724
-0.13497151
-0.136111111
-0.134294872
-0.122079772
-0.093839031
-0.049750712
0.00505698
0.063176638
0.116488604
0.156054131
0.174821937
0.170192308
0.14451567
0.103988604
0.056267806
0.008226496
-0.035576923
-0.073717949
-0.106980057
-0.135897436
-0.158653846
-0.172150997
-0.174180912
-0.164458689
-0.145121083
-0.119764957
-0.092307692
-0.065918803
-0.04241453
-0.023254986
-0.009793447
-0.00295584
-0.002492877
-0.007264957
-0.01545584
-0.0252849
-0.03525641
-0.044337607
-0.051103989
-0.054273504
-0.053240741
-0.048433048
-0.040883191
-0.031908832
-0.022649573
-0.013888889
-0.006160969
-0.000249288
0.003062678
0.003383191
0.001210826
-0.001495726
-0.002136752
0.001638177
0.011324786
0.027421652
0.049287749
0.075462963
0.104095442
0.133511396
0.162571225
0.19002849
0.210790598
0.215811966
0.198183761
0.158226496
0.10295584
0.042307692
-0.014814815
-0.062891738
-0.10042735
-0.129131054
-0.151709402
-0.168803419
-0.179166667
-0.181054131
-0.174145299
-0.160683761
-0.144408832
-0.129131054
-0.117485755
-0.110327635
-0.107086895
-0.106054131
-0.104700855
-0.100106838
-0.089672365
-0.071759259
-0.045904558
-0.013141026
0.024323362
0.062678063
0.096367521
0.120156695
0.131303419
0.130733618
0.121972934
0.109650997
0.097863248
0.088995726
0.084081197
0.083297721
0.086217949
0.09212963
0.100071225
0.109116809
0.118233618
0.125747863
0.129878917
0.129415954
0.123860399
0.1125
0.094586895
0.069871795
0.038995726
0.004024217
-0.030413105
-0.058155271
-0.07457265
-0.078561254
-0.072720798
-0.061680912
-0.050106838
-0.041346154
-0.036752137
-0.035933048
-0.03735755
-0.039138177
-0.039957265
-0.039066952
-0.036182336
-0.030448718
-0.020726496
-0.006267806
0.013069801
0.036538462
0.063176638
0.091595442
0.11980057
0.143732194
0.158725071
0.161467236
0.151460114
0.130840456
0.103418803
0.073219373
0.043518519
0.016096866
-0.008297721
-0.028810541
-0.044373219
-0.054487179
-0.059401709
-0.060149573
-0.057763533
-0.052136752
-0.042450142
-0.027742165
-0.007905983
0.016452991
0.043518519
0.068518519
0.083689459
0.081908832
0.060363248
0.021937322
-0.025462963
-0.069871795
-0.0997151
-0.107977208
-0.093945869
-0.062250712
-0.020512821
0.022720798
0.058226496
0.078454416
0.079950142
0.063924501
0.035363248
0.000712251
-0.034152422
-0.06545584
-0.092058405
-0.114814815
-0.135042735
-0.151103989
-0.158155271
-0.151103989
-0.127314815
-0.087713675
-0.036039886
0.02247151
0.081339031
0.131659544
0.16460114
0.174893162
0.162393162
0.131232194
0.087678063
0.038069801
-0.011467236
-0.053810541
-0.08201567
-0.091951567
-0.083618234
-0.060719373
-0.028846154
0.006695157
0.04241453
0.076780627
0.109900285
0.142770655
0.176388889
0.210933048
0.243340456
0.265883191
0.270049858
0.250462963
0.207229345
0.145156695
0.071688034
-0.005698006
-0.081374644
-0.15210114
-0.216488604
-0.274358974
-0.323611111
-0.357122507
-0.366132479
-0.345014245
-0.294159544
-0.219373219
-0.129522792
-0.033831909
0.060861823
0.150819088
0.235363248
0.31235755
0.373967236
0.410042735
0.413782051
0.38482906
0.329095442
0.256125356
0.175961538
0.096474359
0.022150997
-0.043874644
-0.096616809
-0.130911681
-0.144123932
-0.137393162
-0.115206553
-0.084401709
-0.054202279
-0.033653846
-0.028596866
-0.040277778
-0.065669516
-0.099501425
-0.135861823
-0.168839031
-0.19284188
-0.204558405
-0.204522792
-0.196937322
-0.187606838
-0.181552707
-0.181481481
-0.187464387
-0.196901709
-0.205733618
-0.21011396
-0.206196581
-0.190420228
-0.161004274
-0.118732194
-0.067628205
-0.013995726
0.035754986
0.076780627
0.106339031
0.124252137
0.132692308
0.135078348
0.135576923
0.138141026
0.145940171
0.161217949
0.184188034
0.2122151
0.240990028
0.266452991
0.286253561
0.300035613
0.308725071
0.311111111
0.303133903
0.280377493
0.240811966
0.185541311
0.118803419
0.04761396
-0.020690883
-0.080163818
-0.126032764
-0.154451567
-0.164066952
-0.156517094
-0.136075499
-0.108190883
-0.079487179
-0.058190883
-0.051638177
-0.063461538
-0.092770655
-0.134223647
-0.17710114
-0.208404558
-0.218269231
-0.203454416
-0.167592593
-0.119052707
-0.068019943
-0.024038462
0.006908832
0.023539886
0.029558405
0.032692308
0.040847578
0.058511396
0.085470085
0.117378917
0.148504274
0.174074074
0.192485755
0.206125356
0.219907407
0.236609687
0.251851852
0.256089744
0.24002849
0.199074074
0.134615385
0.053952991
-0.031837607
-0.111894587
-0.178952991
-0.229024217
-0.259472934
-0.269693732
-0.261680912
-0.239636752
-0.209615385
-0.179665242
-0.158012821
-0.150106838
-0.157229345
-0.176745014
-0.203632479
-0.23258547
-0.25954416
-0.282229345
-0.300035613
-0.313568376
-0.323967236
-0.331445869
-0.33525641
-0.334437322
-0.326923077
-0.30744302
-0.269301994
-0.208119658
-0.124074074
-0.021438746
0.09298433
0.211752137
0.324287749
0.413390313
0.461823362
0.459900285
0.409081197
0.320156695
0.208831909
0.090420228
-0.022542735
-0.121509972
-0.200249288
-0.252599715
-0.274074074
-0.26460114
-0.228739316
-0.174323362
-0.11011396
-0.043304843
0.021296296
0.079024217
0.12261396
0.144373219
0.140064103
0.110612536
0.061467236
7.12251E-05
-0.067770655
-0.139387464
-0.211752137
-0.279843305
-0.338390313
-0.382656695
-0.408938746
-0.415918803
-0.405306268
-0.381303419
-0.349145299
-0.313853276
-0.279095442
-0.247222222
-0.218981481
-0.192806268
-0.164209402
-0.12781339
-0.07977208
-0.019159544
0.051958689
0.129736467
0.210434473
0.290918803
0.366310541
0.428988604
0.471901709
0.491844729
0.490491453
0.472720798
0.443981481
0.408796296
0.370156695
0.32991453
0.289565527
0.251531339
0.218625356
0.192663818
0.173717949
0.159900285
0.147970085
0.134757835
0.118554131
0.0997151
0.080413105
0.063069801
0.049394587
0.039814815
0.033333333
0.02795584
0.021723647
0.013247863
0.002421652
-0.009152422
-0.018411681
-0.022435897
-0.01980057
-0.011075499
0.001246439
0.013675214
0.022792023
0.026388889
0.024109687
0.016737892
0.005270655
-0.00968661
-0.027492877
-0.04761396
-0.06951567
-0.092521368
-0.116025641
-0.139565527
-0.162678063
-0.184045584
-0.200854701
-0.210292023
-0.210292023
-0.200035613
-0.179950142
-0.151816239
-0.118269231
-0.082692308
-0.048896011
-0.020584046
0
0.012571225
0.018589744
0.020584046
0.021616809
0.024679487
0.031659544
0.042806268
0.05505698
0.062749288
0.060292023
0.045121083
0.018803419
-0.013960114
-0.047578348
-0.076816239
-0.097792023
-0.109116809
-0.111716524
-0.107478632
-0.097507123
-0.081980057
-0.061538462
-0.037749288
-0.012713675
0.011645299
0.033831909
0.051923077
0.063782051
0.068055556
0.06488604
0.055626781
0.042877493
0.030448718
0.022293447
0.020797721
0.025961538
0.035897436
0.047827635
0.059294872
0.068803419
0.075712251
0.079736467
0.080306268
0.077172365
0.070477208
0.061075499
0.051282051
0.044408832
0.043269231
0.049180912
0.061467236
0.077457265
0.093874644
0.10787037
0.118518519
0.126958689
0.134650997
0.141310541
0.14508547
0.143839031
0.136289174
0.121759259
0.100712251
0.075
0.047435897
0.020762108
-0.002065527
-0.017592593
-0.023183761
-0.018767806
-0.007086895
0.007905983
0.022293447
0.033582621
0.041061254
0.04537037
0.048219373
0.051816239
0.058297721
0.068732194
0.083155271
0.100605413
0.119337607
0.136716524
0.149465812
0.155306268
0.153454416
0.14494302
0.131588319
0.115562678
0.098717949
0.082086895
0.065420228
0.047435897
0.026460114
0.001638177
-0.026923077
-0.057407407
-0.08707265
-0.113283476
-0.133689459
-0.146331909
-0.15042735
-0.146047009
-0.133511396
-0.113639601
-0.087820513
-0.058547009
-0.028952991
-0.001745014
0.021509972
0.040669516
0.055947293
0.066666667
0.071367521
0.069159544
0.060149573
0.045975783
0.028846154
0.011075499
-0.005733618
-0.020940171
-0.035042735
-0.048931624
-0.063603989
-0.07962963
-0.096688034
-0.113675214
-0.128668091
-0.138746439
-0.140883191
-0.133368946
-0.116274929
-0.091061254
-0.060220798
-0.026424501
0.008119658
0.041239316
0.069230769
0.0875
0.092948718
0.085078348
0.066025641
0.039672365
0.010078348
-0.019444444
-0.047008547
-0.07204416
-0.093269231
-0.108119658
-0.113888889
-0.109650997
-0.09704416
-0.079487179
-0.060719373
-0.043767806
-0.030092593
-0.020156695
-0.013603989
-0.009615385
-0.00715812
-0.005377493
-0.003632479
-0.001566952
0.001210826
0.00519943
0.010861823
0.018411681
0.027350427
0.035897436
0.041488604
0.041880342
0.036182336
0.025
0.010648148
-0.002492877
-0.009793447
-0.008084046
0.003276353
0.022578348
0.046794872
0.072685185
0.09704416
0.116025641
0.126032764
0.1252849
0.114245014
0.09522792
0.071474359
0.045584046
0.019159544
-0.007371795
-0.034116809
-0.061182336
-0.08792735
-0.113141026
-0.135042735
-0.151638177
-0.161538462
-0.164707977
-0.162108262
-0.154736467
-0.143091168
-0.127492877
-0.108903134
-0.089173789
-0.070548433
-0.054558405
-0.041666667
-0.031196581
-0.021830484
-0.012250712
-0.001638177
0.01011396
0.022008547
0.032229345
0.039173789
0.042058405
0.041132479
0.037428775
0.032336182
0.02724359
0.023860399
0.023753561
0.027920228
0.036324786
0.048148148
0.062001425
0.076566952
0.090918803
0.104166667
0.114921652
0.121474359
0.122649573
0.118233618
0.108262108
0.092058405
0.068910256
0.04002849
0.008547009
-0.021759259
-0.048041311
-0.068981481
-0.084116809
-0.093055556
-0.095833333
-0.093091168
-0.086039886
-0.076175214
-0.06531339
-0.055876068
-0.050106838
-0.049465812
-0.054095442
-0.06292735
-0.073753561
-0.083084046
-0.087108262
-0.083368946
-0.071509972
-0.052920228
-0.03019943
-0.006517094
0.014209402
0.028276353
0.033475783
0.029807692
0.019123932
0.004344729
-0.011752137
-0.026460114
-0.037321937
-0.042485755
-0.041417379
-0.03497151
-0.024821937
-0.012856125
-0.000712251
0.010541311
0.020263533
0.027884615
0.033262108
0.036574074
0.038354701
0.039280627
0.040135328
0.041809117
0.045049858
0.050035613
0.056267806
0.061752137
0.063603989
0.059366097
0.048326211
0.031837607
0.012535613
-0.006837607
-0.024216524
-0.038746439
-0.050712251
-0.06039886
-0.067628205
-0.071901709
-0.072863248
-0.070655271
-0.065883191
-0.059401709
-0.05224359
-0.045797721
-0.041417379
-0.039992877
-0.041666667
-0.045405983
-0.04957265
-0.052350427
-0.052599715
-0.05014245
-0.045441595
-0.039494302
-0.03287037
-0.025462963
-0.016737892
-0.006837607
0.003525641
0.013425926
0.02218661
0.030021368
0.038461538
0.049608262
0.064850427
0.08454416
0.107549858
0.131873219
0.15519943
0.174750712
0.1875
0.191310541
0.185968661
0.173005698
0.154451567
0.13201567
0.106837607
0.079522792
0.050819088
0.022115385
-0.004522792
-0.026851852
-0.043304843
-0.053561254
-0.058511396
-0.05997151
-0.060042735
-0.060933048
-0.064494302
-0.071652422
-0.082229345
-0.094907407
-0.106873219
-0.114779202
-0.116096866
-0.110007123
-0.09718661
-0.079131054
-0.057763533
-0.034722222
-0.011182336
0.012286325
0.034579772
0.05462963
0.071545584
0.08525641
0.096225071
0.104807692
0.110576923
0.112713675
0.110754986
0.104878917
0.095797721
0.08468661
0.073005698
0.0625
0.054665242
0.050320513
0.049323362
0.050213675
0.050854701
0.049109687
0.043839031
0.034900285
0.023219373
0.01025641
-0.001851852
-0.011217949
-0.016631054
-0.018055556
-0.016346154
-0.012998575
-0.009935897
-0.009223647
-0.012179487
-0.019123932
-0.029415954
-0.041773504
-0.05491453
-0.067770655
-0.079736467
-0.090135328
-0.09775641
-0.101424501
-0.100641026
-0.095726496
-0.087749288
-0.077991453
-0.06784188
-0.058867521
-0.052920228
-0.051246439
-0.054166667
-0.061075499
-0.070584046
-0.081196581
-0.090776353
-0.096474359
-0.095975783
-0.088176638
-0.073539886
-0.053383191
-0.029665242
-0.004202279
0.021616809
0.04704416
0.071794872
0.09537037
0.115349003
0.128347578
0.131766382
0.125071225
0.109650997
0.088390313
0.064387464
0.040811966
0.021047009
0.008297721
0.004166667
0.008511396
0.019230769
0.033119658
0.046688034
0.057336182
0.063888889
0.066381766
0.065562678
0.062464387
0.058119658
0.053347578
0.048433048
0.043126781
0.03707265
0.029878917
0.021403134
0.011894587
0.001673789
-0.009009972
-0.020121083
-0.031908832
-0.04451567
-0.058084046
-0.072400285
-0.086680912
-0.099323362
-0.108760684
-0.113746439
-0.113141026
-0.105947293
-0.092165242
-0.07261396
-0.049430199
-0.025819088
-0.005163818
0.01025641
0.019871795
0.024608262
0.026424501
0.027599715
0.030021368
0.034757835
0.041880342
0.050534188
0.058903134
0.064458689
0.065277778
0.060648148
0.051210826
0.038746439
0.025890313
0.015277778
0.008475783
0.005840456
0.006410256
0.008368946
0.00968661
0.008903134
0.005413105
-0.000356125
-0.00730057
-0.014031339
-0.01951567
-0.023290598
-0.025641026
-0.02738604
-0.029344729
-0.03215812
-0.036039886
-0.040883191
-0.046296296
-0.051887464
-0.05772792
-0.064173789
-0.071794872
-0.080698006
-0.089957265
-0.097507123
-0.101246439
-0.099643875
-0.091880342
-0.07795584
-0.058725071
-0.036431624
-0.014423077
0.003988604
0.016737892
0.023504274
0.025534188
0.025106838
0.024537037
0.025534188
0.028205128
0.031303419
0.032905983
0.031481481
0.026460114
0.018198006
0.007692308
-0.003881766
-0.015598291
-0.026851852
-0.0375
-0.047293447
-0.055163818
-0.059259259
-0.058226496
-0.051566952
-0.040242165
-0.026210826
-0.011823362
0.001103989
0.011574074
0.019693732
0.026103989
0.031517094
0.035933048
0.038853276
0.039672365
0.038141026
0.034508547
0.029380342
0.023682336
0.018340456
0.013853276
0.010505698
0.008262108
0.00701567
0.006552707
0.006730769
0.007336182
0.008155271
0.009045584
0.009722222
0.010007123
0.009757835
0.009009972
0.00787037
0.006481481
0.004807692
0.00252849
-0.000747863
-0.005235043
-0.010968661
-0.017663818
-0.025
-0.032514245
-0.039636752
-0.045441595
-0.048896011
-0.049465812
-0.047008547
-0.041880342
-0.03468661
-0.026175214
-0.017058405
-0.00787037
0.001103989
0.009864672
0.018482906
0.026745014
0.033725071
0.03792735
0.038319088
0.034508547
0.027172365
0.017485755
0.007264957
-0.001958689
-0.009188034
-0.014173789
-0.017236467
-0.018839031
-0.019301994
-0.018910256
-0.01784188
-0.016061254
-0.013568376
-0.010363248
-0.006588319
-0.002350427
0.002136752
0.006445869
0.010007123
0.012250712
0.012820513
0.011787749
0.009508547
0.006659544
0.003988604
0.00224359
0.001780627
0.002599715
0.004380342
0.006695157
0.009116809
0.011217949
0.012678063
0.01292735
0.011716524
0.008938746
0.004878917
0
-0.005306268
-0.010612536
-0.015598291
-0.019907407
-0.023112536
-0.02485755
-0.025035613
-0.023326211
-0.019622507
-0.013782051
-0.006160969
0.00267094
0.011680912
0.019444444
0.0247151
0.026994302
0.026638177
0.02514245
0.024501425
0.026353276
0.031517094
0.039672365
0.048967236
0.056659544
0.060078348
0.057977208
0.050462963
0.039245014
0.026851852
0.015705128
0.007478632
0.002564103
0.000356125
-0.000356125
-0.000747863
-0.001816239
-0.004344729
-0.008760684
-0.014992877
-0.022720798
-0.030947293
-0.037962963
-0.041987179
-0.041915954
-0.037713675
-0.030163818
-0.020690883
-0.010933048
-0.002421652
0.003774929
0.007371795
0.008831909
0.008903134
0.008582621
0.008440171
0.009009972
0.010648148
0.013853276
0.018910256
0.025320513
0.031873219
0.037037037
0.039779202
0.039850427
0.037606838
0.033938746
0.02977208
0.025854701
0.02289886
0.021545584
0.02232906
0.025320513
0.03019943
0.036324786
0.042806268
0.048361823
0.051816239
0.052599715
0.050712251
0.046794872
0.041951567
0.0372151
0.033440171
0.031018519
0.029807692
0.029380342
0.029273504
0.028810541
0.027172365
0.023468661
0.017236467
0.008511396
-0.002172365
-0.013995726
-0.025890313
-0.037108262
-0.047150997
-0.055982906
-0.063782051
-0.070156695
-0.074358974
-0.075641026
-0.073717949
-0.068945869
-0.062108262
-0.054166667
-0.045975783
-0.037998575
-0.030092593
-0.021688034
-0.012286325
-0.001673789
0.00954416
0.020156695
0.028952991
0.03539886
0.039423077
0.041702279
0.043411681
0.045904558
0.0502849
0.056944444
0.065669516
0.075534188
0.084615385
0.090633903
0.091915954
0.088069801
0.079843305
0.068767806
0.056481481
0.044337607
0.033048433
0.022685185
0.013034188
0.003525641
-0.006160969
-0.016061254
-0.025925926
-0.035505698
-0.044586895
-0.053062678
-0.061039886
-0.068660969
-0.076175214
-0.083689459
-0.091025641
-0.097400285
-0.10210114
-0.104415954
-0.103846154
-0.10014245
-0.093625356
-0.084935897
-0.074928775
-0.064387464
-0.053490028
-0.041844729
-0.028774929
-0.013782051
0.003169516
0.021331909
0.039245014
0.055377493
0.068660969
0.078311966
0.084009972
0.086146724
0.085541311
0.083226496
0.080021368
0.076175214
0.071545584
0.065918803
0.059152422
0.051246439
0.042378917
0.03258547
0.021972934
0.010719373
-0.000854701
-0.012250712
-0.022970085
-0.03230057
-0.039494302
-0.044195157
-0.046509972
-0.046937322
-0.046225071
-0.045156695
-0.044444444
-0.044764957
-0.046581197
-0.049608262
-0.052742165
-0.054807692
-0.054878917
-0.052635328
-0.048254986
-0.042022792
-0.034437322
-0.025925926
-0.016880342
-0.007621083
0.001709402
0.011039886
0.02037037
0.029736467
0.039209402
0.048468661
0.056410256
0.061467236
0.06235755
0.058725071
0.051103989
0.040811966
0.029415954
0.018732194
0.01039886
0.005270655
0.003418803
0.004059829
0.006089744
0.008440171
0.010363248
0.011396011
0.011253561
0.009900285
0.007621083
0.00491453
0.00238604
0.00042735
-0.000747863
-0.001210826
-0.001175214
-0.000997151
-0.000890313
-0.000997151
-0.001353276
-0.002350427
-0.004487179
-0.008262108
-0.013817664
-0.021011396
-0.029309117
-0.037464387
-0.043732194
-0.046545584
-0.045156695
-0.039814815
-0.031552707
-0.021723647
-0.011609687
-0.002029915
0.006659544
0.014280627
0.020548433
0.025249288
0.028205128
0.029665242
0.029950142
0.029522792
0.028881766
0.028240741
0.02767094
0.026709402
0.024821937
0.021616809
0.016987179
0.011182336
0.004594017
-0.002279202
-0.008796296
-0.014173789
-0.017806268
-0.019551282
-0.019586895
-0.018482906
-0.016844729
-0.015420228
-0.01474359
-0.015242165
-0.016915954
-0.019480057
-0.02261396
-0.025854701
-0.028988604
-0.031766382
-0.033903134
-0.03511396
-0.035327635
-0.034508547
-0.032977208
-0.030982906
-0.028881766
-0.027207977
-0.026424501
-0.026780627
-0.028276353
-0.030733618
-0.033689459
-0.036858974
-0.039707977
-0.041666667
-0.042200855
-0.041061254
-0.038425926
-0.03468661
-0.03034188
-0.026210826
-0.023148148
-0.021830484
-0.022507123
-0.025
-0.028739316
-0.033084046
-0.037428775
-0.041488604
-0.044978632
-0.047364672
-0.048076923
-0.046652422
-0.043126781
-0.037856125
-0.031445869
-0.02457265
-0.017735043
-0.011289174
-0.005270655
0.000320513
0.005413105
0.010149573
0.014565527
0.018767806
0.02289886
0.027029915
0.031481481
0.036467236
0.042236467
0.048753561
0.055876068
0.063390313
0.070868946
0.077920228
0.084259259
0.08960114
0.093803419
0.096866097
0.099038462
0.100534188
0.101709402
0.10267094
0.103240741
0.103311966
0.102742165
0.101531339
0.099786325
0.097720798
0.095512821
0.093198006
0.09045584
0.086716524
0.081623932
0.075035613
0.067200855
0.058796296
0.050854701
0.044408832
0.039992877
0.03764245
0.036858974
0.036930199
0.037108262
0.036716524
0.035363248
0.033048433
0.029985755
0.026495726
0.022934473
0.019551282
0.016381766
0.013069801
0.009188034
0.004487179
-0.000676638
-0.005769231
-0.010078348
-0.013247863
-0.015099715
-0.015740741
-0.015527066
-0.014779202
-0.013888889
-0.013069801
-0.012428775
-0.011965812
-0.011574074
-0.011182336
-0.010719373
-0.01039886
-0.010505698
-0.011396011
-0.013247863
-0.015990028
-0.019480057
-0.023539886
-0.027884615
-0.032371795
-0.036894587
-0.041310541
-0.045690883
-0.050071225
-0.054273504
-0.058012821
-0.060719373
-0.062108262
-0.06207265
-0.060826211
-0.058831909
-0.056481481
-0.054095442
-0.051495726
-0.048290598
-0.043945869
-0.038283476
-0.031445869
-0.023860399
-0.016239316
-0.009223647
-0.003774929
-0.00042735
0.000605413
-0.000391738
-0.00281339
-0.005876068
-0.009045584
-0.011858974
-0.014316239
-0.016488604
-0.018767806
-0.021474359
-0.024821937
-0.028846154
-0.033404558
-0.038212251
-0.04284188
-0.046616809
-0.048824786
-0.049145299
-0.047720798
-0.045156695
-0.042343305
-0.040135328
-0.039031339
-0.039102564
-0.040064103
-0.041524217
-0.043019943
-0.044195157
-0.044551282
-0.043625356
-0.041096866
-0.03707265
-0.031801994
-0.025783476
-0.01951567
-0.013461538
-0.008048433
-0.003525641
3.56125E-05
0.002884615
0.005270655
0.007478632
0.009472934
0.010754986
0.010719373
0.008974359
0.005448718
0.000534188
-0.005270655
-0.011396011
-0.017450142
-0.023183761
-0.028561254
-0.033582621
-0.037749288
-0.04017094
-0.03988604
-0.036502849
-0.03034188
-0.022079772
-0.012713675
-0.003098291
0.006160969
0.01488604
0.022934473
0.02962963
0.034116809
0.035541311
0.033796296
0.029273504
0.022792023
0.015491453
0.008511396
0.00281339
-0.001068376
-0.003205128
-0.004059829
-0.004237892
-0.004309117
-0.004700855
-0.005662393
-0.007371795
-0.009864672
-0.013034188
-0.016737892
-0.020690883
-0.024750712
-0.028774929
-0.03272792
-0.036609687
-0.040277778
-0.043518519
-0.045975783
-0.047542735
-0.048183761
-0.048112536
-0.047578348
-0.046937322
-0.046331909
-0.045868946
-0.045405983
-0.044123932
-0.040883191
-0.03482906
-0.025676638
-0.013924501
-0.000997151
0.011396011
0.021688034
0.029166667
0.034009972
0.037108262
0.039779202
0.043376068
0.048717949
0.055733618
0.063461538
0.07022792
0.074750712
0.076353276
0.075213675
0.072150997
0.068162393
0.064209402
0.060790598
0.058119658
0.056018519
0.054237892
0.052564103
0.050925926
0.049358974
0.047970085
0.046866097
0.045975783
0.045334758
0.044836182
0.044408832
0.043767806
0.04241453
0.039707977
0.035220798
0.028917379
0.021225071
0.013247863
0.006267806
0.001460114
-0.000819088
-0.000712251
0.000997151
0.003454416
0.005911681
0.00787037
0.009009972
0.009009972
0.00787037
0.005626781
0.002564103
-0.001032764
-0.004807692
-0.008582621
-0.012108262
-0.015099715
-0.01712963
-0.017877493
-0.017307692
-0.015598291
-0.012962963
-0.009793447
-0.006445869
-0.003133903
7.12251E-05
0.003133903
0.005911681
0.008048433
0.009152422
0.009045584
0.007692308
0.005448718
0.002599715
-0.000462963
-0.003418803
-0.006196581
-0.008760684
-0.011146724
-0.013461538
-0.015633903
-0.01769943
-0.019622507
-0.021367521
-0.022970085
-0.024501425
-0.025961538
-0.027421652
-0.028952991
-0.030876068
-0.033725071
-0.037998575
-0.043696581
-0.050035613
-0.055270655
-0.057763533
-0.056517094
-0.051531339
-0.043767806
-0.034615385
-0.025534188
-0.017450142
-0.010683761
-0.005092593
-0.000178063
0.004665242
0.009793447
0.01545584
0.021474359
0.027279202
0.031980057
0.034864672
0.035683761
0.034650997
0.032264957
0.029095442
0.025605413
0.022008547
0.018447293
0.014779202
0.010933048
0.006588319
0.001602564
-0.003988604
-0.009757835
-0.014814815
-0.018411681
-0.020049858
-0.019871795
-0.018233618
-0.015811966
-0.013212251
-0.010897436
-0.008938746
-0.007407407
-0.006054131
-0.004700855
-0.003240741
-0.001531339
0.000320513
0.00210114
0.003347578
0.003632479
0.002742165
0.000641026
-0.002314815
-0.005698006
-0.008760684
-0.010933048
-0.011823362
-0.011360399
-0.00997151
-0.008226496
-0.006873219
-0.006410256
-0.007051282
-0.008618234
-0.010754986
-0.013141026
-0.015384615
-0.01712963
-0.017913105
-0.01727208
-0.014992877
-0.011253561
-0.006445869
-0.000997151
0.004594017
0.010078348
0.015277778
0.020299145
0.025178063
0.030021368
0.034508547
0.037998575
0.03988604
0.03988604
0.038105413
0.035007123
0.031267806
0.02767094
0.0247151
0.022685185
0.021545584
0.020975783
0.020619658
0.020156695
0.019301994
0.01798433
0.016274929
0.014387464
0.012428775
0.010576923
0.008831909
0.007229345
0.005698006
0.004166667
0.002635328
0.000997151
-0.000676638
-0.002421652
-0.004131054
-0.005769231
-0.006980057
-0.007229345
-0.006267806
-0.003881766
-0.000356125
0.003952991
0.008653846
0.013354701
0.01784188
0.022079772
0.026103989
0.03005698
0.033974359
0.037891738
0.041809117
0.045690883
0.049465812
0.052991453
0.056160969
0.058831909
0.061039886
0.062820513
0.064387464
0.065883191
0.067378917
0.068945869
0.070584046
0.072293447
0.073789174
0.074608262
0.074180912
0.072222222
0.068696581
0.063532764
0.056730769
0.048183761
0.038105413
0.027065527
0.015990028
0.005804843
-0.002920228
-0.010078348
-0.015954416
-0.020904558
-0.02514245
-0.028774929
-0.031801994
-0.034188034
-0.035897436
-0.036823362
-0.036752137
-0.035683761
-0.033689459
-0.030911681
-0.027421652
-0.023326211
-0.018696581
-0.013675214
-0.008404558
-0.002991453
0.002457265
0.00787037
0.012891738
0.016702279
0.018376068
0.017450142
0.013888889
0.008368946
0.001851852
-0.004522792
-0.00997151
-0.014066952
-0.016809117
-0.018447293
-0.019373219
-0.01994302
-0.020441595
-0.021082621
-0.021866097
-0.022720798
-0.023539886
-0.024323362
-0.024964387
-0.025498575
-0.025997151
-0.026460114
-0.026923077
-0.027421652
-0.02781339
-0.027991453
-0.02781339
-0.027314815
-0.026531339
-0.025498575
-0.024430199
-0.023361823
-0.022364672
-0.021438746
-0.020548433
-0.019693732
-0.019017094
-0.018839031
-0.01951567
-0.021153846
-0.023789174
-0.027136752
-0.030911681
-0.034722222
-0.038212251
-0.041274929
-0.043839031
-0.045975783
-0.047685185
-0.048753561
-0.049074074
-0.048539886
-0.047257835
-0.045441595
-0.043340456
-0.041132479
-0.038924501
-0.036680912
-0.034366097
-0.031873219
-0.029202279
-0.026353276
-0.023361823
-0.020299145
-0.01727208
-0.014280627
-0.011324786
-0.008404558
-0.005662393
-0.003240741
-0.001495726
-0.000569801
-0.000462963
-0.000997151
-0.001994302
-0.003347578
-0.005163818
-0.00744302
-0.01011396
-0.012998575
-0.015811966
-0.018340456
-0.020441595
-0.022150997
-0.023611111
-0.024964387
-0.026282051
-0.027706553
-0.029237892
-0.030840456
-0.03230057
-0.033404558
-0.034081197
-0.034188034
-0.033903134
-0.033119658
-0.031339031
-0.02781339
-0.022150997
-0.014921652
-0.007336182
-0.000641026
0.004237892
0.00715812
0.008440171
0.008689459
0.008725071
0.009081197
0.01011396
0.012001425
0.014672365
0.017806268
0.021189459
0.024537037
0.027706553
0.030733618
0.033618234
0.036467236
0.039351852
0.042200855
0.04451567
0.045690883
0.045263533
0.043198006
0.039707977
0.03525641
0.030448718
0.025676638
0.021153846
0.016987179
0.013212251
0.009935897
0.007336182
0.005519943
0.004415954
0.003881766
0.003668091
0.003596866
0.003418803
0.002884615
0.001923077
0.000534188
-0.001246439
-0.003205128
-0.005235043
-0.007229345
-0.009116809
-0.010861823
-0.012393162
-0.013568376
-0.014351852
-0.014529915
-0.013888889
-0.012179487
-0.009294872
-0.005413105
-0.000819088
0.004131054
0.009045584
0.013425926
0.016951567
0.01951567
0.021189459
0.022222222
0.023005698
0.023753561
0.024679487
0.025747863
0.026994302
0.028276353
0.029451567
0.030235043
0.030413105
0.029736467
0.027991453
0.024928775
0.020441595
0.014707977
0.008048433
0.000819088
-0.006445869
-0.013105413
-0.018340456
-0.021688034
-0.023041311
-0.022792023
-0.021509972
-0.019836182
-0.018233618
-0.016951567
-0.016096866
-0.015491453
-0.014992877
-0.014387464
-0.013639601
-0.0125
-0.010790598
-0.008226496
-0.004665242
-0.000213675
0.00491453
0.01025641
0.015064103
0.018589744
0.020334758
0.02022792
0.018660969
0.016203704
0.013461538
0.010826211
0.008547009
0.006623932
0.004950142
0.003525641
0.00238604
0.001566952
0.001210826
0.001246439
0.001566952
0.002136752
0.002742165
0.003383191
0.003917379
0.004237892
0.004273504
0.003988604
0.003383191
0.00252849
0.001566952
0.000605413
-7.12251E-05
-0.000320513
7.12251E-05
0.000997151
0.002350427
0.003988604
0.005698006
0.007371795
0.008903134
0.01025641
0.011324786
0.01207265
0.012393162
0.012393162
0.012143875
0.011752137
0.011324786
0.010933048
0.010576923
0.01025641
0.010042735
0.010007123
0.010434473
0.011538462
0.013390313
0.015954416
0.018981481
0.022293447
0.025534188
0.028490028
0.030769231
0.032193732
0.032763533
0.032656695
0.032122507
0.031267806
0.029950142
0.02795584
0.025178063
0.021581197
0.01727208
0.012535613
0.007656695
0.002920228
-0.001210826
-0.004309117
-0.006232194
-0.007086895
-0.007086895
-0.006659544
-0.006125356
-0.005733618
-0.005733618
-0.006267806
-0.007407407
-0.009152422
-0.011253561
-0.013497151
-0.015420228
-0.016773504
-0.017485755
-0.017592593
-0.01727208
-0.016773504
-0.016310541
-0.015990028
-0.015811966
-0.015990028
-0.016595442
-0.017770655
-0.019586895
-0.021901709
-0.024608262
-0.027457265
-0.030235043
-0.032549858
-0.034188034
-0.035042735
-0.035149573
-0.034793447
-0.034188034
-0.033547009
-0.033012821
-0.032621083
-0.032336182
-0.032122507
-0.031908832
-0.031588319
-0.031232194
-0.030804843
-0.03034188
-0.029878917
-0.029451567
-0.029024217
-0.028668091
-0.028276353
-0.02767094
-0.026673789
-0.025106838
-0.022934473
-0.020299145
-0.01741453
-0.01474359
-0.012678063
-0.011431624
-0.010968661
-0.011111111
-0.011574074
-0.012143875
-0.012571225
-0.012820513
-0.012678063
-0.012108262
-0.011039886
-0.009508547
-0.007763533
-0.006125356
-0.004878917
-0.004131054
-0.003881766
-0.003917379
-0.004166667
-0.004344729
-0.004415954
-0.004131054
-0.003418803
-0.002207977
-0.000534188
0.001424501
0.003561254
0.005591168
0.007371795
0.008760684
0.009757835
0.010434473
0.010933048
0.011396011
0.011930199
0.012606838
0.013639601
0.015099715
0.017058405
0.019444444
0.022150997
0.025
0.027884615
0.030733618
0.033475783
0.036146724
0.038817664
0.041488604
0.044195157
0.046901709
0.049358974
0.050997151
0.051282051
0.049928775
0.047008547
0.042948718
0.038212251
0.033440171
0.029166667
0.025854701
0.023646724
0.02247151
0.022008547
0.021866097
0.021723647
0.021403134
0.020833333
0.020121083
0.019337607
0.018589744
0.017948718
0.01741453
0.016987179
0.016595442
0.016203704
0.015740741
0.015206553
0.014529915
0.013639601
0.012606838
0.011396011
0.010042735
0.008404558
0.006339031
0.003668091
0.000462963
-0.003240741
-0.007229345
-0.011146724
-0.014529915
-0.01712963
-0.018767806
-0.019622507
-0.01994302
-0.020049858
-0.020192308
-0.020619658
-0.021652422
-0.023504274
-0.026246439
-0.029594017
-0.03287037
-0.035149573
-0.035826211
-0.034650997
-0.031908832
-0.028133903
-0.023931624
-0.019836182
-0.016203704
-0.013390313
-0.011574074
-0.010683761
-0.010541311
-0.010897436
-0.011360399
-0.011716524
-0.011574074
-0.010754986
-0.009152422
-0.006908832
-0.004273504
-0.001638177
0.000641026
0.002314815
0.003347578
0.003846154
0.004024217
0.004095442
0.004309117
0.005021368
0.006730769
0.009900285
0.014565527
0.020405983
0.026602564
0.032122507
0.036182336
0.038390313
0.038960114
0.038425926
0.037393162
0.036182336
0.035042735
0.033974359
0.032799145
0.031445869
0.029878917
0.028240741
0.026638177
0.025356125
0.024394587
0.023789174
0.023468661
0.023254986
0.023112536
0.022792023
0.022115385
0.020655271
0.018162393
0.014494302
0.009900285
0.00462963
-0.000961538
-0.006552707
-0.012001425
-0.017236467
-0.02232906
-0.027279202
-0.031766382
-0.03511396
-0.036538462
-0.035719373
-0.032763533
-0.028205128
-0.022792023
-0.017094017
-0.011645299
-0.006623932
-0.001994302
0.002207977
0.005911681
0.008903134
0.011111111
0.012535613
0.013354701
0.013746439
0.013995726
0.014280627
0.014636752
0.015135328
0.015669516
0.016274929
0.016844729
0.017343305
0.017770655
0.018162393
0.018376068
0.018162393
0.017200855
0.015420228
0.012856125
0.009615385
0.006089744
0.002421652
-0.001103989
-0.004237892
-0.006766382
-0.008547009
-0.00968661
-0.010363248
-0.010719373
-0.011039886
-0.011467236
-0.0122151
-0.013425926
-0.01517094
-0.017450142
-0.020121083
-0.023005698
-0.025925926
-0.028810541
-0.031588319
-0.034045584
-0.036111111
-0.037678063
-0.038782051
-0.039494302
-0.039957265
-0.04031339
-0.040705128
-0.041168091
-0.041702279
-0.04212963
-0.042307692
-0.042094017
-0.041452991
-0.040491453
-0.039245014
-0.03792735
-0.036609687
-0.035363248
-0.034223647
-0.033119658
-0.03201567
-0.030840456
-0.029558405
-0.028098291
-0.026566952
-0.024928775
-0.023326211
-0.021688034
-0.020121083
-0.018589744
-0.017165242
-0.015811966
-0.014672365
-0.013639601
-0.012713675
-0.011858974
-0.011039886
-0.010220798
-0.009401709
-0.008547009
-0.007656695
-0.006766382
-0.005911681
-0.005235043
-0.004843305
-0.00491453
-0.005448718
-0.006374644
-0.00758547
-0.008903134
-0.010078348
-0.010826211
-0.010826211
-0.009864672
-0.008048433
-0.005555556
-0.002706553
0.000249288
0.003133903
0.005804843
0.008368946
0.010790598
0.012998575
0.01474359
0.015811966
0.016025641
0.015491453
0.014351852
0.01292735
0.011360399
0.009722222
0.007977208
0.005947293
0.003596866
0.000890313
-0.002029915
-0.004878917
-0.00744302
-0.009472934
-0.011075499
-0.012393162
-0.013924501
-0.016132479
-0.019230769
-0.023254986
-0.02795584
-0.033012821
-0.037891738
-0.041773504
-0.043874644
-0.043839031
-0.041702279
-0.038034188
-0.033547009
-0.028810541
-0.024287749
-0.020192308
-0.016452991
-0.01292735
-0.009401709
-0.005769231
-0.002207977
0.001103989
0.003952991
0.006196581
0.007905983
0.009401709
0.011039886
0.013247863
0.016168091
0.019729345
0.023361823
0.026566952
0.028952991
0.03034188
0.030947293
0.031018519
0.030876068
0.030876068
0.031054131
0.031517094
0.032122507
0.032763533
0.033368946
0.033831909
0.034045584
0.033974359
0.033618234
0.033012821
0.032229345
0.031410256
0.030555556
0.02977208
0.029166667
0.028810541
0.028774929
0.028988604
0.029415954
0.02991453
0.031160969
0.031695157
0.032193732
0.03258547
0.032763533
0.032549858
0.031873219
0.030769231
0.029273504
0.027564103
0.025783476
0.024252137
0.023041311
0.02232906
0.022008547
0.021972934
0.022115385
0.022222222
0.022293447
0.022257835
0.022115385
0.021972934
0.021830484
0.021652422
0.021331909
0.020762108
0.01994302
0.018839031
0.01755698
0.016096866
0.014636752
0.013176638
0.011645299
0.010078348
0.008368946
0.006552707
0.00462963
0.002635328
0.000605413
-0.001424501
-0.003418803
-0.005270655
-0.006695157
-0.007514245
-0.007549858
-0.006801994
-0.005448718
-0.003739316
-0.001923077
-0.000178063
0.001246439
0.00210114
0.002065527
0.001103989
-0.000641026
-0.002920228
-0.005235043
-0.007051282
-0.008084046
-0.008262108
-0.00772792
-0.006801994
-0.005698006
-0.004700855
-0.003881766
-0.003276353
-0.002849003
-0.002635328
-0.002635328
-0.00295584
-0.003561254
-0.004415954
-0.005448718
-0.006588319
-0.00772792
-0.008653846
-0.009152422
-0.008974359
-0.008012821
-0.006374644
-0.004273504
-0.001958689
0.00042735
0.00267094
0.00462963
0.006125356
0.006944444
0.007051282
0.006552707
0.005662393
0.00462963
0.003881766
0.003561254
0.003774929
0.004451567
0.005377493
0.006410256
0.007371795
0.008012821
0.008297721
0.008119658
0.007514245
0.006695157
0.005911681
0.005413105
0.00548433
0.006267806
0.007621083
0.009366097
0.011289174
0.01292735
0.014031339
0.014387464
0.013995726
0.013069801
0.011858974
0.010541311
0.009366097
0.008333333
0.00744302
0.006623932
0.005840456
0.005021368
0.004309117
0.003668091
0.003205128
0.002920228
0.00267094
0.002172365
0.000925926
-0.001353276
-0.004700855
-0.009009972
-0.013782051
-0.018376068
-0.022115385
-0.024608262
-0.025854701
-0.026103989
-0.025747863
-0.025249288
-0.024893162
-0.02485755
-0.025035613
-0.025391738
-0.025747863
-0.025961538
-0.025890313
-0.025320513
-0.024109687
-0.022257835
-0.019907407
-0.01727208
-0.014565527
-0.012037037
-0.00997151
-0.008582621
-0.007905983
-0.00787037
-0.008226496
-0.008760684
-0.009259259
-0.009650997
-0.009900285
-0.009900285
-0.009437322
-0.008440171
-0.006837607
-0.004700855
-0.00224359
0.00042735
0.003098291
0.005626781
0.007799145
0.009294872
0.00982906
0.009401709
0.008119658
0.006232194
0.004131054
0.002065527
0.00042735
-0.000605413
-0.000997151
-0.000819088
-0.0002849
0.000356125
0.000997151
0.001531339
0.001923077
0.00224359
0.00252849
0.00281339
0.003169516
0.003490028
0.003739316
0.003810541
0.003632479
0.003205128
0.002599715
0.001923077
0.001210826
0.000569801
-3.56125E-05
-0.000569801
-0.001032764
-0.001424501
-0.001673789
-0.001851852
-0.001923077
-0.001923077
-0.001958689
-0.002065527
-0.002457265
-0.003205128
-0.004309117
-0.005662393
-0.007193732
-0.008760684
-0.010292023
-0.011716524
-0.013069801
-0.014316239
-0.015420228
-0.016132479
-0.016203704
-0.015562678
-0.014173789
-0.012286325
-0.010042735
-0.007763533
-0.005555556
-0.003490028
-0.001638177
7.12251E-05
0.001353276
0.001923077
0.001424501
-0.000106838
-0.002564103
-0.005662393
-0.009009972
-0.012179487
-0.01460114
-0.015562678
-0.014636752
-0.011787749
-0.00744302
-0.002136752
0.003418803
0.008440171
0.011787749
0.01235755
0.009650997
0.003881766
-0.004131054
-0.013319088
-0.022649573
-0.030769231
-0.036075499
-0.037393162
-0.034472934
-0.028169516
-0.020405983
-0.013247863
-0.008226496
-0.005804843
-0.005733618
-0.006837607
-0.007407407
-0.005876068
-0.001282051
0.006339031
0.016096866
0.026246439
0.034116809
0.037286325
0.034508547
0.026139601
0.013817664
0.000391738
-0.010861823
-0.01755698
-0.018803419
-0.015349003
-0.008796296
-0.001103989
0.006160969
0.012179487
0.016417379
0.018447293
0.017913105
0.014779202
0.009437322
0.00267094
-0.004451567
-0.010363248
-0.013675214
-0.013710826
-0.010719373
-0.005947293
-0.001139601
0.002065527
0.002777778
0.001103989
-0.002029915
-0.005128205
-0.006980057
-0.006980057
-0.005163818
-0.002172365
0.000961538
0.003525641
0.00505698
0.005555556
0.00548433
0.005306268
0.005519943
0.006267806
0.00758547
0.009116809
0.010470085
0.011146724
0.010861823
0.009615385
0.007656695
0.00534188
0.003027066
0.000925926
-0.000890313
-0.00224359
-0.002884615
-0.002457265
-0.000747863
0.002172365
0.005840456
0.009508547
0.012286325
0.013603989
0.013354701
0.011752137
0.009366097
0.006730769
0.004309117
0.00238604
0.001068376
0.000462963
0.000498575
0.000997151
0.001780627
0.002599715
0.003276353
0.003632479
0.003668091
0.003418803
0.002991453
0.002564103
0.002136752
0.001851852
0.001709402
0.001745014
0.001923077
0.002172365
0.002492877
0.002777778
0.003062678
0.003347578
0.003668091
0.003988604
0.004380342
0.00477208
0.005092593
0.005270655
0.00519943
0.004843305
0.004309117
0.003596866
0.002884615
0.002172365
0.001531339
0.001032764
0.000676638
0.000498575
0.000569801
0.000854701
0.001317664
0.001851852
0.002421652
0.002884615
0.003133903
0.003169516
0.002849003
0.002350427
0.001673789
0.000961538
0.000391738
3.56125E-05
-0.000106838
-3.56125E-05
0.00014245
0.000391738
0.000569801
0.000641026
0.000569801
0.000391738
0.00014245
-7.12251E-05
-0.000249288
-0.0002849
-0.0002849
-0.000213675
-0.00014245
-3.56125E-05
0
3.56125E-05
7.12251E-05
0.000106838
0.00014245
0.000178063
0.000249288
0.000320513
0.000391738
0.000462963
0.000498575
0.000569801
0.000605413
0.000641026
0.000641026
0.000641026
0.000605413
0.000569801
0.000498575
0.00042735
0.000356125
0.000320513
0.0002849
0.000249288
0.000213675
0.000178063
0.00014245
7.12251E-05
0
-7.12251E-05
-0.000106838
-0.000178063
-0.000213675
-0.000249288
-0.000249288
-0.000249288
-0.000249288
-0.000249288
-0.000249288
-0.000249288
-0.000249288
-0.000249288
-0.000249288
-0.000249288
-0.0002849
-0.0002849
-0.0002849
-0.0002849
-0.0002849
-0.0002849
-0.0002849
-0.0002849
-0.000320513
-0.000320513
-0.000320513
-0.000320513
-0.000356125
-0.000356125
-0.000356125
-0.000391738
-0.000391738
-0.000391738
-0.000391738
-0.000391738
-0.00042735
-0.00042735
-0.00042735
-0.00042735
-0.000462963
-0.000462963
-0.000462963
-0.000498575
-0.000498575
-0.000498575
-0.000498575
-0.000498575
-0.000534188
-0.000534188
-0.000534188
-0.000534188
-0.000534188
-0.000534188
-0.000534188
-0.000569801
-0.000569801
-0.000569801
-0.000569801
-0.000569801
-0.000569801
-0.000569801
-0.000569801
-0.000569801
-0.000605413
-0.000605413
-0.000605413
-0.000605413
-0.000605413
-0.000605413
-0.000605413
-0.000605413
-0.000605413
-0.000605413
-0.000605413
-0.000605413
-0.000605413
-0.000605413
-0.000605413
-0.000605413
-0.000641026
-0.000641026
-0.000641026
-0.000641026
-0.000641026
-0.000641026
-0.000641026
-0.000641026
-0.000641026
-0.000641026
-0.000641026
-0.000641026
-0.000641026
-0.000641026
-0.000641026
-0.000641026
